Experiment	1	-12.15174877530113	11.96161122469887	21594	7	[[[ 1.50138792 -1.40015165  0.50317433]
  [-0.74854932  1.49928019 -2.5       ]
  [ 0.4544773  -1.50361672 -0.15920914]
  [-0.61021938 -1.39077728 -0.02762434]
  [-0.36319776 -0.46446006  0.29822127]
  [ 0.44672966 -1.26499443  0.92365875]
  [ 0.25210754  0.55812272  0.72173129]
  [ 0.76747049 -0.40395484  0.39627522]
  [ 0.19185603  0.23085491 -0.83671127]]]
Experiment	2	-13.304631247195315	10.808728752804685	24050	8	[[[-0.08532702 -0.99380151 -0.1461693 ]
  [-1.42984435 -0.06771335 -0.37076812]
  [-0.01106814 -2.07155069 -0.60480877]
  [-1.82186239 -0.21870462  0.69305431]
  [-0.05850334 -0.49046198 -1.46483754]
  [-0.13882958 -1.43516788  1.27682122]
  [-0.77902171 -1.19922167 -0.89623827]
  [-0.27345444  0.15092278 -0.01343094]
  [-1.06470343 -0.8881973   0.36272151]]]
Experiment	3	-14.651905092279856	9.461454907720144	16380	8	[[[-2.5        -0.73278808  0.18949285]
  [-0.95679186 -0.23096167  1.83360985]
  [-2.08824881  0.29946273  0.33920603]
  [-1.10074376  0.76306657  0.78288935]
  [-2.45770814 -1.61771306  1.71243617]
  [-1.89718019  0.13268181  1.38418248]
  [-0.96110493 -0.40704257  0.54321927]
  [-1.74523068 -1.01764872  1.04593557]
  [-0.93036695  0.95219337  2.32040246]]]
Experiment	4	-12.624143363265443	11.489216636734557	22500	7	[[[ 0.39090641  0.87392531 -0.35409459]
  [ 0.55955825  1.53556715 -1.13249467]
  [-1.31871153  1.0017242  -0.45439878]
  [-0.24231347 -0.16529193  0.64871701]
  [ 0.42202728  0.2583493  -1.25826938]
  [ 0.93941884  0.38371814 -2.13290855]
  [-0.51098937  1.21743831 -1.04879014]
  [ 0.503338   -0.42595484 -0.09386204]
  [-0.44877409 -0.10037173 -0.37543568]]]
Experiment	5	-13.007907601847936	11.105452398152064	24017	8	[[[ 0.17294522  2.11467749 -0.11143932]
  [-1.17499628  0.33140723 -0.21409101]
  [-0.71846996  2.5         0.26564517]
  [-1.42421329  1.66617761 -0.02707051]
  [-0.58354159  0.46516319  0.73894796]
  [-0.26858383  2.12475941  1.2431571 ]
  [-0.48593814  1.184485   -0.14121143]
  [-1.40389266  1.13653601  1.01076569]
  [ 0.87282384  1.3412539  -2.32350785]]]
Experiment	6	-12.712023808682517	11.401336191317483	44889	7	[[[-0.41725614  0.87069646  1.95566016]
  [-2.06214825 -0.80587734  2.16970916]
  [-0.2573819  -0.13913616  1.34658511]
  [-1.36321645  0.23622222  1.81102078]
  [-0.42671078  0.2916446   0.24774249]
  [ 0.45525149  1.12223599  0.70755678]
  [-0.98445321  1.14852622  1.02409566]
  [-1.18333404 -0.76125198  1.46341527]
  [-1.05646468  2.10209544  2.3604635 ]]]
Experiment	7	-14.644553333721975	9.468806666278025	35884	8	[[[ 0.69129445 -0.96091178  1.52279274]
  [ 1.66684216  0.8907045   1.12280254]
  [-0.04727379 -1.39280322  0.53990705]
  [-0.90836727 -1.26180366  1.26521964]
  [-0.22494881  0.68680326  1.92680178]
  [-0.21879312 -0.36689086  0.86970212]
  [-0.39817549 -0.46340424  1.92383993]
  [ 0.811814   -0.64566399  0.10835284]
  [ 0.54377133  0.24581204  1.42362398]]]
Experiment	8	-12.586700077132631	11.526659922867369	78759	9	[[[-1.41867064  1.16990371 -2.01175154]
  [-1.4019079  -0.13533689 -1.42574718]
  [-0.91439609  1.52228378 -0.8656495 ]
  [ 0.09879344  1.38469666 -1.5489075 ]
  [ 0.43990392  2.5        -1.06425728]
  [-2.03066343  0.72285554 -1.18060745]
  [-0.38832104  0.60011379 -0.8932821 ]
  [ 0.28188034  1.0202928  -0.19870454]
  [-1.06186314  0.22863214 -2.5       ]]]
Experiment	9	-12.245689010944334	11.867670989055666	39948	7	[[[ 1.45088352  1.32366427  1.7264588 ]
  [-0.55241885  0.37201832 -0.78853583]
  [-1.25359839  0.30266272 -0.01105334]
  [-0.32177955 -0.09482355  0.16077191]
  [-1.1287965  -0.73187444 -0.2320937 ]
  [-1.05338601 -0.20724786  1.09011575]
  [ 0.46933219  0.35142994 -0.59661187]
  [-2.5        -1.36839973 -0.44933219]
  [-2.07181632 -0.59266065  0.44487804]]]
Experiment	10	-13.297469320673533	10.815890679326467	88529	7	[[[ 0.3640941  -1.33873192  1.24005294]
  [ 0.15173461 -1.26176427  2.44967473]
  [ 2.31878038 -0.5992586   2.04367769]
  [ 1.77909838 -1.73021175  1.98817034]
  [ 0.50730031 -2.26903668  2.37549434]
  [-0.44870219 -0.63094494  1.41164907]
  [-0.47417877 -1.23650135  0.09559276]
  [-0.52982353 -1.91694353  1.59691351]
  [ 1.11441949 -0.8086251   2.0574845 ]]]
Experiment	11	-13.190279751059862	10.923080248940138	56734	7	[[[-0.89204329  0.98406548  0.86377672]
  [-0.74671097  0.60785851 -0.4324842 ]
  [-0.58697665  1.21295012 -1.3900255 ]
  [-0.74342838 -0.18656782  0.49155982]
  [ 0.15552333  0.44962628  0.71758816]
  [-0.54434341  2.04076924  0.93198401]
  [-0.10959544  1.53083097 -0.09474965]
  [ 0.11167006  2.11281434 -1.12144957]
  [-0.34318673 -0.65618793 -0.82100987]]]
Experiment	12	-12.348630212237646	11.764729787762354	36509	5	[[[ 0.05197603  0.8941174  -2.5       ]
  [-1.17001965 -1.38056681  0.07431012]
  [ 0.45675126  0.27410763 -1.72070652]
  [ 0.64841558  0.2199144  -0.42890427]
  [ 1.68415115  0.12890084 -0.86259991]
  [ 1.59436214  1.79147878 -1.61873777]
  [ 1.90199388  1.186151   -0.69657975]
  [ 0.89879919  2.1010225  -0.47981261]
  [ 0.91962982  1.08746591 -1.1447825 ]]]
Experiment	13	-13.579136777260244	10.534223222739756	14541	8	[[[ 0.37177186 -0.36381672 -0.94611535]
  [-0.43782709 -1.0300566  -0.81275852]
  [-1.05949074 -1.18719568  0.18759099]
  [ 0.06210204 -0.26224855  1.4223293 ]
  [-0.13227849 -0.48583552  0.17948085]
  [-0.2885507  -1.29694262  1.11507744]
  [-0.47273359 -2.02203353  0.1892914 ]
  [ 0.17360982  1.23065297 -0.07986504]
  [-0.87307982  0.02890815 -0.55289171]]]
Experiment	14	-12.971309578059682	11.142050421940318	37607	7	[[[-1.9821479  -2.5        -1.1620299 ]
  [-0.51436713 -1.80312827 -1.36238829]
  [-2.5        -0.49646191 -1.70078496]
  [-1.14461816 -2.20343046 -2.11817689]
  [-1.99309321 -1.41280989 -2.04470918]
  [-2.5        -1.48520024 -1.11962809]
  [-1.04776219 -1.07433011  0.30099784]
  [-1.00529982 -2.13981866  0.12085854]
  [-1.35781435 -1.05452866 -0.90977656]]]
Experiment	15	-11.527845459988974	12.585514540011026	46277	6	[[[ 0.24407037 -0.56067826 -0.65220313]
  [-1.40455724 -1.11507103  2.26441142]
  [-1.66482466 -1.12829625 -0.89920083]
  [-1.12467655 -0.5731652  -0.14627224]
  [-0.36682891 -1.81588231 -0.27012438]
  [ 0.01662984 -1.04239964  0.26895555]
  [-0.09233127  0.25565338  0.29082987]
  [-0.85113012 -0.74030671  0.98188754]
  [ 0.97381229  0.02702598 -0.10213491]]]
Experiment	16	-12.763868006414889	11.349491993585112	29111	7	[[[ 1.88405219  1.29596873 -0.22073257]
  [ 0.36086231  0.2384014  -0.57068302]
  [ 1.47559246  0.33829216 -0.4941868 ]
  [ 1.17893534 -0.59260579 -0.72867903]
  [ 1.03499134 -1.39491134  1.4149087 ]
  [ 1.71666698 -0.81222845  0.15269121]
  [ 0.13126805 -0.77991921 -0.46576137]
  [ 1.85582646 -0.81780274  2.08978655]
  [ 0.80979489 -0.16301197  0.26912788]]]
Experiment	17	-13.206488456846436	10.906871543153564	51396	7	[[[-0.44095764 -1.77368462  0.4313918 ]
  [-1.64555534  0.63937095  0.12461208]
  [-0.16070271 -0.65353126  0.00966721]
  [-1.55472207 -0.51662848  0.71798365]
  [-0.9593588  -1.03237535 -0.51142109]
  [-0.58072152  0.28680775  0.46688908]
  [-1.46867851 -2.13546062  0.7209567 ]
  [-0.72723986 -1.15811618  1.37485412]
  [-2.08060468 -1.44706265  0.18817452]]]
Experiment	18	-12.588116001149315	11.525243998850685	27838	8	[[[-2.5        -0.91025004 -0.04478005]
  [-0.67561911  0.10832343 -1.36080092]
  [-1.19194728 -1.00177016 -1.61434879]
  [-1.64567881  0.53505717 -0.71185773]
  [-1.29283983 -0.47910183 -0.07380924]
  [-2.01771446 -0.64207279 -0.95481934]
  [-0.56465697  0.29850552 -0.25858837]
  [-2.49254053  0.41301589  0.19690462]
  [ 1.55606331  1.59456978  1.26511687]]]
Experiment	19	-13.066743648782285	11.046616351217715	67555	8	[[[-0.47780667  0.34436054  2.21558003]
  [-1.14261275  1.2770212   2.19105764]
  [-0.93692006  2.22824099  0.82430458]
  [-0.23574922  1.45952     1.41417054]
  [-1.20531631  0.54380792  1.31053786]
  [-1.94460545  1.78568424  1.42005655]
  [-0.37048245 -0.83201519  1.41950246]
  [-1.58931726  0.04744092  0.40944631]
  [-1.63992099 -0.46920284  1.37274614]]]
Experiment	20	-12.437520775788876	11.675839224211124	40654	7	[[[ 0.4552757   0.54780402  0.55388853]
  [ 2.47553988  0.90470184  2.5       ]
  [ 0.78269604  1.04041132  2.42106147]
  [ 0.10166432  0.6675186   1.54377716]
  [ 0.49560947  1.77742216  0.59709329]
  [-0.60721073  0.5424592   2.5       ]
  [ 1.30678582  0.77173701  1.21414395]
  [ 0.31476696 -0.10287245  2.5       ]
  [-0.28361199  1.20230772  0.01767862]]]
Experiment	21	-12.799539925236893	11.313820074763107	4678	9	[[[-0.94092584 -0.48419777 -1.69784053]
  [-1.05621132  0.65640262 -0.14549762]
  [ 0.10781186 -0.74117539 -1.51404964]
  [-0.61439861  0.72252863 -1.28859504]
  [-1.79871182 -0.05961283 -1.31462948]
  [ 0.0950031   0.63609386 -2.39070434]
  [-1.60190822  0.9093968  -1.5626035 ]
  [-1.1503756   0.44844103 -2.5       ]
  [-1.27427014  1.65723067 -0.91745168]]]
Experiment	22	-12.144034678809701	11.969325321190299	9842	8	[[[-0.03820059 -0.04511941 -0.21874936]
  [-0.04618526  1.25406831  1.42317574]
  [ 1.39735535 -0.10372555  1.47042466]
  [ 0.33972841  0.20032392  1.05828351]
  [ 0.75824773  1.80488427  1.49114736]
  [ 1.28138546  1.00021963  1.11284093]
  [ 0.34773295  1.05616092  0.39072185]
  [ 0.44938427  1.86382125 -0.4646713 ]
  [ 1.29121579 -0.06416632 -0.0154568 ]]]
Experiment	23	-13.450745744516373	10.662614255483627	30495	7	[[[ 0.39217276 -1.24971554  1.47474472]
  [ 0.66820373 -2.5         1.60494031]
  [ 1.09677373 -0.44127732  2.18196911]
  [ 1.47134977 -0.45541155  1.10415482]
  [ 1.80366636 -1.78769535  2.4533001 ]
  [ 1.39747983 -1.53911645  1.40075593]
  [ 2.5        -0.81435267  1.45504113]
  [ 1.02954465 -2.49226295  0.56876364]
  [ 2.00860346  0.29753552  2.26118874]]]
Experiment	24	-11.901870288719158	12.211489711280842	11351	8	[[[-0.85631592  0.94076802 -1.18126583]
  [-2.27159577  1.07464423  0.0112903 ]
  [-0.53385208  0.16529786 -0.46266831]
  [-1.40891686 -0.16515081  0.26097024]
  [-0.92740864 -0.93430665  1.58937911]
  [-1.2126455   0.96203596  0.05681492]
  [-2.5        -0.1456745  -0.13721686]
  [-1.47980745  0.10089366 -1.31859751]
  [-1.2093557  -1.0679651  -1.17283088]]]
Experiment	25	-12.445226089288886	11.668133910711115	14360	8	[[[ 1.33084864  0.31504146  0.09535074]
  [ 2.09626332 -2.14384741 -0.63805022]
  [ 1.48191036 -0.44626114 -0.99041952]
  [-0.40745253  0.7480307   1.36302859]
  [ 0.47630373 -1.20345028 -0.65672587]
  [ 0.35101489  0.0383592  -0.39009734]
  [-0.67362269  0.46371858  0.31135678]
  [ 0.78068126 -0.68348201  0.38074408]
  [ 0.32425315  0.98192902  0.42945274]]]
Experiment	26	-12.143640885052328	11.969719114947672	74628	7	[[[-2.17572659  1.25381225 -0.37763484]
  [-1.35767834  0.71253349 -1.05932548]
  [-0.23072874  0.00320925 -1.03530957]
  [ 0.14301251  1.44124713 -2.01996357]
  [-0.01064766  1.09046436 -0.64867605]
  [-0.81454949  1.79232224 -1.07027403]
  [ 2.5        -2.14170634 -0.69005408]
  [-0.2176085   0.49353462 -2.02453387]
  [-1.10702002  1.28169488 -0.14528501]]]
Experiment	27	-12.93809555110819	11.17526444889181	74711	4	[[[-1.13339169e+00  2.00210772e-03  1.45181711e-01]
  [-1.45125176e+00  1.09962320e+00 -1.14006048e+00]
  [-1.61415314e+00  9.43479258e-01  6.31552950e-01]
  [-2.35265155e+00  4.95196490e-01  1.24941471e+00]
  [-1.51297209e+00 -9.15350858e-04  1.70086743e+00]
  [-1.98071141e+00 -5.80335536e-01  7.46557115e-01]
  [-2.50000000e+00  1.86135442e-01  1.77729928e-01]
  [-1.47927150e+00  2.50000000e+00  4.00866796e-01]
  [-2.01066552e+00  1.31524918e-02 -8.82520179e-01]]]
Experiment	28	-11.96739730423575	12.14596269576425	56574	7	[[[ 0.11515779 -1.11921237  1.19411968]
  [ 0.17607833  0.10506204  0.39561725]
  [ 1.54008801  1.61488239 -0.10116297]
  [ 0.7250136   1.05528243  0.82529624]
  [ 0.63176292  0.9457158  -0.24037435]
  [ 0.88516539 -1.21630699  1.75596398]
  [ 1.87121656  1.26413587  0.93919036]
  [ 1.51782127  0.31100711  0.01188375]
  [ 1.2825264  -0.12705127  1.13614925]]]
Experiment	29	-12.272545044983577	11.840814955016423	73632	8	[[[-0.57987606  1.04918201 -1.15637791]
  [ 0.73383314 -0.56238285 -0.5927687 ]
  [-0.96031039  0.29285695 -0.24697891]
  [-1.17737481 -0.20526867 -1.27552952]
  [ 1.06993814 -0.02268294  0.35229435]
  [ 0.09563666  0.71984001 -0.40477712]
  [ 0.58746899 -1.42820243 -1.42265674]
  [-0.22327957 -0.45180278 -0.96731079]
  [ 0.60054477  0.04142151 -1.883464  ]]]
Experiment	30	-13.179387810518241	10.933972189481759	10122	8	[[[ 0.32772151 -1.08282532 -0.53855408]
  [-1.66172664  0.09236838  0.78513255]
  [-0.54342506 -0.2406315   0.69011639]
  [ 0.05769743  0.26239204  1.62492708]
  [-0.40325621 -1.44190522  0.53603614]
  [ 0.40882546 -1.89575473  1.36424881]
  [-1.34048543 -0.98212742  1.25249123]
  [ 0.46696044 -0.83200415  0.86067146]
  [-0.22653722 -1.34994696  2.09752209]]]
