Experiment	1	-15.179327064513911	8.934032935486089	83748	4	[[[-1.37103188  0.4116279   0.82844342]
  [ 0.59916353 -0.36297686  1.11773828]
  [-1.07547934  0.43454649 -0.75413208]
  [-1.07013854  1.40470317  0.09535171]
  [-0.38322923  0.45783723  0.27367128]
  [ 0.30584574  1.10715858  0.9016229 ]
  [-0.36112153  0.16563507  1.34408176]
  [ 0.07791597  0.20811699 -0.60577823]
  [-0.47224394  1.33418486 -0.89147781]]]
Experiment	2	-14.910005218728998	9.203354781271003	20480	7	[[[ 0.14383803  0.15050899 -0.92462562]
  [-0.15066764  1.14604318 -0.42709656]
  [-0.24349291  0.8650634  -1.7581884 ]
  [ 0.89618652  0.78947168 -0.31240901]
  [ 0.6109648   1.68591193 -1.05211244]
  [-0.98654519  0.03177645 -1.19106326]
  [-0.97596587  1.61190992 -1.14866962]
  [ 1.07583621 -0.68929276 -0.23881573]
  [-0.54510826 -0.4832231  -0.31289   ]]]
Experiment	3	-14.318301981197239	9.795058018802761	81191	4	[[[-0.12916046 -1.10720043  2.5       ]
  [-0.82017555 -0.20544231  2.5       ]
  [-0.69812046 -0.60963246  1.35308248]
  [-0.33125467  0.11687411  0.40546724]
  [ 0.44871296 -0.59246136  1.10902251]
  [-0.96105175  0.0766059  -0.57777109]
  [ 0.51151634 -0.79380419 -0.06220024]
  [ 0.237242    0.22163414  1.96848002]
  [-0.56930677 -1.05443028  0.27660099]]]
Experiment	4	-14.606574758914194	9.506785241085806	83060	5	[[[ 1.33775564 -0.07543149 -2.15926607]
  [-0.56531562 -0.9727633  -1.446866  ]
  [-0.38770299  0.38819849 -1.11748731]
  [-0.89399559 -1.81832171 -0.8010329 ]
  [ 0.22514142 -0.25534115 -1.78592718]
  [ 0.1931758  -1.88178352 -1.52206281]
  [ 1.22654498 -1.09008047 -1.41686882]
  [ 0.71714547  0.11726496 -0.68833534]
  [ 0.12470526 -1.2103388  -0.71288149]]]
Experiment	5	-14.291292255370292	9.822067744629708	29075	6	[[[ 0.90421079 -1.71491005 -0.33084893]
  [-0.15490436 -1.21370439 -0.52362294]
  [ 0.98082203 -1.09185579 -1.18953065]
  [ 0.50631274 -0.36785004 -0.44937347]
  [ 0.33891548 -1.87893698 -1.77015024]
  [-0.35491939 -0.72133605 -1.54142786]
  [ 1.39730412 -1.97514027 -1.52990969]
  [-1.5587357  -1.32984239 -2.5       ]
  [-1.03037186 -1.57265493 -1.47041403]]]
Experiment	6	-14.538043836534934	9.575316163465066	64464	6	[[[ 0.79362522  1.64583594 -0.84082821]
  [-0.16198939  0.88410193 -1.36530333]
  [-0.30606879  0.96810202 -0.26836288]
  [-0.12956353 -0.14690631 -1.73286972]
  [ 0.74240066  0.42893046 -0.69321964]
  [ 0.40077256 -0.74705145 -0.25085854]
  [ 0.86242163 -1.15052027 -1.09234915]
  [ 0.91117654  0.87940167 -1.71384643]
  [-0.50879818 -0.43072661 -0.67002996]]]
Experiment	7	-13.71528027255893	10.39807972744107	28633	7	[[[ 1.32489519 -0.3300155   0.11527974]
  [ 0.55077811  0.50826451  0.32942211]
  [ 1.53284042  0.23917739  1.02915197]
  [-0.15919685 -2.27365374 -0.56272632]
  [ 0.23042424 -0.85070094  0.39678162]
  [ 1.15204187 -1.15742843  0.72984898]
  [ 0.44677955 -0.11459902  1.10323706]
  [-0.07022171 -0.01641499 -0.43079845]
  [-0.6881688  -0.98989929 -0.12499953]]]
Experiment	8	-14.973071600500667	9.140288399499333	8084	9	[[[ 0.08542461 -0.73895265 -0.71684495]
  [ 0.66805139  0.96976143 -2.11902942]
  [ 0.06185101  0.37188843 -0.30675656]
  [ 0.74724933 -0.27829528 -1.36087246]
  [-1.11489405  0.05723263 -0.71783599]
  [-1.47300994 -0.03020667 -1.67986297]
  [-0.56723482  1.02279983 -1.06689476]
  [-0.32965434  0.02936602 -1.59705387]
  [ 1.09648287  0.48895517 -0.72604086]]]
Experiment	9	-14.81962781774442	9.29373218225558	17492	8	[[[-0.15067882  0.17474713  2.5       ]
  [-1.47679587 -0.14597295  0.95859818]
  [-2.07196744 -0.11157901  0.03788338]
  [-2.5         0.30834576  0.90966994]
  [-0.96714887 -0.30639503  0.10284641]
  [-1.22662236 -1.27707497  0.95813681]
  [-2.5        -0.77302833  0.78754824]
  [-1.65823427 -0.90929692  1.93753323]
  [-0.87318579 -0.16261914  1.77127839]]]
Experiment	10	-13.809304832314607	10.304055167685393	77346	5	[[[ 0.11464637 -0.45403431  1.7125191 ]
  [ 1.80254365  0.5897619  -0.21160965]
  [ 0.52715004 -0.43737918 -0.40540976]
  [ 1.44117013 -0.91666606 -0.3650381 ]
  [ 1.14533062  0.97803364  0.52226064]
  [ 0.6985769  -1.40992163  0.58772763]
  [ 1.54006869 -0.07894871  0.58684914]
  [ 0.53748257  0.80647569 -0.54899002]
  [ 0.39134283 -0.22549957  0.70072048]]]
Experiment	11	-13.911727566223375	10.201632433776625	55176	7	[[[-0.39170795 -0.29178964 -1.25852028]
  [ 0.69750668  0.46515525  0.28503322]
  [ 0.95869778 -1.22561257 -0.45536748]
  [-1.1561646   0.10687084 -0.65554153]
  [-0.96662423 -1.19385214 -0.57605198]
  [-1.80146579 -0.32687287  0.41624962]
  [-0.05467204 -1.70637336  0.04208602]
  [-0.99871458 -1.09329906  0.47320978]
  [-0.19446414 -0.53886269 -0.18364659]]]
Experiment	12	-14.541735852103002	9.571624147896998	40931	7	[[[-1.68676505  0.63584825  0.46744927]
  [-0.72722484  0.48878882 -0.06197652]
  [-1.97361979  0.76831752 -0.8821867 ]
  [-0.91222493 -0.02650777  1.80997298]
  [-1.56062465 -0.43262247 -0.78590374]
  [-1.03408524 -0.30394517  0.55466893]
  [-0.48670557  0.6584589   1.11257822]
  [-2.5        -0.10821775 -0.04387959]
  [-1.48951399  1.12348871  1.56913397]]]
Experiment	13	-14.870109736177081	9.243250263822919	14404	8	[[[-0.97699839  0.41314667  0.67372127]
  [-0.21687309  0.91664632  1.22529849]
  [-2.28727785  0.07297895  1.22941855]
  [-0.00619997 -0.16396929  0.52329533]
  [-1.75463865  1.25700991  1.51625108]
  [-0.9561856  -0.93159914  1.06423007]
  [-0.99475996 -0.0662038  -0.43653024]
  [-1.74516976 -0.5861277   0.41736707]
  [-1.17335531 -0.04303589  1.63891293]]]
Experiment	14	-15.283677842696536	8.829682157303465	42397	8	[[[ 0.09283074 -2.5         1.40170477]
  [ 0.63972015 -0.7625334   0.27802456]
  [-0.0164711  -1.49112441  0.71851561]
  [ 0.40153314 -1.12121367  1.60847372]
  [ 0.11294809 -1.95083027  2.5       ]
  [-1.14103227 -1.7625914   1.43924935]
  [ 1.26110717 -1.57513153  2.27717286]
  [ 1.03135011 -1.96707138  1.24503303]
  [ 1.26749066 -0.57553956  1.08466955]]]
Experiment	15	-14.193851214772494	9.919508785227507	44048	8	[[[-0.62433718 -0.4418356   1.0126837 ]
  [-1.07053099  0.62913166  1.20047934]
  [-1.47600185  0.41179334 -0.60591545]
  [-0.35828551  0.59422822 -0.77456761]
  [-1.58458828 -0.13246605  0.43503285]
  [-2.17583638 -0.78892684 -0.04503977]
  [ 0.5120618   0.18499183  0.64763694]
  [-0.85363816  0.92357238  0.10395961]
  [-0.16794453 -0.35005017 -0.03631059]]]
Experiment	16	-16.455544952811493	7.657815047188507	44657	7	[[[-0.07333249  0.06123155 -0.58452206]
  [-0.49700787 -0.65334433  1.49950065]
  [-1.19933712 -0.43948458 -0.57829912]
  [-0.48084577 -0.03547502  0.40490963]
  [-1.17051252 -0.8594152   0.64336753]
  [-1.37042165  0.01042958  1.57526318]
  [-0.30176477 -1.01683026  0.11986695]
  [-1.73523861 -1.32334821 -0.17793711]
  [-2.17895513 -0.32198753  0.00383968]]]
Experiment	17	-14.402929889738884	9.710430110261116	16328	8	[[[ 0.05840394  2.30767932  0.72717711]
  [ 0.94643199  0.37414343  0.45521512]
  [-1.66317749 -2.36735634 -2.5       ]
  [ 0.46518221  2.29378747  2.0086652 ]
  [ 0.96951936 -0.3285352   1.34981733]
  [ 0.2725522   1.18885841  0.43181629]
  [-0.11597516  1.51712917  1.49498285]
  [ 0.01815608  0.3981282   1.13183627]
  [ 1.07046825  1.42933223  1.18049165]]]
Experiment	18	-14.68747801794141	9.42588198205859	31470	7	[[[ 0.25341539 -0.94552284  1.77728065]
  [-0.6448369  -0.27567783  1.27724383]
  [-1.37890263  0.46596548  1.84156837]
  [-0.42966104  0.35661071  2.35669445]
  [-1.94217384 -0.15732159  0.94459445]
  [-0.04141642 -0.57760558  0.33208973]
  [-1.06913975  0.34697114  0.5075811 ]
  [ 0.29436982  0.12306624  1.47190174]
  [-0.29292975  0.36828777 -0.14550052]]]
Experiment	19	-13.560472003262717	10.552887996737283	53998	7	[[[ 0.1063527  -1.20879387 -0.21518364]
  [-0.7982996  -0.44509569 -0.35748005]
  [-0.46718935 -0.30219581  0.91244819]
  [-1.07754477  0.26147601 -1.20114752]
  [ 1.29184537 -0.81185968 -0.69981684]
  [ 0.13763939 -0.25410616  0.11801141]
  [-1.27232123  1.09912261 -0.48166064]
  [-0.74760893  0.56543358  0.24613398]
  [-0.07146995 -0.72272056 -1.15194922]]]
Experiment	20	-14.655408345347459	9.457951654652542	81279	6	[[[-0.65577848 -0.64118247  1.75781552]
  [-0.58276517 -1.42996912  0.25445429]
  [ 0.36357774 -0.61820957  0.9392007 ]
  [ 0.68951654  0.28499747  0.15791978]
  [-0.46042333 -1.27537279 -0.77783141]
  [-1.40641672 -0.87870463 -0.58838111]
  [ 0.33502148 -0.81805908 -0.11175283]
  [-0.45136991 -0.13060617  0.36841821]
  [ 0.24931206 -1.78595505  1.1983403 ]]]
Experiment	21	-13.354471693334789	10.758888306665211	21640	7	[[[ 0.50763199  0.64436725  1.51715212]
  [ 1.33730008  0.17426796  0.75088112]
  [ 1.99650638 -1.90778698 -1.72246709]
  [ 0.20397739  0.98169899  0.40613498]
  [ 1.14178837 -0.73399916  1.22891332]
  [ 1.32981682  0.80466992 -0.25782886]
  [ 0.79359579  2.12000993  0.32673867]
  [ 0.23765301 -0.15040966  0.78349591]
  [ 1.03018265  1.29512717  0.92088042]]]
Experiment	22	-14.241671010600175	9.871688989399825	53484	8	[[[-0.73753355  0.82976371  0.05406739]
  [-0.0936216   0.22222675 -0.55545273]
  [ 0.89992527  0.46034797 -0.09444466]
  [-1.06447911 -0.35718004 -0.34081721]
  [ 1.47965903  1.10664487 -1.4219138 ]
  [ 0.63196669  1.39136194 -0.69686951]
  [ 1.76835505  0.16465669 -0.8833238 ]
  [ 1.72449157  0.30505215 -2.2847696 ]
  [ 0.52313464  0.40720808 -1.49744745]]]
Experiment	23	-13.594622847070136	10.518737152929864	61487	8	[[[ 7.08287669e-04  1.66219045e+00 -1.01781416e+00]
  [ 3.11019058e-01  2.42557458e+00 -5.20973938e-02]
  [-1.04989334e+00 -1.87068357e+00 -3.62033705e-01]
  [ 1.01567004e+00  1.79728235e+00 -5.68013269e-01]
  [ 4.21006843e-01  8.73899492e-01 -6.43455925e-01]
  [-1.10659298e+00  2.00986029e+00 -4.65293648e-01]
  [-2.21822330e-01  5.56972274e-01 -1.47149972e+00]
  [-2.80409330e-01  1.50951845e+00  8.75817610e-02]
  [ 8.14410134e-01  1.39465031e+00  5.07209200e-01]]]
Experiment	24	-15.008805311075465	9.104554688924535	37460	7	[[[ 0.54365235 -0.58156152  0.03182976]
  [ 1.51135733  0.09628311 -0.28490417]
  [ 1.54218424 -0.74811315  0.40616173]
  [ 0.97331389  0.22216881  2.21393339]
  [ 1.60626326 -0.37987093  1.44936837]
  [ 0.22341392  0.52194986 -0.14307143]
  [ 2.23718078  0.73174051  2.04221396]
  [ 0.39514826 -0.08712183  1.26580977]
  [ 0.97216349  0.54880102  0.59656112]]]
Experiment	25	-15.922781926174105	8.190578073825895	18276	7	[[[ 0.17479066 -0.5078754  -0.59362788]
  [ 0.19935753 -1.04322173 -1.55155102]
  [ 1.13147997 -0.53900209 -1.31761934]
  [-0.62884072 -1.12342084 -2.32876918]
  [-0.09848915  0.06404672 -2.5       ]
  [ 1.29860231  0.62853333 -1.30251787]
  [-0.56022345 -1.70974628 -1.06765782]
  [-0.81595714 -0.44419047 -1.21895947]
  [ 0.03199412  0.18310385 -1.33401663]]]
Experiment	26	-14.525128289490068	9.588231710509932	43144	8	[[[-2.5         1.83464491 -0.17648756]
  [-2.47945696  1.19159684  0.59599448]
  [-1.18843303  1.40589849  0.40193683]
  [-0.42039401  0.52021756  0.42747561]
  [-1.54692894  0.12185678  0.46082062]
  [-0.98776898  0.12331031 -0.48956688]
  [-0.95449735  0.89836491  1.33131601]
  [-0.66207908  1.27499894 -0.93510184]
  [-1.98470897  0.69598161 -0.54167621]]]
Experiment	27	-14.95198972697328	9.16137027302672	28588	7	[[[-0.46192566  2.5        -0.23699258]
  [ 0.11663914  1.68662685  0.65060169]
  [-0.79355526  0.69265468  1.0606384 ]
  [-1.05256045  1.63456791  0.57193852]
  [-0.49823304  1.19740695 -0.52506004]
  [-1.8814351   1.42839308  1.23100857]
  [-0.9541785   1.69659662  1.68684855]
  [-0.79272429  2.10497388 -1.15924041]
  [-1.79176602  0.51390927  0.49786259]]]
Experiment	28	-14.535997584563521	9.577362415436479	15265	8	[[[ 0.32072627  1.48236036  1.05080553]
  [-0.53639514  1.99321418  0.48691885]
  [ 1.17045413  1.10479777  0.51716752]
  [-0.78985438 -0.82675768  0.14109918]
  [ 1.62422397 -0.34658922  0.61344584]
  [ 0.61248267  0.39464956  1.31967438]
  [ 0.6274743  -0.09694369  0.22479689]
  [-0.36772153  0.44423686  0.75327526]
  [ 0.27128156  1.40333799 -0.07486353]]]
Experiment	29	-15.494974142627896	8.618385857372104	76740	8	[[[ 0.31711794 -2.00616187  2.5       ]
  [-0.14990615 -1.74630478  1.33601471]
  [ 1.6671206  -2.15853236  0.54949012]
  [ 0.60188158 -2.46445139  0.89077538]
  [ 0.01060983 -2.05607252  0.13995692]
  [ 0.57042313 -0.98346681  1.91825694]
  [ 1.47196502 -1.69158816  1.55658265]
  [ 0.57118069 -0.04676485  1.25073355]
  [ 0.67663321 -1.33375227  0.55013505]]]
Experiment	30	-14.608203072857606	9.505156927142394	59651	8	[[[-0.42769364 -0.50061921  1.08163919]
  [-0.6845661   0.62572227  1.00791048]
  [-0.14155958  0.91732214  0.22922871]
  [-1.26626469 -0.25779985  0.521622  ]
  [-0.46277032  0.02639927 -0.28299851]
  [-1.75364423  0.6465501   0.95048408]
  [-0.96394564 -0.79662885 -0.77850178]
  [-0.77802336 -1.12457391  0.33347541]
  [ 0.53994037 -0.12605603  0.54106674]]]
