Experiment	1	-14.673045553634363	9.440314446365637	38425	6	[[[ 1.01083571 -0.50391468 -0.07515371]
  [ 0.01516493 -0.45398442  0.28761953]
  [-0.33913867 -0.04635911 -0.73738253]
  [ 1.23247429  0.19870484  0.84684002]
  [ 1.41169124  0.26965833 -1.04695418]
  [-1.16997108 -0.31619019  0.77764397]
  [ 0.68799074 -0.77083424  1.24543106]
  [ 0.69071019  0.53376749  0.06457671]
  [ 0.19644892  0.25436531  1.01990496]]]
Experiment	2	-14.814405461184101	9.298954538815899	65257	4	[[[-0.64405812 -1.31472495 -1.75508267]
  [-1.0306664  -0.59337043  0.59077058]
  [ 0.37415456  0.5359163  -1.10752388]
  [-0.76606312 -0.07679841 -0.60801879]
  [-1.18036345  0.60830768  0.28506647]
  [-1.84893294 -0.17905763 -0.17637161]
  [-0.0900221  -0.86005554  0.04294464]
  [-0.66775018  0.97199581 -0.63379485]
  [-1.23302973 -1.1863293  -0.44116416]]]
Experiment	3	-14.376470932161707	9.736889067838293	74693	7	[[[-2.42961138 -1.32235275 -1.33309292]
  [-1.52427443 -0.67726776 -1.62161977]
  [-0.53908167  0.11921455 -1.24720378]
  [-0.47850293 -1.36631095 -1.10177558]
  [-1.95089509  0.37776828 -1.31042212]
  [-2.12322081 -0.58120958 -0.69185188]
  [-1.1816196   0.3865153  -0.34574072]
  [-2.4454768  -1.32234052  0.09964748]
  [-1.22712648 -1.08947451 -0.45131776]]]
Experiment	4	-14.358850087419958	9.754509912580042	65295	5	[[[-0.69055516 -0.93628646  1.92167796]
  [ 1.23669809  0.32089654 -0.01864879]
  [-0.66951479  0.1641829   2.25932906]
  [ 0.46973743 -0.06817056  1.76524715]
  [-1.67233162 -0.97951945  2.03240032]
  [-0.21234474  1.00848668  1.4656639 ]
  [-1.5406242  -0.07427137  1.60728551]
  [ 0.32031818  0.24460657  0.74896575]
  [-0.54593876 -0.17352872  1.22079508]]]
Experiment	5	-15.373992799677957	8.739367200322043	63842	4	[[[-0.54287531  0.46655266  0.04471222]
  [-0.16984965  0.94822821 -0.85701307]
  [-0.86788911  1.82185103 -1.54492108]
  [ 0.28428951 -0.20538662 -1.19271003]
  [-1.08175006 -0.47766794  0.30274986]
  [-0.16850281  0.80990447 -1.96791604]
  [ 1.08807451  0.4350953  -0.51544315]
  [-0.80667473 -0.22128493 -0.79674219]
  [ 0.30594405 -0.26274841 -0.14582509]]]
Experiment	6	-14.63218683546274	9.48117316453726	41225	7	[[[-0.79979867  1.05862254  0.63809844]
  [-1.67750919  0.55883783  1.45509223]
  [-1.6071751  -1.24870705  0.56176345]
  [-0.65726104  0.11517303  1.38375903]
  [ 0.21449591  0.61753767  0.59520096]
  [-0.43562888 -0.86164935  0.65044384]
  [-1.6804728   1.42957494  0.10354358]
  [-0.43749573  1.587939   -0.2605193 ]
  [-1.28686153 -0.01786503  0.44903516]]]
Experiment	7	-14.220090070194946	9.893269929805054	54728	6	[[[-0.05424421  1.36084162  2.12820037]
  [ 0.75582818 -0.04632304  1.82710243]
  [-0.25835908  1.37605912  0.76822833]
  [-0.14139229  2.5         1.04464   ]
  [ 0.32623521 -0.14184196  0.6098589 ]
  [ 0.89362205  0.80930285  0.90084848]
  [-0.59614488 -0.64062734  1.02271953]
  [-1.13819783  1.23193331  1.44529271]
  [-0.30483139  0.38049729  1.24580924]]]
Experiment	8	-14.98739355546806	9.12596644453194	5207	9	[[[-0.26649115 -1.15078522 -0.90712939]
  [-0.50560046 -0.07887995 -0.96277821]
  [-0.20128661 -0.57939613  0.18449407]
  [ 0.72135145  1.77624731 -0.82950371]
  [ 0.26244149  0.07983144 -2.04018123]
  [-0.12044256  0.94928928 -1.36201556]
  [ 0.5103927   0.43805292 -0.47884757]
  [ 0.65232076 -0.36395447 -1.25564916]
  [ 1.15177955  0.85952844 -1.51126327]]]
Experiment	9	-15.351861242506182	8.761498757493818	5356	9	[[[-0.29765334 -2.06213173  0.16984858]
  [-0.96319969 -0.96526135  0.49864873]
  [ 0.38827643 -1.23435368 -0.08311843]
  [-1.01187142  0.72297184 -0.14389137]
  [-0.53074241 -0.38625489 -0.38228432]
  [-0.80215117 -1.79186753 -1.55271291]
  [-1.59621876 -0.610064   -0.28243461]
  [-1.10165195 -1.53849939 -0.3694444 ]
  [-0.12829198 -1.04798235 -1.18082138]]]
Experiment	10	-15.089774942853133	9.023585057146867	49878	7	[[[ 0.16390221 -0.59400634  0.64397013]
  [-1.39290697  0.57843244 -0.08645619]
  [-0.77736959 -1.34341587 -1.26009432]
  [ 0.86144433 -0.9788483  -0.1526647 ]
  [-0.03321    -1.48392726  0.04585934]
  [ 0.0985016  -2.00847994 -0.94345482]
  [-0.69136517 -0.48246816 -0.50066654]
  [ 0.2147966  -0.86186542 -1.05490436]
  [ 1.37153576 -0.77713775  0.91399578]]]
Experiment	11	-15.407209245852435	8.706150754147565	14738	8	[[[-0.26077199 -0.80732524 -0.31889809]
  [-1.28027945 -1.08233535  0.54504376]
  [-1.98353716 -0.60743638 -0.14053778]
  [-2.5        -1.13559145  0.84732707]
  [-0.37009997 -1.03970978  1.03244742]
  [-1.17878266 -1.38062236  1.84463655]
  [-1.83130075 -0.56911008  1.46757402]
  [-1.223148   -1.66014259 -0.4341443 ]
  [-1.02112055 -0.02168499  0.55901692]]]
Experiment	12	-15.047193610016944	9.066166389983056	45016	7	[[[ 1.7364219  -2.21061787  0.23789697]
  [ 0.29898781  0.52307952  2.44102923]
  [ 2.26326148  0.66478924  1.9234899 ]
  [ 1.32899916  0.96984726  2.49902264]
  [ 1.31566877 -0.07297318  2.5       ]
  [ 2.12428488 -0.14483456  0.91341826]
  [ 0.98829129 -0.68794127  0.90176665]
  [ 1.20792159  0.32129837  1.53239649]
  [ 1.97004753 -0.69774303  1.81617783]]]
Experiment	13	-14.758883267806565	9.354476732193435	4552	9	[[[ 0.03832557 -0.35340783 -0.6799383 ]
  [-0.9573885  -0.70696929 -1.23038557]
  [-2.00643517  0.03880938  0.25602476]
  [ 0.05973385 -0.39571656  0.6351008 ]
  [ 1.12016727 -0.45529757 -0.73248137]
  [-1.00480685 -0.01015683 -0.16168293]
  [ 0.68809099 -1.33996607 -0.1213363 ]
  [ 0.96792918  0.23688253  0.34234913]
  [-0.57237937 -1.13313431 -0.13082293]]]
Experiment	14	-15.366317016361801	8.747042983638199	21691	7	[[[-0.42664373 -0.96101715  0.31413975]
  [-0.21568346 -1.69909613  1.04133844]
  [ 0.51292251 -1.45573423  0.20572579]
  [ 0.30256974 -0.38389971 -0.31722636]
  [-0.30666966 -0.70932071  1.45212473]
  [-0.47316346 -0.89438522 -0.87899246]
  [-0.34884813 -2.26630818 -0.10856346]
  [ 0.11331696 -1.73907489 -0.98876505]
  [ 1.15477048 -2.34999153 -1.07593089]]]
Experiment	15	-15.081592421693088	9.031767578306912	85413	3	[[[ 2.33065739  2.26284667  1.17887522]
  [ 1.27545707  2.5        -0.25493264]
  [ 1.34006005  1.10154106 -0.34118992]
  [ 2.02476863  1.64093672  0.4603854 ]
  [ 2.5         0.75931391  1.09425539]
  [ 0.71263102  1.77592374  0.27939029]
  [ 0.73985127  1.36406056 -1.2776763 ]
  [ 1.33737721  2.5         0.90031183]
  [ 1.58072027  1.41827605  1.34628911]]]
Experiment	16	-14.449613133758996	9.663746866241004	74427	7	[[[-1.79864783 -1.3006034   1.17515798]
  [-1.5009229   0.8057849   0.44685766]
  [-1.05243057 -2.5        -0.70144288]
  [-0.19712417 -1.98462168  0.01586503]
  [-1.09335817 -2.2642097   0.66736109]
  [-0.90969143 -0.68304984  0.76948696]
  [-1.82086828 -0.22491313  0.86577219]
  [-1.2969954  -1.57228007 -0.05679742]
  [-1.38878576 -0.31773537 -0.10338538]]]
Experiment	17	-14.468358490360199	9.645001509639801	8296	9	[[[ 1.52709853  0.46287748  2.5       ]
  [ 0.26759311  1.83884328  1.11234388]
  [ 0.95165734 -0.21966938  1.8357026 ]
  [ 0.56111865  0.81656706  0.79522781]
  [-0.34629259  0.57346329  1.38051526]
  [ 0.66181435  0.50623612 -0.41070729]
  [ 0.94944115  1.11239948  1.84912509]
  [ 1.33947122  0.11282608  0.36918685]
  [ 0.21094121 -0.40112461  0.90130795]]]
Experiment	18	-13.538894915191275	10.574465084808725	36671	6	[[[ 0.24267824  1.09696068 -1.52173353]
  [ 1.03097575  2.05579767 -0.57898884]
  [ 0.33580295  1.96427266  0.45822876]
  [-0.5800598   1.68596526  0.79129573]
  [ 1.45248913  1.40024062  0.17267197]
  [-0.82272057  0.74328851 -0.12263769]
  [ 1.93207717  1.58685273 -1.09731802]
  [ 1.02195678  0.98461051 -0.73087149]
  [-0.3853101   1.83089413 -0.34887605]]]
Experiment	19	-14.950095604382184	9.163264395617816	5225	9	[[[ 0.59702797  1.37525346 -0.97666105]
  [ 0.58161638  0.43535788 -0.40836843]
  [ 1.0743212   2.36334419 -0.82980078]
  [ 1.75937651  0.0900318  -0.2547236 ]
  [-0.13387916  1.98737857 -1.3953623 ]
  [-0.24116742  1.73090705 -0.18461846]
  [ 0.93904418  1.39914434  0.07285736]
  [-0.31152944  0.75158711 -1.64800923]
  [-0.04188289  0.86728132  0.52116665]]]
Experiment	20	-14.013888867435542	10.099471132564458	89017	8	[[[-1.19622186 -0.7272358  -0.36566584]
  [-0.1620218  -0.80418776 -0.1859322 ]
  [-0.38812232  0.14417048 -0.5848537 ]
  [ 0.28344688 -0.69884357  0.7777154 ]
  [-0.85825379 -1.42066227  0.41385213]
  [ 1.19914071  0.00334499  0.29848503]
  [ 0.87584115 -0.80789064 -0.41533198]
  [-0.4960739  -2.5         0.77433611]
  [-0.42052263 -1.7104213  -0.66267695]]]
Experiment	21	-14.621328938984767	9.492031061015233	89339	6	[[[-0.8837174  -0.28406329  1.92100141]
  [-0.36050769  0.50713159  2.49003758]
  [-1.35217321 -0.04080277  0.89666076]
  [-1.96002673 -0.40767246  2.01031951]
  [-2.26695102 -1.43891624  2.19286602]
  [-1.43642434 -1.250389    1.47878321]
  [-1.12345677 -1.21046059  2.5       ]
  [-2.43280698 -0.40855103  0.91718661]
  [ 2.34952489 -1.21347387 -2.12376328]]]
Experiment	22	-14.033754837261759	10.079605162738241	40551	8	[[[ 1.26745479  0.10412526  1.88988069]
  [ 0.62486988 -0.10381519  0.98301145]
  [ 0.07080433  0.37629342  1.75769986]
  [ 0.32825619 -0.70885188 -0.02387874]
  [ 1.12500129 -1.19361333 -0.78024364]
  [ 1.44058426 -0.3430748   0.10544248]
  [ 0.32328971 -0.74075701  1.84743435]
  [-0.64433638  0.15960178  0.61412453]
  [ 0.50428639  0.65756957 -0.04191923]]]
Experiment	23	-13.817365024712416	10.295994975287584	36034	8	[[[ 0.50327926 -0.05673574 -1.47509335]
  [ 0.0408479  -0.39586702 -0.55931379]
  [-0.3827749   0.6367085  -1.55140674]
  [-0.28042824 -0.57668619  0.5432801 ]
  [ 0.2895485   0.92328046 -0.75922214]
  [ 0.86124108 -0.05168813 -0.08258612]
  [ 1.78165839  0.32851428 -0.33869826]
  [ 1.50536855 -0.95722197 -0.22857644]
  [ 0.45000669 -1.25976017  0.17381036]]]
Experiment	24	-14.396161576870895	9.717198423129105	40160	7	[[[-0.01492958  1.06834104  0.12733924]
  [-0.47108631  0.49713762 -0.85647548]
  [-1.41208656  0.60739442 -0.53645942]
  [ 0.72984057  0.63076735 -0.46864379]
  [-0.90773967 -1.40219379  0.39069822]
  [ 0.14092213 -0.37859595 -0.53991308]
  [-0.51985277 -0.00472588  0.19476613]
  [-1.35617936 -0.58503479 -0.96671511]
  [-1.57419396 -0.55398035  0.22118033]]]
Experiment	25	-14.197984898421849	9.915375101578151	70935	6	[[[-0.71336077 -0.13984527 -1.38223134]
  [ 0.61069695  0.25916447  0.14634587]
  [-0.24161475  0.83905605  0.06143074]
  [ 1.32678361 -0.35111968 -0.56038666]
  [ 0.09718982 -1.18977813 -0.06221665]
  [ 0.38251204  0.34131666 -0.9790915 ]
  [-0.19049745 -0.27005129 -0.36931129]
  [-0.22890668 -0.43251003  0.68398614]
  [ 1.66532894  0.21732153  0.86565321]]]
Experiment	26	-15.581262895858924	8.532097104141076	18604	8	[[[-0.62043911  2.28494936 -1.44824287]
  [-1.04924945  0.50819285 -0.46816633]
  [-1.18045629  1.42109683  0.36716202]
  [-0.03065572  1.55829295 -0.88753677]
  [ 0.47428585  2.5        -0.1254347 ]
  [-0.72749026  0.8956109  -1.45802116]
  [-1.33133089  1.63575547 -0.70433464]
  [-0.72321257 -0.21018353 -1.23067278]
  [-1.83086102  0.65851006 -1.19482476]]]
Experiment	27	-15.690413549468762	8.422946450531239	25687	7	[[[-0.13399101  1.75415319  0.42832543]
  [-0.74183825 -0.4888318   0.09087792]
  [ 0.09518163  0.64023479 -0.12731659]
  [ 0.85803912  1.56545064 -0.18876453]
  [ 0.09980276  1.48108036 -1.03378108]
  [-0.23854756  0.75960308  0.91912758]
  [-0.93659719  1.23747982 -0.3935596 ]
  [-1.2264906   0.433913    0.28673939]
  [ 1.12863783  0.27050177 -0.30552756]]]
Experiment	28	-14.805357149155583	9.308002850844417	41877	8	[[[ 0.46151787 -0.48665218 -0.43571674]
  [ 0.55494079 -1.16688443  1.26850518]
  [-0.28396096  0.71135555 -0.23442969]
  [-0.42705719 -1.31931022  1.6222995 ]
  [ 0.13942826 -1.37559056  0.23323581]
  [ 1.30907964 -1.47064518  0.41807229]
  [-0.1145013  -0.27212666  0.83894677]
  [ 0.87183606  0.52885201 -0.39507259]
  [ 0.91261031 -0.19275515  0.74553613]]]
Experiment	29	-15.39037131183883	8.72298868816117	17988	8	[[[ 0.1193246   0.91625083 -0.18127189]
  [-0.43668622  0.09947805 -0.71378002]
  [-0.01479116 -0.82293218  0.58071896]
  [ 0.79272277  0.19463746  0.17021623]
  [-0.37077071  1.33807191  1.03435021]
  [-0.34817791  0.28289687  0.47866012]
  [ 0.73402468  1.58529971  0.52445932]
  [-1.0211503   1.05197732 -0.39043922]
  [ 0.54644361  0.60423555  1.48623001]]]
Experiment	30	-14.188897498145229	9.924462501854771	45704	7	[[[ 1.18288104  0.3993983  -0.89278892]
  [-0.74317573  0.19811276 -0.13377496]
  [ 0.80157087  0.90222629  0.29982054]
  [ 1.69441865 -0.64216799 -0.90152351]
  [ 0.18805615 -0.07577572 -0.68759382]
  [-0.53913932 -0.95657749 -0.53547968]
  [ 1.11412083 -0.12932295 -0.00187529]
  [-0.76181218 -0.02960211 -1.61649988]
  [ 0.38939221 -0.89009534 -1.33660963]]]
