Experiment	1	-13.427128643850503	10.686231356149497	57441	7	[[[ 1.00927185 -0.86148787  0.66386772]
  [ 1.80826947 -0.03874633  0.72458431]
  [ 2.5         0.69204454  1.22070912]
  [ 0.06156582 -0.38207727  0.5841439 ]
  [ 1.76226395  0.50959738  1.95190864]
  [ 0.79918153  0.47473656  0.50606431]
  [ 1.27602498  1.26216759 -0.6244916 ]
  [ 1.78769496  0.07248225 -0.78388974]
  [ 0.79482935 -0.0030406   1.45093732]]]
Experiment	2	-11.807568006095112	12.305791993904888	46901	5	[[[-1.1343966  -0.47495818  0.73288045]
  [-0.54113941 -0.58912717 -0.3058084 ]
  [ 0.38978706 -1.1563502   2.33278877]
  [-0.24914465 -0.99449631  1.30038634]
  [-1.30853159 -1.07027652  1.66852009]
  [ 0.10566737 -2.21085962  0.98181978]
  [-0.82679957 -1.7935396   0.78970464]
  [-1.87743856  0.55448803  1.42887457]
  [-0.33121356 -0.35190319  2.5       ]]]
Experiment	3	-13.45965959115724	10.65370040884276	43772	8	[[[ 0.97886783 -0.714832    0.89281525]
  [ 2.13803745  1.03716137 -0.02650225]
  [ 1.6903973   0.01935181  0.40238123]
  [ 0.29591859  0.22291696  1.2110436 ]
  [ 0.3411996  -1.90066096  0.66217464]
  [ 1.11466619  0.47036539 -0.38941325]
  [ 0.84543895 -0.78246272 -0.14439896]
  [ 0.34221849  0.65036282  0.26265973]
  [ 1.42702596  0.85434645  1.10512079]]]
Experiment	4	-12.449699895510376	11.663660104489624	70048	7	[[[ 0.82794737 -1.95453001 -0.6998409 ]
  [ 0.21479563 -1.13748075  0.69227611]
  [ 0.04140541  1.18257365 -0.51403903]
  [ 0.51741576 -0.13222754  0.87386631]
  [ 0.18432487 -1.03467056 -0.349653  ]
  [-0.77776087 -0.46229182  0.10851069]
  [ 0.77169448  0.08525125 -0.08560189]
  [-0.08341368  0.0105234  -0.73406611]
  [-1.25794156 -1.29820947  0.65813025]]]
Experiment	5	-11.899241392731648	12.214118607268352	40049	8	[[[ 0.23232251  0.97411511 -1.64552164]
  [ 0.61482362  1.48219339 -2.5       ]
  [ 1.41509013  0.20226406 -1.46141542]
  [ 0.71878562  0.43202012 -0.75665244]
  [-0.36366926  0.77539315 -0.6326228 ]
  [ 1.96518025 -0.59369144 -2.32373728]
  [ 0.07678052 -0.30373572 -1.63874706]
  [-0.10720587 -0.21678621 -0.47999446]
  [-0.02963601  1.92625645 -1.40264189]]]
Experiment	6	-13.000460721909764	11.112899278090236	46850	6	[[[-0.53669493 -0.90813134 -2.12396551]
  [-1.34336151 -0.07624357 -1.86624652]
  [-1.04756982 -0.6591824  -1.06612466]
  [-2.27246062  0.09072768 -1.01667445]
  [-0.23729657 -1.1901224  -0.49135683]
  [-1.26530354 -1.700974   -1.98000189]
  [ 0.5506871  -0.88938085 -1.01730612]
  [-2.02685428 -1.08177166 -1.40746923]
  [ 0.16095121 -1.79931325 -1.86649514]]]
Experiment	7	-13.841272387644947	10.272087612355053	66456	6	[[[-1.53186944  1.00121675 -0.07817591]
  [-1.57275321 -0.41442505  0.41906777]
  [-0.519865   -0.05188454  1.43925438]
  [-1.47281255 -0.57529353  1.64766654]
  [-1.57091737  0.57116601  1.22232087]
  [-0.82750082  0.50754855  0.48777737]
  [-1.59073525  0.79855604 -1.36923184]
  [-0.35209754 -0.84169274  0.62878343]
  [ 0.13127901  0.92081174  1.16097992]]]
Experiment	8	-12.524333063681665	11.589026936318335	80730	8	[[[ 0.61278106 -1.52106243 -0.13378238]
  [ 1.691304   -1.08548062 -0.3916647 ]
  [ 0.55636898 -1.53739162  0.99865406]
  [ 1.01573655 -0.49776593  0.1952105 ]
  [ 2.5        -1.70305147 -0.8492979 ]
  [ 0.05692977 -1.69000766 -1.08027862]
  [ 1.20309676 -1.95283123 -0.89956913]
  [ 2.0081985  -2.5        -1.89260668]
  [ 1.97426763 -1.01365225 -1.95490191]]]
Experiment	9	-12.558096056046832	11.555263943953168	56514	8	[[[ 0.68877513  1.3482231   0.13136636]
  [-0.48932042  0.0376098   1.07285725]
  [ 0.20894149  1.38170022  1.02684068]
  [-0.53079241  0.00449693  2.1980568 ]
  [ 0.50030679  2.49290044  0.57217702]
  [-0.47122908  1.03986103  1.75128665]
  [ 0.43440693  0.47246823  2.38525456]
  [ 0.93815389  0.24077067  0.92143384]
  [ 1.00393018 -0.29817251  1.84883663]]]
Experiment	10	-12.496314440015388	11.617045559984613	7387	9	[[[-2.24477929  1.29554635 -0.43668866]
  [-0.85182198 -1.31286797  0.9949746 ]
  [-0.55396288  0.32479427 -0.21439335]
  [ 0.30687874 -0.08771961 -0.74181583]
  [-0.23445247 -0.71616606  0.46835111]
  [-1.29891468  0.45076829 -1.05386973]
  [-1.27931765  0.8905512   0.28648256]
  [-1.77102391 -0.01323115  0.00836552]
  [-0.48780618  0.31434018  0.89511905]]]
Experiment	11	-13.441203273950558	10.672156726049442	86390	7	[[[ 0.34185767  1.01883016 -0.65224778]
  [-1.03071587  2.19257967  0.38805657]
  [-2.18331363  2.17530961  0.23946185]
  [-1.98999035  1.41605285 -0.53059706]
  [ 0.54969377  0.61479708  0.46356491]
  [-0.28216708  1.25694643  0.18826822]
  [-1.01445453  1.66990039 -0.70154336]
  [-0.6006534   1.51048605  1.61530269]
  [-1.36276657  0.87647856  0.13166391]]]
Experiment	12	-11.91228121412516	12.20107878587484	47038	5	[[[-0.29939324  0.63755663  2.5       ]
  [-1.05172385  1.21948461  0.74244523]
  [ 1.35419213  0.32573801  0.93341999]
  [ 0.08593829 -0.03823305  1.32929895]
  [ 0.09994069  0.33780358  0.26671406]
  [-0.97976949  0.12753577  0.83426618]
  [-0.11930189 -0.96861466  2.03411104]
  [-0.30268692  1.13525954  1.62179012]
  [-1.18453003  0.46994575  1.71703129]]]
Experiment	13	-14.481924259614367	9.631435740385633	31690	6	[[[-2.5        -0.08556777  0.53447633]
  [-1.19695657 -1.26060635  0.99012568]
  [-0.76995696 -0.12875225  0.89279528]
  [-0.146072   -0.93939371  0.48464487]
  [-1.45527178 -0.29200066  0.10684519]
  [-1.66207519 -0.74880901 -0.88655807]
  [-2.3305746  -1.04952006  1.16459911]
  [-2.5        -1.29056141  0.19325892]
  [-0.52049559 -0.79222998 -0.49495539]]]
Experiment	14	-12.201716136944935	11.911643863055065	8530	9	[[[-1.47693096  0.98013428 -1.44725855]
  [-1.31432896 -0.04700181 -0.48428811]
  [-2.5        -0.98220615 -1.23286131]
  [-2.21450384  0.54169585 -0.47855683]
  [-1.33887555  0.83828686  0.14588806]
  [-2.5         1.59535732 -0.41216147]
  [-1.61510649 -1.11705947 -0.02487323]
  [-0.27409201  0.31409757 -0.14511256]
  [-2.43356912  1.10973207  0.48906789]]]
Experiment	15	-13.380198688213444	10.733161311786557	8430	9	[[[-0.52537304 -0.59368056 -0.78014432]
  [-1.68120959  1.50893244 -1.05318684]
  [-0.38313014  0.64464351 -1.07886618]
  [-1.94504557  0.4815453  -2.5       ]
  [-2.06373916  0.08628511 -1.502221  ]
  [-0.97854294  0.03629493 -2.03937346]
  [-1.38231884  0.42219391 -0.70177468]
  [-2.5         2.5        -1.17592982]
  [-1.3192431   0.93297533 -1.82903842]]]
Experiment	16	-12.835707425535343	11.277652574464657	49396	6	[[[-0.97558151  0.8040894  -2.17871224]
  [-2.5         1.59660575 -1.64561493]
  [-1.19832103 -0.09787649  0.66418079]
  [-0.4577102   0.51664252  0.88204394]
  [-1.61074927  1.59378638 -0.98242294]
  [-0.50881764  0.52327874 -0.16295615]
  [-0.51032812  1.31973506 -1.23674222]
  [-1.36449512  1.95850041 -1.95437181]
  [-1.27875563  0.55848212 -1.0624237 ]]]
Experiment	17	-13.569436089379389	10.543923910620611	14418	8	[[[-0.43443686 -0.80020008 -1.67271166]
  [ 0.28547309  0.00742806 -1.77300264]
  [-0.60814613 -0.14247854 -2.5       ]
  [-1.58306836 -0.55030308 -0.31516326]
  [-0.74175841 -1.48166623 -2.5       ]
  [ 0.27045407 -1.06478305 -2.5       ]
  [-0.48281533 -0.27866531 -0.18823131]
  [ 0.51785293  0.45073463 -0.62953068]
  [-1.19325658  0.21054904 -1.34004247]]]
Experiment	18	-12.907358195074394	11.206001804925606	44732	9	[[[-1.28033397 -0.45227572  0.97020982]
  [-0.9911412  -1.41026595 -0.55420076]
  [-0.55153052  0.20244826 -1.0450062 ]
  [-1.19683518 -1.81223488 -1.4528161 ]
  [-1.83173568 -2.25014766 -2.5       ]
  [-1.09719772 -0.76331177 -1.32635902]
  [-0.6627749  -0.41726717 -0.05278909]
  [-0.03645564 -1.00614636 -0.94189421]
  [-0.07484387 -0.79951555 -2.03980075]]]
Experiment	19	-12.381759918658048	11.731600081341952	21023	8	[[[ 1.79724753 -0.54531241  0.83850504]
  [-0.82278365  0.60314303  0.24790101]
  [ 0.48362635  0.30272011  0.72018208]
  [ 0.11839794 -0.7946848   0.76514191]
  [ 0.27059238  0.99278055 -0.22543646]
  [ 0.26105169  0.04693544 -0.68345612]
  [ 1.26452354  1.57150977  0.06513109]
  [ 0.28499233  1.91235317  0.74936925]
  [ 0.99364517 -0.42178374  0.12208815]]]
Experiment	20	-11.783795852506334	12.329564147493667	35379	8	[[[-0.56423589 -0.13103521  0.5818562 ]
  [-1.20432178 -1.56302393  0.72973342]
  [ 0.5304534  -0.7294361   0.21509378]
  [ 0.66207493 -0.94381632 -0.81471659]
  [-0.73757317 -1.00501049 -0.2093018 ]
  [ 0.72153856  0.64418524 -0.28055119]
  [-1.01162303 -0.28279062 -1.0318836 ]
  [ 0.26243049 -0.97228794  1.91380688]
  [-0.01634722 -0.19743018 -0.4225241 ]]]
Experiment	21	-13.011656603302301	11.1017033966977	11206	8	[[[ 0.68683395  1.24703106 -1.66987993]
  [ 1.42535573  2.13080341 -0.68215438]
  [ 1.53951748  1.58818713  0.2577214 ]
  [ 0.29901302  1.06655415  0.21306464]
  [-0.13860179  0.18939436  0.59627577]
  [-0.3455662   1.39981364 -1.06066692]
  [-0.278074    0.3000459  -0.40591379]
  [ 0.75937294  2.32440107  0.20432646]
  [ 0.39749535  2.17671589 -0.96467287]]]
Experiment	22	-11.829131639910782	12.284228360089218	30020	7	[[[-0.91904624 -0.33030586  0.61447017]
  [-0.35036801  0.53006685  1.39491515]
  [-2.25734691  2.03740233  2.5       ]
  [-1.12775322  1.30938384  0.63801851]
  [ 0.35228877  1.03175571  0.09681295]
  [ 0.2908606   0.064579    0.52677925]
  [-2.5         0.43090276  1.3552191 ]
  [-0.08893334 -0.49720164 -0.39327767]
  [-0.57756101  0.53461323 -0.07298895]]]
Experiment	23	-12.602487368972739	11.510872631027262	27460	8	[[[-0.54443103  2.5        -1.94001563]
  [ 0.70768452  1.33094095 -0.62945547]
  [ 1.4869707   0.8613552  -1.41307987]
  [ 1.72414123  1.34663765 -0.03637785]
  [ 0.8722382   2.24717552 -0.17543671]
  [-0.14810772  1.50005304 -0.13387062]
  [ 0.47819842  0.97785327 -1.61765625]
  [-0.65755805  1.39817432 -1.36886063]
  [ 0.27495893  2.5        -1.16399727]]]
Experiment	24	-13.610584749455967	10.502775250544033	58922	8	[[[-2.15302902  1.21565289 -1.19434273]
  [-0.71692892  0.84986183 -1.79318469]
  [-0.4207288   1.93855875 -1.15719316]
  [-1.130482    1.43186596 -0.44422183]
  [-1.78441256  2.5        -1.36432008]
  [ 0.60553484  1.2459958  -1.45926215]
  [-1.00652948  2.07512895 -2.03722715]
  [-1.79094999  1.11217074 -2.24269639]
  [-1.98693446  2.31780584 -0.21767531]]]
Experiment	25	-12.309416405659068	11.803943594340932	59884	8	[[[ 0.2684006   2.00180223 -2.07349549]
  [ 0.01088533  2.5        -0.93936091]
  [ 2.05258764  0.8028181  -0.55541015]
  [ 0.61903358  0.85106594 -0.05974234]
  [ 0.11618996  2.19890837  0.13182225]
  [ 0.17740894  1.49334977 -0.74157697]
  [ 1.2239918   2.42353795 -0.72009539]
  [ 1.70208636  1.42348986  0.23780799]
  [ 1.59496594  0.38882838  0.5138197 ]]]
Experiment	26	-12.104012345724335	12.009347654275665	17394	9	[[[-0.942791   -0.45946919 -1.15281425]
  [-1.77705005 -0.72978013 -0.34649851]
  [-1.96532961  1.02769235  0.36738857]
  [-0.67079972  0.10080724 -0.08361074]
  [-1.01202934 -2.01765776  1.28835309]
  [-1.07761433 -1.42470224 -0.58784655]
  [-0.91880627 -0.90398572  0.55604976]
  [-1.69103299  0.44075511 -0.47540089]
  [-2.12578197 -1.89022071  0.39189544]]]
Experiment	27	-12.967657128622198	11.145702871377802	65020	6	[[[-2.30824163  1.94824819 -0.03621314]
  [-1.64096592  1.45202301  0.86215531]
  [-1.3092072   0.30739244 -1.06016558]
  [ 0.04570868  0.4034868  -0.94730043]
  [-0.60474279  1.35174917 -1.33065357]
  [-0.85898926  1.47651377 -0.01223865]
  [-0.53869376  0.37665955  0.06882576]
  [-1.8138589   1.06908503 -0.21021891]
  [-0.00349393 -0.62616613  0.17936955]]]
Experiment	28	-13.079193391553385	11.034166608446615	75905	6	[[[-1.53876312  0.3799926   1.17219663]
  [-1.07671746  0.49082012 -1.51763595]
  [-0.41402548  0.30394504 -0.75457359]
  [-0.00554279  0.19091119  0.41959891]
  [-1.02493869  0.33797676  0.20441422]
  [-2.40209519  0.2703664  -1.01707008]
  [-0.91197899 -0.70736417  0.22091175]
  [-2.05625169  0.56350762  0.07591352]
  [-0.98451906  1.34217523 -0.32632437]]]
Experiment	29	-12.918444813218445	11.194915186781556	39198	7	[[[ 2.5        -1.36297198 -1.86483048]
  [ 1.9762415  -0.31592854 -2.5       ]
  [ 0.96071442  0.74025    -0.97231762]
  [ 1.03729139 -0.22787403 -0.27657147]
  [ 0.80595053  0.1540869  -2.0580614 ]
  [ 1.12523274 -0.51202461 -1.3238331 ]
  [ 2.36686439  1.50701795 -0.33345582]
  [ 1.93090661  0.42925816 -0.53667047]
  [ 1.96661591 -0.81405576 -0.66591921]]]
Experiment	30	-12.697880891511373	11.415479108488627	32664	7	[[[ 0.5412683  -1.15062247 -0.65907492]
  [ 0.97279126  0.00684327 -0.33776837]
  [-0.25482895 -0.32385816 -0.81037757]
  [-0.11365787  0.36165105 -0.02632008]
  [ 0.69753599 -1.04848453  1.50667293]
  [ 0.44248511 -0.31389554  0.74271973]
  [-1.14464843  0.45412127  0.37188002]
  [ 0.33608913  0.69948902 -0.96996394]
  [-0.09748043  1.47829633  0.77782291]]]
