Experiment	1	-15.904533294481702	8.208826705518298	22113	8	[[[-1.76821972  0.41505499  0.30238428]
  [-0.70818911  0.17468175  0.08815882]
  [-1.49700205 -1.87378035 -0.69655405]
  [-1.05804388 -0.46844616 -1.63735339]
  [-0.39543846  0.61506363 -0.89554402]
  [-1.43511752 -0.07442688 -0.7788723 ]
  [-1.98502277 -0.96378419 -1.04046056]
  [-1.24910822  0.99755109 -0.50836608]
  [-1.68628634 -0.89500145  0.05172392]]]
Experiment	2	-13.560459451261348	10.552900548738652	46742	5	[[[ 2.5        -1.41003277  0.32537337]
  [-0.79654157  2.13336425  1.66636271]
  [ 0.74293584 -1.59234129  0.47701703]
  [ 0.58749887 -0.89532743 -0.45216416]
  [ 0.45066866 -0.50894686  0.79021789]
  [ 1.59243163 -0.70085226  0.59101589]
  [ 1.85126954 -2.10976867  0.76240338]
  [ 1.58069875 -1.42414174 -0.32959275]
  [ 2.29499148 -1.6391975   1.87567778]]]
Experiment	3	-14.919265420201427	9.194094579798573	81628	6	[[[ 0.8177057  -0.16862816  0.50483461]
  [ 0.23187311 -0.75918518 -0.78120586]
  [ 0.6229111   0.54125431 -0.56032131]
  [ 1.93463204  0.57056499 -0.36209062]
  [ 0.78048146  0.11023411 -1.47014219]
  [ 0.65292909  1.35807313 -1.2920634 ]
  [-0.27550372 -0.17956743  0.42814547]
  [-0.20501741  0.28027055 -1.14399376]
  [ 1.41450205 -0.40690591 -0.68834285]]]
Experiment	4	-15.358253838039753	8.755106161960247	73315	5	[[[ 0.65736603 -0.49189766 -0.90636994]
  [ 0.02221886  0.24051248 -1.749363  ]
  [ 1.59049881 -1.25803025 -0.93960099]
  [ 1.11414819  0.06799221  0.35936536]
  [ 1.36213997 -0.03957221 -1.68893964]
  [-0.37413501 -0.39339574 -0.89048851]
  [ 0.16164159 -0.69594293  0.09586163]
  [-0.13554568 -1.37432348 -1.05228164]
  [ 0.31985962  0.40857248 -0.41374953]]]
Experiment	5	-15.486402572107709	8.626957427892291	44174	7	[[[-0.08624423  0.54422812  2.01993164]
  [ 1.30731719  0.97506839  1.4748383 ]
  [ 0.20824535  1.21087855  1.21887478]
  [-0.78647605  0.50336353  1.13740071]
  [-1.19514917  0.41118858  2.22781248]
  [-0.23641488  1.15078979 -0.00815972]
  [-1.32328744  1.20395332  0.23443672]
  [-1.38880452  1.36218631  1.59785127]
  [-0.55332283  1.56766331  2.16747269]]]
Experiment	6	-14.829313370745973	9.284046629254027	11939	8	[[[-1.13869718 -0.54668303 -0.57740288]
  [-0.66484059  0.53826073  0.81908369]
  [-0.9299672   0.68862431 -0.15345453]
  [-0.15298858 -0.88508693 -0.90313021]
  [ 0.16902244  0.41395914 -0.07348633]
  [ 0.44690265  0.09365842  0.87706594]
  [ 0.81372256 -0.48412635 -0.14851125]
  [ 1.30401069  0.4824623  -0.30379673]
  [-0.61405774 -0.6656525   0.42772054]]]
Experiment	7	-15.120188200312251	8.99317179968775	78032	5	[[[ 0.07002521  1.71431668  1.25955448]
  [-1.3047081  -0.1945749   2.02725443]
  [-0.08204931 -0.0042547   1.8449065 ]
  [-0.00740759  0.31882468  0.3987418 ]
  [-0.78203333  0.34568691  1.17169549]
  [-0.94216091  0.80467598  2.03970111]
  [ 0.62892607  0.76825719  1.07526564]
  [ 0.77596255  1.7249412   0.31907073]
  [ 0.11481321  1.07450085  2.17871926]]]
Experiment	8	-15.367060832684174	8.746299167315826	29502	6	[[[ 1.40557864 -1.62486072 -1.3575448 ]
  [ 0.45565136 -0.9305769  -1.17593467]
  [ 1.00628774 -0.26526233 -0.73305042]
  [ 1.09936445  0.53824219 -1.93718479]
  [ 2.21268175 -0.67041903 -1.28877882]
  [ 2.00908824  0.41327921 -1.08305024]
  [ 0.07310718  0.33136055 -1.41908557]
  [ 1.35433949 -0.53043749 -1.82156982]
  [ 2.08637334 -0.3487946  -0.24504686]]]
Experiment	9	-14.246646697582415	9.866713302417585	81612	7	[[[ 0.45580165 -1.55644838 -0.76644431]
  [ 0.97646423 -0.12285339 -0.92720365]
  [ 1.35515032 -1.2110612  -1.23673063]
  [ 0.20292229 -0.60526368 -0.14579357]
  [ 1.27506689 -0.7729658  -0.1300228 ]
  [ 0.28620736 -1.4079872   0.92562122]
  [ 0.7845241  -0.47519594 -2.5       ]
  [ 1.01300997  0.42096989  0.24007399]
  [ 0.15112996 -0.38838783 -1.53758373]]]
Experiment	10	-14.419379142763807	9.693980857236193	53875	8	[[[ 0.30510831 -0.10016851  1.7569746 ]
  [ 1.14012194  0.36944897  1.32211204]
  [-0.80153928 -0.36303404  1.40999581]
  [ 0.17941408  0.60485894  0.70406347]
  [ 0.92090245  1.30033577  1.90677025]
  [ 1.29091613  2.5         1.60052053]
  [-0.0836506   0.97099517  1.7623052 ]
  [ 0.13509524  2.11131605  1.89968371]
  [ 0.6306031  -0.6838611   0.64697525]]]
Experiment	11	-14.575593228280482	9.537766771719518	62136	6	[[[-1.18332669  1.26000198  0.30744873]
  [ 0.25812931  2.5        -0.90122088]
  [-0.10700891  0.71301656 -0.01955191]
  [-1.47655885 -1.43502574 -0.92731434]
  [ 0.21147461  2.33754521  1.13783492]
  [-0.88497781  2.24638504  0.51848923]
  [-0.37253574  1.66249253 -0.47526527]
  [ 0.44591704  1.89019732  0.24330974]
  [-0.3732037   1.41860189  0.95182837]]]
Experiment	12	-14.696119469024138	9.417240530975862	38791	7	[[[-1.44935696  0.53232276 -1.16293823]
  [-0.3000067   0.61950238 -0.33935209]
  [ 0.17927721  0.80050802 -1.71332396]
  [-0.78233906  0.42249713  0.72039404]
  [ 0.38633051  0.76324888  0.52176576]
  [ 0.69167869  0.06791221 -0.52466126]
  [ 0.50782053  1.52650203 -0.60469377]
  [-0.27430169 -0.34867221 -0.89079127]
  [-0.26398435 -0.46184743  0.30809753]]]
Experiment	13	-14.97730564111138	9.13605435888862	11761	8	[[[ 0.72440382 -0.72845643  0.8508032 ]
  [ 0.13178819 -0.17831731 -1.14567923]
  [ 0.22597713  0.04885279  0.33041041]
  [ 1.58590759  0.47770801  0.37155288]
  [-0.24703861 -0.97961663  0.31773167]
  [ 1.8064939  -0.79557101  0.41886101]
  [-0.01143969  0.03275586  1.44919902]
  [ 0.99377976 -0.26121547 -0.28292491]
  [ 1.98138992 -0.45171424 -0.65567861]]]
Experiment	14	-15.85452611112999	8.25883388887001	21989	7	[[[ 0.05382563  0.67881273  1.1973227 ]
  [ 0.70656923  1.0860008   0.31619419]
  [ 0.95298002 -0.05643118  0.1185469 ]
  [ 0.03806047 -0.80803001  0.25184674]
  [-0.66452117 -0.21676395  0.95941727]
  [-0.13555609  0.10706421 -1.05329832]
  [-0.30555973  1.80985377  0.71397009]
  [ 0.73684306 -0.43956977  1.17325824]
  [-0.15603657  0.3334307   0.23592989]]]
Experiment	15	-15.16831508525614	8.94504491474386	10339	8	[[[ 0.90794895 -0.28551459 -0.23522506]
  [-0.5828575  -0.93766956  0.17149048]
  [-0.721587   -2.26271333  0.07216704]
  [ 0.43077287 -1.31922161 -0.2301579 ]
  [-0.19955494 -1.48237333  1.2409686 ]
  [-0.15783262 -0.3365848  -0.82779725]
  [ 0.63004452 -1.41224806 -1.43605292]
  [-0.52185367 -1.80031333 -0.85192505]
  [ 0.32660835 -0.74647143  0.66269015]]]
Experiment	16	-14.173528060087438	9.939831939912562	29410	7	[[[ 0.58374202  0.12364443 -0.72606541]
  [ 0.76921308 -1.34055076  1.39057524]
  [ 1.11462365 -1.05382608  0.46935212]
  [-0.6402103   0.10896166 -0.43353831]
  [-0.20806164 -0.99948856 -1.4603674 ]
  [ 0.25940082 -0.68110945 -0.07903491]
  [ 0.26357116 -1.68684269  0.46052366]
  [ 1.53792737 -0.14120134  0.02697611]
  [ 0.89498682 -0.9345439  -0.84932164]]]
Experiment	17	-14.897613203677604	9.215746796322396	7987	9	[[[-0.66405957  0.67649727  0.84854656]
  [-0.41191861  0.1119375   2.5       ]
  [-1.96243014  0.20993074  0.75324709]
  [-0.8220036   1.18834678  2.5       ]
  [-0.60399599 -0.77084538  1.93438041]
  [-1.08485366  0.16928625  1.70365266]
  [ 0.22784477  0.19078994  1.28539164]
  [-1.07194574 -0.38025719 -0.1489985 ]
  [-0.47945855 -0.52486006  0.77295502]]]
Experiment	18	-14.912489374887338	9.200870625112662	28086	6	[[[ 0.93794291 -0.3474396  -0.65984594]
  [ 0.89574982 -0.14247412  0.4344598 ]
  [ 0.1974883   0.64135114 -0.51189431]
  [ 1.82268015  0.49900465 -1.03441184]
  [ 1.09763931 -1.46348111 -0.96419537]
  [-0.07009309 -0.44925926 -1.06610884]
  [ 1.59865612 -0.86760647 -0.14214835]
  [ 1.44832408 -0.85008163  0.97930765]
  [ 0.59388014 -1.15693763  0.21184233]]]
Experiment	19	-13.145590784436063	10.967769215563937	19675	7	[[[-0.04469574  1.34713592 -0.56913384]
  [ 0.20330359  0.40129055  0.09486896]
  [ 0.01015755 -0.13807506  1.59526135]
  [ 0.10067742 -0.74418054 -0.02339857]
  [ 0.79312945  0.70172823 -0.87414891]
  [ 0.61266511  2.29437113 -0.86586586]
  [-0.78438016  0.77797154 -0.06352756]
  [-0.23617395  0.25827753 -0.92518189]
  [-0.13352998  1.21745718  1.39613982]]]
Experiment	20	-14.62604528854559	9.48731471145441	70956	5	[[[ 0.35997485 -1.35532439 -1.17205356]
  [ 1.03981262 -0.39571576 -1.65289515]
  [ 0.03936997 -0.53452517 -2.12940187]
  [-0.60597585 -1.27675133 -0.38089449]
  [-0.90198134 -0.31697433 -0.89664369]
  [-0.54986347  0.31352207 -1.72653114]
  [-1.14170447 -1.62201882 -1.16568898]
  [-0.17411978 -1.5739121  -2.28395173]
  [ 0.2743547  -0.37242433 -0.6779008 ]]]
Experiment	21	-14.339054655866066	9.774305344133934	73302	6	[[[ 0.97037696 -1.72043207  0.62559193]
  [ 1.67597636 -1.29344961 -0.14827124]
  [ 2.27009621 -1.90107865  0.71113624]
  [ 1.72937135 -0.17389952 -0.13686361]
  [ 0.8843735  -0.6872327   0.4196695 ]
  [ 1.17738977  0.27961187  1.89730418]
  [ 1.99436316 -0.02347447  0.88360728]
  [ 0.56329298 -0.50994756  1.46680718]
  [ 0.69775545 -0.71160759 -0.66490916]]]
Experiment	22	-14.298591687342503	9.814768312657497	10408	8	[[[ 2.15864918  1.64556945 -1.09832515]
  [ 0.59685473  0.48219523 -0.85607068]
  [ 2.5         1.07176234 -0.25579079]
  [-2.45046321  1.22149435  2.5       ]
  [ 1.90416713  0.39841486 -1.01663783]
  [ 1.42117965  1.39342659 -0.28386073]
  [ 0.94986725  0.35520008  0.10062978]
  [ 2.07747654  0.65744983  0.8634641 ]
  [ 2.07215269  0.02222034 -0.01779107]]]
Experiment	23	-14.699052489237946	9.414307510762054	89982	7	[[[-0.3712813  -2.08813729 -0.82894393]
  [-1.35842287 -1.21877743 -0.22986504]
  [-0.74926217 -0.43736197  0.45898933]
  [ 0.68178776 -1.23666649  0.99379214]
  [-0.9699235  -2.4740235  -0.03860226]
  [-1.15766649 -1.87670894  0.9793698 ]
  [-0.18309905 -2.07177411  0.58514809]
  [-0.14031622 -1.20668357 -0.13431858]
  [ 0.74633946 -1.57533467 -0.93394352]]]
Experiment	24	-14.074657144207164	10.038702855792836	18369	7	[[[-0.10653435  0.517881    1.5789874 ]
  [-0.05048457  1.01698572  0.06996846]
  [ 0.60884689 -0.02700853  0.83550151]
  [-0.71962058  0.27020533  0.35440482]
  [-0.78450452 -1.35217058  0.74824103]
  [-0.99641206 -0.39739056  1.47340449]
  [-1.15425008 -1.83254144  1.64114871]
  [ 0.16608819 -0.11249044 -0.23900809]
  [ 0.03110607 -0.82323923  1.461386  ]]]
Experiment	25	-14.241463324699673	9.871896675300327	75790	6	[[[ 6.61311416e-01 -5.29911168e-01 -1.09198271e+00]
  [-1.27592357e-01  3.85594195e-01  6.30139741e-01]
  [-6.16384201e-01 -1.20270106e+00  5.89948423e-01]
  [ 3.09332233e-01 -7.95929686e-01  9.25087569e-01]
  [-4.95608439e-01  5.08903283e-01  1.83513913e+00]
  [-1.13469942e+00 -9.74715555e-02  1.24231095e+00]
  [ 1.00883757e+00 -4.18108423e-02  7.08686756e-01]
  [ 1.30702028e+00 -9.57943323e-01  4.70637208e-04]
  [ 2.88080542e-01 -4.46544305e-01 -1.04983677e-01]]]
Experiment	26	-14.151234008962199	9.962125991037801	35228	9	[[[-0.46837691  0.74922864  0.37448858]
  [-0.26847608 -1.72352889  0.67486616]
  [-1.7222275   0.81485151 -0.14683556]
  [-0.51936228 -0.93909477  1.35947322]
  [-0.97883873 -0.9335657  -0.20118753]
  [-1.0846758  -0.13937107  0.52571254]
  [-0.00758389 -0.67157659  0.41238845]
  [-2.2481283  -0.41658462  0.1533378 ]
  [-1.94171884 -1.47446303  0.09229303]]]
Experiment	27	-14.902690431941247	9.210669568058753	52375	7	[[[ 1.28190303  1.37731285 -0.46371044]
  [ 0.62319317  0.50538596 -0.07561933]
  [ 0.84435735  1.6903602   0.54059526]
  [ 0.72016134  0.66081794 -1.13970735]
  [ 0.86339312  1.51394203 -1.83843444]
  [-0.15725016  0.9847799  -0.40343824]
  [ 0.22663031  1.93556216 -1.02431807]
  [-0.38965927  0.65502028 -1.43916217]
  [ 2.00501059  0.56926211 -0.82940939]]]
Experiment	28	-15.947775670463457	8.165584329536543	59953	7	[[[ 0.92331971  1.44547156 -0.65605186]
  [-1.35098485  1.40530674 -0.71372861]
  [-0.47827684  1.60335627  0.54003175]
  [-0.51104423  2.29609651 -0.59281789]
  [ 0.1298112   0.36038171 -0.57473397]
  [-0.7416539   0.64337667 -1.30863346]
  [-0.90301443  1.74290847 -1.65042633]
  [-0.22854766  1.28837841 -0.51712854]
  [-1.01260096  0.18189051 -0.23884725]]]
Experiment	29	-13.358470639608399	10.754889360391601	82147	6	[[[ 0.18656631 -0.47034607  2.05286519]
  [-0.70625971  0.26704132  1.47424682]
  [ 0.05280484  0.40119101  0.41193438]
  [ 0.01464799  0.49163904  2.5       ]
  [-0.5366958   0.94498496 -0.35761459]
  [ 0.79703113 -0.30352757  1.02666733]
  [ 0.48216113  0.88699901  1.24526995]
  [ 0.35303132  1.4329717   0.25880002]
  [ 0.06054858 -0.50497991 -0.49580005]]]
Experiment	30	-15.220626060826891	8.892733939173109	34445	8	[[[ 1.95198266  0.78684048 -1.04665892]
  [ 1.0669286   1.63013896 -0.03829847]
  [ 1.76374268  0.89199852  0.3073174 ]
  [ 0.77134184  0.49761325  0.62814541]
  [-0.72272801  2.5         0.25938104]
  [ 0.90540564 -0.59331982 -0.7507382 ]
  [ 0.17216724  1.45141365  0.69767859]
  [ 1.73454155 -0.04108292 -0.31857956]
  [ 0.93103575  0.63345209 -0.56211056]]]
