Experiment	1	-15.049985841800622	9.063374158199379	84836	7	[[[-1.0068911  -0.2569019  -0.80741489]
  [-1.33726581  0.07228741 -2.05136291]
  [ 0.4836013   0.71521808 -1.56665509]
  [-2.2152746   0.04624581 -1.1939448 ]
  [-0.95243602  0.8422573  -1.24663705]
  [ 0.32531481 -0.47200818 -0.86693181]
  [-0.25211517  0.145123   -2.3794612 ]
  [-0.56006141 -0.81757131 -1.7322502 ]
  [-0.52922725  1.15242546 -2.2717178 ]]]
Experiment	2	-14.553889773657968	9.559470226342032	40855	8	[[[ 0.19387681  0.41097851  1.77399665]
  [ 0.23040392  0.89146519  0.81112292]
  [-0.83966942  1.06375066  1.60226626]
  [ 0.64767891 -0.52858565  1.05028887]
  [ 1.26587581  0.90024575  0.54368892]
  [ 0.69655035  1.17470406 -0.30472016]
  [ 0.48695877 -0.14152714 -0.10594302]
  [-0.36844188 -0.2359137   0.71046461]
  [ 1.56589316 -0.47462379  0.41076473]]]
Experiment	3	-14.104771134103913	10.008588865896087	66386	7	[[[ 0.27977974  0.34896451 -0.91481623]
  [ 0.86380915 -1.12204514 -0.03289234]
  [ 0.81053345 -0.61795599 -1.2478991 ]
  [-0.48364227 -0.2702238  -1.36611029]
  [ 0.54626458  0.810985    0.1956263 ]
  [-0.13583575 -0.60702928 -0.04523665]
  [-0.31661766 -1.25823421 -0.99365337]
  [ 1.1648336  -0.11221241  0.08214673]
  [-0.84579555 -0.65856182  0.80298523]]]
Experiment	4	-14.463883338948245	9.649476661051755	74765	5	[[[-0.78653108 -1.82135525  0.96081226]
  [ 1.1344527  -1.6217829   0.20558133]
  [ 0.56978066 -1.94598515 -0.57970578]
  [ 0.33172346 -2.38959352  0.37474034]
  [ 0.90142992 -1.99193397  1.42403716]
  [ 0.42994611 -0.8540117  -0.70780733]
  [-0.45561833 -1.54425926 -0.52625127]
  [-0.06443048 -0.86239832  0.25388377]
  [-0.84885159 -0.37015974 -0.65071488]]]
Experiment	5	-13.954098764669796	10.159261235330204	85893	6	[[[ 0.19957946 -0.55777624 -1.49929372]
  [ 1.86281574 -2.31418126 -0.54001666]
  [-1.14967443 -1.17435158 -1.07585606]
  [ 1.04095217 -1.34551938 -1.1354104 ]
  [-0.37846826 -2.01546216 -0.80236686]
  [ 0.26386617 -0.9543025  -0.47447739]
  [ 0.61519856 -2.04887636 -0.12696246]
  [-0.17673077 -1.38893682  0.38350541]
  [-0.54652714 -1.29234596 -2.10770955]]]
Experiment	6	-14.480858815429377	9.632501184570623	53157	6	[[[ 0.99947386 -1.27341854 -0.36006996]
  [ 0.66441423 -0.62862734  0.71089193]
  [-0.39249259 -1.66021011  0.93762156]
  [-0.0832361  -1.14365041 -0.16648356]
  [-0.32024191 -1.64695492  2.10181694]
  [-1.27951283 -1.02357303  1.08933692]
  [-0.34187377  0.40087759 -0.00972084]
  [ 0.4995274  -0.0894974  -0.41886994]
  [-0.34378652 -0.49613773  0.62820271]]]
Experiment	7	-14.974944784277433	9.138415215722567	83927	6	[[[ 0.81966151  0.81269018  1.67920341]
  [ 0.4652325  -0.39183236  1.45183539]
  [-0.18127071 -0.20062212  2.5       ]
  [-0.5378117  -0.76973524  1.6417382 ]
  [-0.55369859 -0.30710596 -0.03514769]
  [-0.37831098  0.38585748  1.59297976]
  [-0.78899978  0.81816586  0.53149893]
  [ 0.02661549  0.97356498  2.5       ]
  [ 0.28493673  0.49189761  0.07483192]]]
Experiment	8	-14.394947584260178	9.718412415739822	39392	8	[[[-0.29396662  0.97051398  1.76276601]
  [-0.85618492  0.10737052  1.26691566]
  [ 0.25088384  0.35961918  1.06307396]
  [ 0.40639958 -0.05200723  2.10569249]
  [ 0.46170718 -0.68699603  0.87721874]
  [-1.41339058  0.65994056  2.1274094 ]
  [ 0.54029588 -1.36595871 -2.39800897]
  [-0.8238767  -1.10690553  1.35657844]
  [-0.66323881 -0.13622481  2.37485179]]]
Experiment	9	-13.819046829133747	10.294313170866253	10458	8	[[[ 0.29873381  1.47812046  0.69684553]
  [-0.03706938  0.45063077 -0.88546014]
  [-0.43174176 -0.59434115 -0.89882462]
  [ 0.58851116 -0.45042014  0.14169057]
  [-2.21131145 -2.5        -1.52854487]
  [-0.74618311  0.16155828 -0.14053377]
  [-0.45595909 -0.73501482  0.47477251]
  [ 0.04515864  0.29047126  0.74247372]
  [ 0.97027941  0.64143899  0.38210651]]]
Experiment	10	-14.817552262336545	9.295807737663456	13663	8	[[[ 0.78066052 -0.44676309 -0.14009535]
  [-0.30698305 -0.76861677 -0.25499174]
  [ 0.17177914  0.24156562  1.71124761]
  [ 0.69653842 -1.96968739 -0.85394468]
  [-0.61803518 -1.69985251  0.29347751]
  [ 0.42964306 -1.27649156  0.54418458]
  [ 1.19261776 -0.36643375  0.994748  ]
  [ 0.37790006  0.93509576  0.51330153]
  [ 0.16654242 -0.1919994   0.69859311]]]
Experiment	11	-14.414315337026045	9.699044662973956	85055	8	[[[ 1.15942217 -1.18722746 -0.862355  ]
  [ 0.41541841 -1.71307404 -0.26301207]
  [-0.03650988 -0.78133385  0.25167734]
  [-0.39504064 -2.5        -0.94679076]
  [ 0.03127382 -0.85912103 -0.86680108]
  [-0.90851339 -1.83677346 -0.12643658]
  [-1.71937869 -1.78120449  0.90737814]
  [ 0.39083369 -2.04125428 -1.34936312]
  [-1.03627754 -1.52664602 -1.21763587]]]
Experiment	12	-13.34930156149265	10.76405843850735	62802	5	[[[-1.23849537 -1.41141915 -0.51844749]
  [-0.88416032 -2.21488588  0.27279183]
  [-0.14194855 -0.13909333 -0.05890661]
  [-0.21787624 -0.8971065  -0.8149133 ]
  [ 0.5345188  -0.912676    0.25072705]
  [ 0.01903157 -1.84281546 -0.31989638]
  [-0.70793076 -1.02922828  0.18536022]
  [ 0.87675655 -1.53519946 -0.74760308]
  [-1.26887143  2.5        -2.5       ]]]
Experiment	13	-12.948914058281964	11.164445941718036	75098	5	[[[-0.89987918 -0.02894841 -0.17958163]
  [ 1.08925282 -2.41520345 -0.93941234]
  [-0.26124912  0.84352935 -0.6317382 ]
  [ 0.81997741 -1.01893357 -0.29148049]
  [ 1.64375764 -1.77494184 -0.14606042]
  [ 0.23947736 -0.19774709  0.15994326]
  [-0.12943104 -0.41799815 -0.85346487]
  [-0.83144104  0.73931195  0.58566239]
  [-0.94170604 -1.09035801 -0.83643601]]]
Experiment	14	-13.78085816574211	10.33250183425789	60173	6	[[[-0.56213528  0.93860964 -0.05056946]
  [-0.4283654  -0.21567791  0.35108037]
  [ 0.33480319  0.26630769 -0.35062151]
  [-1.70895022  0.86953179  0.43296566]
  [-2.31748613  1.36237186 -0.37795303]
  [-1.52593506  2.0609233   0.23509967]
  [ 0.07757452 -0.97728754 -0.20536372]
  [-1.50508883 -0.10452604  0.5457064 ]
  [-1.27561704  0.24846343 -0.60849445]]]
Experiment	15	-14.757331692997079	9.356028307002921	27286	7	[[[ 0.9764697   0.31489619  0.61635078]
  [ 0.08083629 -0.11285044  1.60161385]
  [ 0.7838534   1.46285499  0.92772596]
  [-0.50882219  0.39196122  0.53588495]
  [ 0.43005328 -0.18832832 -0.22536946]
  [ 0.85923725 -0.66617595  0.87471006]
  [-0.19984377 -0.90568102  0.90448766]
  [ 1.88948242 -0.33416982  0.51304919]
  [ 1.10422044 -1.00256763 -0.1925098 ]]]
Experiment	16	-15.566988540491009	8.546371459508991	85000	7	[[[-1.12006158 -0.27940522  0.58563891]
  [-0.7632195   0.97423534  1.14526483]
  [-0.23340831  1.34236262  0.21653023]
  [-1.39507728  0.69180058 -0.94466832]
  [-0.44567035  0.04210265 -0.45666262]
  [-1.55032017  1.61242353  0.63598052]
  [-1.26489029  1.68842764 -0.47209563]
  [ 0.56527343  0.4266506   0.56156206]
  [-1.34841409  0.64913169  0.17743035]]]
Experiment	17	-14.177987660107254	9.935372339892746	9836	8	[[[ 1.03949709 -0.15166715  2.05037197]
  [-0.63665266  0.99886518  2.5       ]
  [ 0.26154119  0.26486052  0.70050179]
  [-0.09935271 -0.04882585  2.1158133 ]
  [-0.6469905   0.97668613  0.14547202]
  [-1.09881048 -0.01561014  0.99821355]
  [-0.36393954  0.78800222  1.49720579]
  [ 0.65498861  0.95213473  1.58011468]
  [ 1.5592076   0.18062978  1.02758623]]]
Experiment	18	-13.794290039343513	10.319069960656487	18363	7	[[[ 0.14184502  0.08560455 -0.69538455]
  [ 1.11859305 -0.29850494  0.67628688]
  [ 1.10692408  0.50223762 -0.24002124]
  [ 1.46677988 -0.34079633 -0.76300613]
  [ 0.28603933 -0.76713651 -0.12539945]
  [ 0.17681227  1.06542136 -0.24398755]
  [ 2.5        -0.06404043  1.22121668]
  [ 2.08796856  0.03863045  0.19507841]
  [ 0.1107477   0.58301127 -1.71580865]]]
Experiment	19	-15.746650223767785	8.366709776232215	22649	8	[[[ 1.75324753 -0.5013382  -1.51824581]
  [ 0.79006217  0.76380473  0.16690401]
  [ 1.0183854  -1.57996044 -1.66671055]
  [ 1.66128762 -1.25568706 -0.63452605]
  [ 0.54444416 -0.49313229 -0.00807004]
  [ 0.85304993  0.69707852 -0.97903901]
  [ 1.54205887 -0.3185939   0.37519398]
  [ 0.6156778  -0.4078634  -1.10320774]
  [ 1.44289724 -0.09422744 -0.63205832]]]
Experiment	20	-13.990100544107733	10.123259455892267	5868	9	[[[-1.92114859  0.09850131 -0.23685053]
  [-0.51592676 -1.30681682  0.41855187]
  [ 0.83566509 -1.54933029  1.14759954]
  [-0.21141052 -0.9690956   1.39178454]
  [-1.63933334 -1.04273749 -0.02463546]
  [-0.82026131  0.21301891 -0.32613846]
  [-1.20413784 -0.30556094  0.65554152]
  [ 0.4479252  -0.85063099  0.37648588]
  [ 0.9275014  -2.03974291 -0.00374768]]]
Experiment	21	-14.411266867749948	9.702093132250052	76981	6	[[[ 2.00060741 -0.01057844 -0.33951085]
  [ 1.19264635  0.47136661  0.57219169]
  [ 0.63213534 -0.6467272   0.54812143]
  [ 1.95480161 -0.17537962  1.64859829]
  [ 2.47083101  1.39688     0.54429053]
  [ 1.46563489  1.45920718  0.99671892]
  [ 2.24679865  0.36121228  0.68389664]
  [ 0.08327688  0.27528164  0.57991908]
  [ 0.77928307  0.28918633 -0.4424214 ]]]
Experiment	22	-15.002143164103865	9.111216835896135	4051	9	[[[ 1.81361211  2.19064318  0.10078175]
  [ 0.01245547  1.84330082 -0.22598789]
  [ 1.65101306  0.85495882  1.05266839]
  [ 0.93322698  1.26698181  0.24363999]
  [ 0.99921156  0.71633818 -0.79551286]
  [ 0.30182418  1.54550591  1.1100856 ]
  [ 0.54131972  0.47017655  0.81431554]
  [ 1.70208649  1.55725801 -0.84425834]
  [ 0.70879018  1.86589394 -1.02373019]]]
Experiment	23	-15.340098205568706	8.773261794431294	17203	8	[[[-0.86411844  0.89699997  1.96025958]
  [ 0.02436647  1.95204051  1.26793345]
  [-1.26008409  0.26766261  1.07194749]
  [-0.22378142  0.42590834  0.95678975]
  [-0.51095183 -0.58510685  0.20621236]
  [-1.18129614 -0.81615573  1.33526246]
  [-1.99858955  0.51506228  0.30547518]
  [-0.85989673  1.27605295  0.88592556]
  [-0.46044657 -0.11159595  1.98222976]]]
Experiment	24	-14.504645225412418	9.608714774587582	6285	9	[[[ 1.53781681e+00  1.05541169e+00 -6.40881945e-02]
  [-4.31335546e-01  1.10656114e+00  3.76296475e-01]
  [ 3.36384333e-02  7.38418685e-04 -2.06547209e-01]
  [ 7.91765112e-01  2.84613292e-01  5.22532924e-01]
  [-6.87488320e-01 -9.18541639e-01  1.58694037e-01]
  [-4.31295224e-02 -5.48495707e-01  8.78369397e-01]
  [ 4.94305103e-01  9.88942598e-01 -2.60584553e-01]
  [ 1.03632388e+00 -4.98044734e-01 -4.66356296e-01]
  [ 7.77806486e-01 -1.04322513e+00  6.01359649e-01]]]
Experiment	25	-15.027836181253022	9.085523818746978	82129	5	[[[-1.48358683  2.21672293  1.00486699]
  [-0.98634193  1.07899248 -0.89086909]
  [-2.13047626  0.74328965  0.49951035]
  [-1.22245724  2.48252524 -0.05325486]
  [-2.37882924  1.58088431 -0.11403406]
  [-0.43115951  0.95538656  1.16054262]
  [-1.5217149   1.04283351  1.35016951]
  [-0.93462133  1.8379534   1.87613675]
  [-1.00626142  1.30028491  0.29242816]]]
Experiment	26	-15.863601442120787	8.249758557879213	32280	7	[[[ 0.55247882  0.14819597 -1.07471272]
  [ 1.50162079 -1.19609717 -0.52309923]
  [ 0.4690901  -1.28034028 -0.05392586]
  [ 2.38870789 -0.3978639  -0.55019493]
  [ 1.42978268 -0.02715716 -0.27364516]
  [ 0.6058728  -0.8910863  -1.07623568]
  [ 2.11148867  0.01251288  0.42909046]
  [ 1.29365711 -0.74578575  0.55384004]
  [-0.20198934 -0.4532885  -0.16800764]]]
Experiment	27	-15.202654349240154	8.910705650759846	9815	8	[[[ 0.3570704   0.73830055 -0.84076932]
  [-0.74084802 -0.19141293 -1.28323227]
  [ 0.38749859  0.73625865 -1.99604002]
  [-0.09907924  1.65157085  0.13325894]
  [ 0.73841025  0.7358268   0.11455421]
  [-0.82882362  0.82634319 -0.82312701]
  [-0.31020245  0.630743    0.19931779]
  [ 0.31510901  0.35470019  1.06436626]
  [ 0.25625559 -0.30231999 -0.51356591]]]
Experiment	28	-15.593486374916386	8.519873625083614	71770	9	[[[ 0.927197    0.89225094  1.75532287]
  [-0.93449872  0.71944594 -0.11990006]
  [ 0.3602134   1.49462166 -0.20411267]
  [ 0.21039476  0.32765431  0.64904488]
  [ 0.73293777  2.00184976  0.71491778]
  [-1.00202622  0.84987175  0.94963495]
  [ 1.23507796  1.09894912  0.35395629]
  [-0.59895268  1.76584233  0.49567269]
  [-0.12596991  1.21571215  1.35600833]]]
Experiment	29	-13.375829546565958	10.737530453434042	20941	7	[[[ 2.05391071 -2.5        -0.74463636]
  [-0.77724981 -0.96214243  0.74268837]
  [ 0.22995723 -0.55535425  0.92906086]
  [ 1.51504726 -0.62243156  0.44658568]
  [ 0.58678805 -1.22503068  0.19620908]
  [ 1.00045314 -0.24774626 -0.86172138]
  [ 1.72922978 -1.35290509 -0.28862403]
  [ 1.12816756  0.40653063  0.11581809]
  [-0.05953946 -0.27430049 -0.03282376]]]
Experiment	30	-13.970087126757038	10.143272873242962	56633	8	[[[ 1.26898735 -1.13300154 -0.45967713]
  [-0.95909665  0.3693218  -0.84842247]
  [ 0.6988098   1.19560669 -0.66572149]
  [ 1.06679216 -2.22947354 -0.87165442]
  [ 0.57325214 -0.33698259  0.45142429]
  [ 0.19884139 -1.18576303 -0.03038349]
  [ 0.1778539   0.05539075 -0.56288478]
  [-0.4665025  -0.22167197  0.34077369]
  [-0.24954534  0.85398118  0.09759807]]]
