Experiment	1	-12.916138685521876	11.197221314478124	73607	8	[[[ 0.45046979  1.40711197  0.74357218]
  [ 0.12362188  0.49555936  1.32432465]
  [ 0.51759136  0.93213547  2.5       ]
  [ 1.02974388  1.36672404  1.64845483]
  [-1.7902153   1.64709356  0.42551997]
  [ 1.70938312  2.5         0.64653071]
  [ 0.90269943  0.01823024  0.57920786]
  [ 1.45881678  1.429015    0.48269086]
  [ 1.26649182  0.30436153  1.54434676]]]
Experiment	2	-12.489843149973897	11.623516850026103	11312	8	[[[-2.93568531e-01  5.64638791e-01 -1.02619371e+00]
  [-1.13833627e+00  8.80329274e-01 -4.03880471e-01]
  [-1.81629133e-01  3.44479832e-01  1.15264873e+00]
  [-1.02725283e-01  1.63810662e+00  7.31683296e-01]
  [ 1.05237123e+00  1.53963200e+00  1.95987975e-01]
  [ 6.31187593e-01  7.95369734e-01 -6.03231302e-01]
  [ 5.53454219e-01  6.65233236e-04  1.94220285e+00]
  [-3.04347823e-01 -1.28673501e-01  1.40195303e-01]
  [ 7.15931043e-01  5.98035141e-01  4.93446968e-01]]]
Experiment	3	-11.914239593833818	12.199120406166182	26241	7	[[[-0.07091437 -0.81618834  0.31264584]
  [-1.06863121 -0.84193949  1.49398193]
  [-0.58957282 -0.15722663 -0.55920184]
  [-0.67943108  0.13796585  0.50635288]
  [-1.87181398  0.01397233  0.78298585]
  [-0.36929207 -0.51462194 -1.6368874 ]
  [-1.73342769  0.05053075  1.83459977]
  [-0.90029174 -1.62174037 -0.80910453]
  [ 0.25624274  0.30086005 -0.08809962]]]
Experiment	4	-11.974780214209222	12.138579785790778	23724	8	[[[ 1.2748196   0.43559753 -0.49952527]
  [ 0.93828324  1.2378803  -1.21420636]
  [ 2.00393393  0.71338345 -1.2268124 ]
  [ 0.75043298 -0.2839513  -1.27761955]
  [ 1.20244563  0.43093729 -2.30648609]
  [ 1.95228254  1.44836325 -2.5       ]
  [-0.34695726 -0.08693991 -2.12677466]
  [ 1.46287386 -0.6504912  -0.33988527]
  [ 0.18623742  0.59219092 -0.19367079]]]
Experiment	5	-12.72637733659504	11.386982663404961	54417	8	[[[ 0.12440229  0.69970919  1.60597062]
  [-1.83658201 -0.07774684  1.07795726]
  [-1.52817331  0.73414619  0.31981793]
  [-0.9642393   0.65633912  2.11814518]
  [-0.78265274  0.42193748  1.01051119]
  [-0.64377667  1.41181274  0.39836594]
  [ 1.88797123  2.29228829  0.26488472]
  [-1.43439052  1.16147024  1.38635526]
  [-1.16369753  2.0791569   1.18355267]]]
Experiment	6	-12.883773326239055	11.229586673760945	5647	9	[[[ 0.06535402 -1.15267691  2.46718165]
  [-1.95716045 -1.19979337 -1.20937144]
  [-1.09513329 -1.44449294 -0.54249632]
  [-1.75597288  0.68581029 -0.72623424]
  [-1.08508199 -0.14303979 -0.11849945]
  [-2.05830492 -0.7486524   0.01967518]
  [-1.41200234 -0.26872954 -1.07802959]
  [-0.73398444 -1.16645369  0.34125325]
  [-0.35508411 -0.63727371 -0.58271286]]]
Experiment	7	-12.51794218307252	11.59541781692748	50395	7	[[[-1.11306492 -1.13539581 -0.25237991]
  [-0.91340458  0.23313777 -0.92483816]
  [-0.69392415  0.89445126  0.18495318]
  [ 0.25490552 -1.252915   -0.59871756]
  [-0.23663973 -0.36630037  0.03343033]
  [-0.98031219  0.30504824 -2.03281983]
  [-0.80765719 -1.88669464 -2.12639788]
  [-0.7884757  -2.17230644 -0.91336518]
  [-0.59505165 -0.92048529 -1.2230726 ]]]
Experiment	8	-14.033803527111257	10.079556472888743	73195	8	[[[ 2.44638953 -1.94594106  0.53518389]
  [ 0.59690924 -0.49102422 -0.51313089]
  [ 0.18792354 -0.94412505  0.40653656]
  [ 2.5        -1.10348561 -0.17177685]
  [ 1.29890482 -0.70595411  0.58749786]
  [ 0.36373706 -1.56583027  1.37501105]
  [ 1.39842544 -1.2284679  -0.35507732]
  [ 0.69156593 -0.50265531  1.50664683]
  [ 1.73501912 -0.30209079  1.63548398]]]
Experiment	9	-13.546395927341731	10.56696407265827	63848	7	[[[ 0.71103413  1.04475495  2.1559583 ]
  [ 0.41447744  0.37889898  1.26093896]
  [ 1.63174421  1.80171719  1.36217365]
  [ 1.81516845  0.3303267  -0.13431125]
  [ 0.11676613  2.3205295   0.34667683]
  [ 1.53143596  0.54664045  1.03928047]
  [ 1.21684266  2.5         0.31035876]
  [ 2.08096497  1.31002279  0.1322023 ]
  [ 0.70762045  1.47349455  1.00724717]]]
Experiment	10	-12.34394456167963	11.76941543832037	36557	8	[[[ 0.04585788 -0.40243165 -0.59024704]
  [ 0.78661818 -1.29917936 -0.18211923]
  [-2.29454583 -1.6911165  -2.14953809]
  [-0.88101031  0.26982463 -0.81026925]
  [-1.2317296  -1.36273197  0.72853347]
  [-1.93940118 -2.04210978 -0.93313909]
  [-0.84174609 -0.43913807  0.26426311]
  [-1.3443893  -0.65970091 -0.80692399]
  [-0.60390517 -1.36844036 -0.25521083]]]
Experiment	11	-11.887052354926729	12.226307645073272	14802	8	[[[ 0.97243628 -1.38316787  1.18088413]
  [ 0.9320438  -0.39239955  2.20073926]
  [-0.16932198 -0.52509348  1.43049196]
  [ 0.0679659  -1.44437246  2.47006365]
  [-0.05290953  0.06376466  2.34343573]
  [ 0.66807422  0.25472127  1.41717012]
  [-1.4400589  -0.63355538  1.47530769]
  [-0.92323103 -0.899204    2.5       ]
  [ 1.25615983  1.80549888 -2.5       ]]]
Experiment	12	-12.668096586925214	11.445263413074786	13008	8	[[[-2.43813985 -1.22706535  1.50887628]
  [-1.72790089 -1.63379409 -0.9214947 ]
  [-1.33730125 -1.26017846  1.11486771]
  [-2.5        -1.26292009  0.18468846]
  [-1.75133204 -2.06509196  0.33317183]
  [-0.90925563 -2.09980175  1.51445493]
  [-2.31282437 -2.35453263  1.74482333]
  [-1.03344508 -0.91762024 -0.02956103]
  [-1.45536608 -2.28396014  2.5       ]]]
Experiment	13	-12.484551315671052	11.628808684328948	32147	7	[[[ 0.25856204  1.82833554 -2.01907186]
  [ 0.51585595  0.69396518 -1.97608822]
  [-0.59693465  1.65222463 -0.81482077]
  [-0.15779305  2.5        -1.33246333]
  [-1.14511923  2.5        -2.19465855]
  [ 1.34073623  2.06542284 -2.5       ]
  [ 0.39875046  1.1056634  -0.91397237]
  [-0.52982774  0.53272292 -0.84150631]
  [ 1.58244774  0.86038628 -1.37388051]]]
Experiment	14	-12.964298844130566	11.149061155869434	40382	7	[[[ 1.00678445  0.05651978  0.34556828]
  [-0.65058054 -0.5488379   0.46812059]
  [-0.78475991 -0.64390652 -0.76916918]
  [ 0.30029998 -1.55553836 -0.15131323]
  [ 1.09500925 -0.23612616  1.58914842]
  [-0.48129077  0.62542019  0.71431234]
  [ 0.37020903  0.71710361  1.36191615]
  [ 0.88604786  1.13716855  0.50805797]
  [ 0.09885315 -0.29208165  1.16981434]]]
Experiment	15	-13.69967147344517	10.41368852655483	20986	7	[[[-1.35191441  2.11212222  1.37149087]
  [ 0.39496974  0.61166568  1.02367639]
  [-1.40225451  1.15319184  0.69079475]
  [-1.55686252  0.79423181 -0.43513695]
  [-0.38587906  1.42321394  1.51906893]
  [-1.10097116  1.92813662  0.08737939]
  [-2.30203731  1.84228784 -0.70783205]
  [-0.66638519  0.32395328  1.30291251]
  [-2.29388338  1.65060236  0.4392989 ]]]
Experiment	16	-12.424896318727258	11.688463681272742	53757	8	[[[ 1.57906263  1.35790454  1.33392288]
  [ 0.70573923  0.66041304  1.47535718]
  [ 1.5734799   0.24625303  2.5       ]
  [ 2.5         0.77905841  0.88778621]
  [ 1.32571287 -0.03607836  0.72934621]
  [ 0.91855351  1.44289189  0.43254814]
  [ 0.25406706 -0.27929086  0.95079571]
  [ 1.56938054  2.5         1.34948386]
  [ 0.77115531  1.89349508  1.60042286]]]
Experiment	17	-12.95140178305061	11.16195821694939	8751	9	[[[ 1.23412284  0.40596717 -0.67059911]
  [ 2.5         1.81549851 -1.50980432]
  [-0.15576372 -0.02823218 -1.56655615]
  [ 0.77926984  0.48931663 -1.99661854]
  [ 1.72351286  0.97717219 -1.56049185]
  [-0.05856214 -1.13296701 -1.52850708]
  [ 0.01520235  0.89796312 -1.00050902]
  [ 0.0620547  -0.20066588 -0.54982409]
  [ 2.42803557  0.34841927 -0.69199336]]]
Experiment	18	-12.06086931469706	12.05249068530294	56773	6	[[[-1.35910223 -0.88447439 -2.5       ]
  [-2.04536213 -0.68683175 -1.56610644]
  [ 0.19514946 -0.50109676 -1.33680881]
  [-0.81516618 -0.09043054 -1.77126097]
  [ 0.84661144  0.55979651  0.81379111]
  [-0.89563196 -1.19133601 -1.21497258]
  [-1.7743368  -1.58785139 -0.90605349]
  [-1.88962872  0.39287654 -1.4895703 ]
  [-0.22936095 -1.17097688 -1.98417391]]]
Experiment	19	-12.774855029308775	11.338504970691226	52176	8	[[[-0.18288888  0.12677567 -0.61260054]
  [-2.33374849 -0.48410693  0.61649608]
  [-1.1477197   0.6915414  -0.43267858]
  [-0.98180624  1.75922251  0.05236334]
  [-0.25439559  1.1282095  -1.12301892]
  [-0.36174831  1.02146394  0.45819293]
  [ 0.67808078  1.15347531  0.02401623]
  [ 0.22399031  0.11858007  0.57056866]
  [ 0.97495753 -0.24790324 -0.03547074]]]
Experiment	20	-12.598692744866282	11.514667255133718	53158	7	[[[ 0.48741847  1.35267118  0.39965362]
  [ 0.42608684  0.07175391  0.29409608]
  [ 0.38855538  2.5         0.61825089]
  [ 1.1106743   2.16385929 -0.22531646]
  [ 1.4207775   0.48340537  1.11043969]
  [-0.98824788  1.75816446  0.72786733]
  [ 0.11848389  2.34445398 -0.57032237]
  [ 1.33984364  0.76797734 -0.34026796]
  [-0.38855365  1.23993884 -0.14506635]]]
Experiment	21	-11.72907052051944	12.384289479480561	8153	9	[[[ 0.7524956   0.43538242  2.18727547]
  [-0.1705846   1.10714071  0.6048389 ]
  [-0.33095103  1.62582086 -1.33515159]
  [-0.73052221  0.76175033  1.44148522]
  [ 0.72246951  1.0160423   1.17219851]
  [-0.90972081  1.69287745 -0.46905363]
  [ 0.01258759  1.28974741  2.12851983]
  [-0.96233398  0.0710208   0.48215243]
  [ 1.02004869  1.8463393   1.91976917]]]
Experiment	22	-11.65561112203461	12.45774887796539	4497	9	[[[ 0.4074149   2.24400166  0.37809262]
  [ 0.38016466  1.95279239 -0.64763115]
  [-0.74494638  2.32231453  0.51955976]
  [-1.64297985  1.04402879 -1.06090006]
  [-1.42728576  1.85725172 -0.25653273]
  [ 2.04289529 -0.28944262 -0.65640145]
  [ 2.5        -2.41391025 -0.3253912 ]
  [-0.48007454  1.44704318 -0.09061926]
  [-0.76628573  1.77038483 -1.07460948]]]
Experiment	23	-14.375769832361016	9.737590167638984	43951	6	[[[ 0.579753   -0.01686447 -0.87048046]
  [ 0.24923766 -2.21842645 -2.05781534]
  [ 0.24361001  0.51298473 -1.90849753]
  [ 0.6786126  -0.65283144 -1.74247597]
  [ 0.10444098  0.78019395 -0.17446951]
  [ 0.33656588 -1.44007206 -1.16674126]
  [-0.17404781 -1.11858529 -2.5       ]
  [-0.48059479 -0.22561219 -0.23012339]
  [-0.48184104 -0.46512425 -1.56469964]]]
Experiment	24	-14.1728709730298	9.9404890269702	65411	5	[[[ 1.24106328  0.45081339 -0.58172619]
  [-0.11280669 -0.03452259 -0.75145458]
  [ 0.7443445   0.86439945 -2.5       ]
  [ 0.41308787 -0.19227641 -2.5       ]
  [ 2.5         0.55107695 -0.18288256]
  [-0.23548698  0.57366634 -1.5435297 ]
  [-0.55477402 -0.45686551 -1.89062847]
  [ 1.13134636  1.22510764 -1.343549  ]
  [ 0.71061814  0.06978311 -1.47251632]]]
Experiment	25	-13.26290179416685	10.85045820583315	6582	9	[[[-0.00991217 -0.33812868 -0.83408074]
  [-0.76157667 -0.60037746  0.20153214]
  [ 0.14321866 -0.04194354  0.72795333]
  [-0.39219277 -1.49044685 -0.78780037]
  [ 0.9355407  -0.96058851 -0.93672839]
  [ 1.1606784   0.00467359 -0.89999236]
  [ 1.81395021 -0.81799008  0.01404399]
  [ 0.71826611 -0.42559245  0.00770474]
  [-0.40157285 -0.8486628  -1.6588345 ]]]
Experiment	26	-13.468684871782399	10.644675128217601	87012	6	[[[-0.76876076  0.25601546 -0.89536148]
  [-0.9015794   2.39960476 -0.51398853]
  [-1.46314674  1.22906627 -0.57497334]
  [-1.23232811  0.83462676 -1.74629637]
  [-2.13881281  2.1009167  -1.81133756]
  [-1.86167084  1.23668989 -2.5       ]
  [-2.00554141  2.28958374 -0.39116882]
  [-2.36454274  0.58778595 -1.52805339]
  [-0.57281958  1.82631968 -1.33232148]]]
Experiment	27	-12.18715402533033	11.92620597466967	18319	8	[[[-2.47167288 -1.63373608  1.60640085]
  [-1.7014046  -2.03051588  0.64118349]
  [-0.56697556 -0.1113464   1.22665839]
  [-0.55148634 -0.27494013 -0.15039338]
  [-0.14764569 -1.64596286  0.05252355]
  [ 0.89111724 -0.74416417 -0.40091467]
  [-1.65191344 -0.54389383  0.80376036]
  [ 0.38283343 -0.41222497  0.52002633]
  [-0.75785631 -1.12337436  0.87201137]]]
Experiment	28	-12.103896071179228	12.009463928820772	73209	6	[[[ 0.4879161  -0.2501371   1.9920361 ]
  [-0.4123525  -0.92582707  1.259433  ]
  [ 0.16947855 -1.36038393  0.39530494]
  [ 0.61808594 -0.44448348  0.75835893]
  [-0.54816991 -1.0250657   2.5       ]
  [-1.68298705 -1.41554644  2.43545414]
  [ 0.90063263 -0.19949235 -0.4199383 ]
  [-0.76811225 -2.06616198  1.73179357]
  [ 1.3741058  -1.00261087  0.06115054]]]
Experiment	29	-12.494336585266009	11.619023414733991	30270	6	[[[ 1.18419249 -0.17003684  0.49368896]
  [ 0.03581047 -1.25457559 -0.31768087]
  [-1.19693712  0.74760274 -0.35053134]
  [ 1.98038943 -1.16090034 -0.79457088]
  [ 0.66553216  0.5295705  -0.90241105]
  [-0.58282675 -0.16899047 -0.63145574]
  [ 0.76013214 -0.53618011 -0.62995529]
  [ 1.20528922 -1.28000961 -0.082085  ]
  [ 1.71765163  0.32224949 -0.37072726]]]
Experiment	30	-12.841475057612131	11.271884942387869	45625	8	[[[ 2.24114639 -1.59276537 -0.96042693]
  [ 0.19480563 -2.5        -0.5655773 ]
  [ 0.14173861 -1.25988863 -0.04825011]
  [ 1.65100075 -2.22073797  0.61762917]
  [ 1.38529494 -2.30204332 -0.46763602]
  [ 0.69542626 -1.78592175 -1.18506503]
  [ 0.73412224 -0.74274235 -0.80227471]
  [ 1.92228502 -1.14544974  2.07586473]
  [ 1.4472071  -1.17993784 -0.24870735]]]
