Experiment	1	-13.375156918083935	10.738203081916065	52209	8	[[[-0.27245245  1.48975437  0.90474879]
  [-1.71650359  1.20612632  0.96880287]
  [ 0.55982616 -0.60238426  1.31499547]
  [-0.39139371  0.55684645  1.44376488]
  [-1.99787721  0.82116745 -0.15792641]
  [-1.12021513  1.60484714 -0.01830016]
  [-0.78887574  2.4411354   0.84698285]
  [-1.02790606 -0.46852699  0.75295724]
  [-1.05488862  0.49775101  0.30819015]]]
Experiment	2	-13.97073143348643	10.14262856651357	7562	9	[[[-0.51269942  1.37384396 -0.35923917]
  [ 0.27488104  0.81540618 -1.10983524]
  [ 0.41821235  2.02273275 -2.002173  ]
  [ 0.11556141  1.98290246 -0.97421143]
  [-1.03402248  2.21826988 -0.7587892 ]
  [-0.89439092  0.68085891 -1.91999292]
  [ 0.5806298   1.24975015  0.40320161]
  [ 0.15688484  2.19774779  0.14505155]
  [ 1.00689966  1.31770675 -0.51122687]]]
Experiment	3	-13.761132611432318	10.352227388567682	86882	4	[[[ 0.08943819  1.53215258 -0.93292885]
  [-1.387198    1.53089341 -0.84688335]
  [-0.84668285  1.53153283 -1.76146955]
  [ 1.41278352  1.26110545 -1.66110792]
  [ 0.84744259  2.5        -1.1845354 ]
  [ 1.95780451  1.90643504 -2.31823373]
  [ 0.24781972  1.12308237 -1.95373543]
  [ 0.82391983  2.10870172 -2.26146044]
  [ 2.5         1.20263003 -1.7389086 ]]]
Experiment	4	-12.947061235391796	11.166298764608204	15777	8	[[[-0.76264412 -0.90889609 -0.24479384]
  [-1.20189274  1.33940408 -0.05779581]
  [ 1.26965718 -1.36766127 -0.22866448]
  [-1.30086696 -0.22019762  0.59270257]
  [ 1.1665115  -2.04130354 -1.29904049]
  [-0.21132539 -0.10035212  0.30938208]
  [-0.28577508  0.05274456 -0.82592315]
  [-1.30046625  0.17024526 -0.37549993]
  [-0.04353791  1.07507092 -0.03351987]]]
Experiment	5	-12.351960195055995	11.761399804944006	30800	7	[[[ 2.27867248  1.80526731  0.28213086]
  [ 0.37629285  0.55100765  0.93481761]
  [ 1.35551019 -0.02728538  0.91274161]
  [ 0.80075974  0.26158979 -0.13449544]
  [ 0.34702887  1.83133226  0.88551103]
  [ 1.49843869 -0.51993904 -1.02388453]
  [ 1.37662835  0.87860876  0.54990159]
  [ 0.68429267 -0.77063038  0.13755041]
  [ 1.80834139 -0.17891887 -0.13661255]]]
Experiment	6	-13.75810001694373	10.35525998305627	86642	7	[[[ 0.44093525  0.3897009   1.85779852]
  [-0.71642562 -1.21908555  1.67789259]
  [-0.02313341  0.82669569  0.96242587]
  [-0.80017678 -0.0754319   1.02196905]
  [ 0.07297959 -0.77242093  0.86107627]
  [-0.30377407 -0.50581726  2.5       ]
  [ 0.22603768 -0.03543524 -0.00583623]
  [-0.47499278 -0.58236173 -0.7696639 ]
  [ 0.35806396 -1.13803987  1.81859724]]]
Experiment	7	-14.612089693867677	9.501270306132323	81923	5	[[[ 1.31455431  0.77405613  1.50345148]
  [ 1.38035594 -0.46790835  0.79212986]
  [ 1.96251615  1.22685764 -0.70202613]
  [ 0.79620753  1.49158024 -1.14063783]
  [ 0.5798199   1.56471783  1.2320128 ]
  [ 1.0943387   0.64180735 -0.48672383]
  [ 1.23574203  1.24766474  0.34926683]
  [ 0.27702665  1.48797507 -0.15091169]
  [ 2.10924296  0.42632765  0.71269539]]]
Experiment	8	-12.242053412691405	11.871306587308595	28094	6	[[[ 0.31387754  1.5827758  -1.25256838]
  [ 0.90240998  1.8601851   1.69757404]
  [ 2.09405181  0.29478712  1.32938439]
  [ 0.8214799   0.87049241  0.03247285]
  [ 1.24857183  1.03479743 -0.96705867]
  [ 0.93422484  2.00404996 -0.2991888 ]
  [ 1.49177612  1.5001763   0.89707516]
  [-0.19466069  0.41282469 -0.16308985]
  [ 0.57406593  0.7449748   1.0705982 ]]]
Experiment	9	-12.98828184565688	11.12507815434312	46647	8	[[[-0.93885029 -2.01066992 -0.9467692 ]
  [-0.27794909  0.47057376 -1.4994547 ]
  [-1.9796024  -1.30967815 -1.546028  ]
  [-1.10939436 -0.40772856 -2.00340191]
  [-0.91913649 -0.95357868 -1.11771781]
  [ 0.04115305 -1.83215445 -1.80502773]
  [ 0.59147592 -0.5449276  -1.4889604 ]
  [-2.5        -0.46079294 -0.82640482]
  [-1.02970632 -1.65001923 -1.94955201]]]
Experiment	10	-11.974401057134168	12.138958942865832	51230	8	[[[ 0.58507935  1.15060168  0.44687577]
  [ 1.50296763  1.95053476  1.86333486]
  [ 2.38983567  0.95710893  2.5       ]
  [ 0.13196795  0.93313012  2.5       ]
  [ 1.89736483  0.07239211  1.93109918]
  [ 0.40066875  1.77379222  1.57087614]
  [ 2.5        -0.61960779  2.41306556]
  [ 0.59791471  0.19897723  1.70766915]
  [ 1.26698481  0.89030866  2.0815601 ]]]
Experiment	11	-11.694191376991082	12.419168623008918	86727	7	[[[ 0.10901197  0.58917728 -1.38615225]
  [ 0.02266592  0.91171429 -2.47564362]
  [-0.32321418  2.04671347 -2.5       ]
  [ 1.18507     0.85403128 -1.01236444]
  [ 1.36336461  0.00847755 -2.47913061]
  [-0.7329459  -0.74101483 -1.82742966]
  [ 0.24395645 -0.35136813 -2.5       ]
  [ 0.11674848  0.92137094 -0.3768754 ]
  [-0.06953438  1.7733849  -1.4393429 ]]]
Experiment	12	-11.729165964528866	12.384194035471134	83059	7	[[[ 0.37075479  0.06906362 -1.87407053]
  [ 0.58640213 -1.37697488 -1.31204735]
  [ 2.5        -0.33778183 -2.13742221]
  [ 0.5918818  -1.4588269  -2.4437711 ]
  [ 0.50372303 -2.5        -2.5       ]
  [ 2.5        -1.23434173 -1.33440753]
  [ 1.64528119 -0.91065987 -2.11207501]
  [ 1.64673985  0.04502413 -1.5672676 ]
  [-0.24192226 -0.73724082 -1.74827822]]]
Experiment	13	-12.073099768375704	12.040260231624297	41084	8	[[[ 0.94719141 -2.5         1.44696265]
  [ 1.91695761 -0.79909542  0.70159408]
  [ 2.5        -2.5         0.87168201]
  [ 1.51942699 -1.1916937  -1.23590443]
  [ 2.13258913 -0.9374158  -0.40617167]
  [ 1.75839782 -1.62433696  1.34988675]
  [ 2.34908606 -0.33753631  1.98479688]
  [ 1.95607803 -1.86746462  0.18168679]
  [ 0.880987   -0.86724079  0.96649002]]]
Experiment	14	-12.154790917716872	11.958569082283129	7728	9	[[[ 0.87560543  0.4242114  -0.03689549]
  [ 2.06512189  0.33992468 -0.09955   ]
  [ 0.62677612  0.15472412 -1.82753033]
  [ 1.38996966 -0.64434551 -1.93923658]
  [ 1.67969861  1.19639037 -0.65113559]
  [ 2.5        -0.51721287 -1.27915851]
  [ 1.35920066 -0.46821949  1.65141486]
  [ 1.51998286  0.15108136 -0.93604639]
  [ 1.0105847  -0.99650721 -0.86790553]]]
Experiment	15	-12.577836887823807	11.535523112176193	53047	8	[[[ 0.68473258  1.22012692 -0.18990408]
  [ 1.59692956  0.43634874 -0.20683894]
  [ 0.90535105  1.7199696  -1.20673297]
  [ 0.73542448  1.40675935  1.00672517]
  [ 2.5         1.43545261  1.69755762]
  [ 1.77530209  1.71107614  0.82946394]
  [ 2.5         2.5         0.53696141]
  [ 2.08655397  1.76255516 -0.20722248]
  [ 1.49384196  1.08848356  1.9292288 ]]]
Experiment	16	-12.795302798902924	11.318057201097076	10459	8	[[[ 0.38614777 -1.41572094 -0.56764516]
  [ 0.63649102 -1.53203786 -2.49459464]
  [ 0.94616604 -0.50090875 -2.33121107]
  [ 1.71104199  0.24218174 -2.5       ]
  [-0.62704564 -1.02187924 -0.7110558 ]
  [-0.10436121 -0.54971038 -1.57061695]
  [ 1.0387273  -1.40530971 -1.41238454]
  [ 0.87458299  0.63525378 -1.4329747 ]
  [ 0.44965358  0.41442284 -2.5       ]]]
Experiment	17	-12.660158157939938	11.453201842060063	65417	7	[[[ 0.3842029   0.55249425 -0.72745569]
  [ 1.7830701   0.35346766 -0.47377609]
  [ 0.11216984 -1.91548116  0.15132719]
  [ 0.90870094 -0.48788646  0.01149901]
  [ 0.7590107   0.04753887  0.85249969]
  [-0.03833719 -0.9835838  -0.33174933]
  [-0.07156165  0.18634785  0.15992298]
  [ 0.45762496 -0.70857943 -1.39975685]
  [-0.64513285 -0.41840706 -1.02889962]]]
Experiment	18	-12.482896145077675	11.630463854922326	51616	7	[[[ 2.5        -0.17957489  1.70185982]
  [ 0.47688021  0.88183142  1.6262679 ]
  [ 1.42965808 -0.04346447  1.55470173]
  [ 0.64844968  0.12882974  0.38560614]
  [ 1.77709405 -1.39504507  2.12884427]
  [ 1.11497113 -0.80918608  0.77626031]
  [ 0.18039699 -0.2148662   1.49642989]
  [ 0.97723825 -1.8729512   1.01541951]
  [ 0.60426247 -0.96029569 -0.16588891]]]
Experiment	19	-12.595440367675575	11.517919632324425	84159	5	[[[ 0.05592221  0.66822362 -1.00787128]
  [-0.18065705  0.98381778 -2.13898491]
  [ 0.11125911 -1.07972905 -1.29416649]
  [ 0.86887483  1.22451176 -0.39742491]
  [ 1.1950634  -0.07504097 -1.81984938]
  [ 1.33164892 -0.90387818 -0.93983792]
  [ 1.43425394  0.29364475 -0.53427839]
  [ 0.72220084  1.52488658 -1.38556564]
  [ 0.39188682  0.30350816 -0.11225724]]]
Experiment	20	-13.386569750203947	10.726790249796053	40543	7	[[[ 1.01043185 -1.08866858 -1.27728309]
  [ 0.66131708 -0.64920454 -0.32952001]
  [-0.21464166 -1.20415723 -0.3662795 ]
  [ 2.10830739 -0.90977937 -0.50857632]
  [ 1.53443026 -2.08556652 -1.10606471]
  [ 0.79735215 -1.702381   -0.3978895 ]
  [ 2.5        -2.45705402  0.19019682]
  [-0.02532264 -0.3194512  -1.1218996 ]
  [ 1.18329525 -2.28558325  0.36053584]]]
Experiment	21	-11.859441919805288	12.253918080194712	6541	9	[[[ 0.24762618 -0.39298532 -1.04055173]
  [ 1.29702849 -0.56303554 -1.51029348]
  [-1.56884668  0.1694345  -0.68384238]
  [ 1.52843497 -0.25736624 -0.35654994]
  [-0.51491687 -0.80462328 -1.77121678]
  [ 0.30502469 -0.06900976  0.20247661]
  [ 0.90568609 -1.24126618 -2.5       ]
  [-0.55157159  0.21994106 -0.37964952]
  [-0.89211334 -0.80314376 -0.83533983]]]
Experiment	22	-12.597134093585124	11.516225906414876	12294	8	[[[-5.93506812e-03  6.70748646e-01 -1.37941837e-01]
  [ 1.43158274e+00  1.32604985e-03 -1.05177792e+00]
  [ 1.65596761e+00  7.53378939e-01 -1.84474354e+00]
  [-8.49022448e-01  7.66209698e-02 -6.48874112e-01]
  [ 6.54189002e-01  1.13706352e+00 -1.47941056e+00]
  [ 1.11770414e+00  3.12510586e-01  4.49410880e-01]
  [-1.22748551e-01  2.46491811e-01 -1.60491754e+00]
  [ 1.85563162e+00  1.60354662e+00 -9.93673388e-01]
  [ 3.50789673e-01 -3.30063564e-01 -5.41535120e-01]]]
Experiment	23	-14.306830004946692	9.806529995053308	53121	8	[[[ 0.3153986   1.2936443   1.68007562]
  [-0.1611307  -0.01836321  1.30956879]
  [ 0.78545604 -0.78174871  1.08865849]
  [ 0.32578587 -0.27924221  0.15602218]
  [-0.16853813  0.87926112  0.46191339]
  [ 0.73773149  0.49617089  0.74107233]
  [ 0.33887595 -1.87382047  1.02642563]
  [ 0.87488275  1.72433987  0.74998851]
  [ 0.53810713  0.01272386  2.19649408]]]
Experiment	24	-13.262056764048026	10.851303235951974	5887	9	[[[-0.91042504 -0.88713508  0.90706753]
  [-0.57576849  0.17750321  0.74015309]
  [ 1.26543005 -1.13110902  0.62894635]
  [-0.06737636 -0.79057276  1.68633365]
  [-0.94453757 -2.07148625  0.12099407]
  [ 0.46720555 -0.32774283  0.32136109]
  [-1.93583051 -1.16089716  1.76136947]
  [ 0.18200846 -1.31078763  0.81748533]
  [-0.92035221 -1.69065768  1.83038693]]]
Experiment	25	-13.001134054416111	11.112225945583889	47370	7	[[[ 0.18169505 -2.5         1.46093865]
  [ 0.28021317 -0.630814    0.18733204]
  [ 0.39996276 -1.78654963  2.3727139 ]
  [ 0.66950214 -0.45484954  2.34373749]
  [-0.27252135  0.57276382  2.31748407]
  [-0.29949358 -0.23288048  1.62118564]
  [-0.60518899 -1.12318806  2.00643613]
  [ 0.35365116 -1.15673574  1.33444697]
  [ 1.09285629 -2.08132932  1.01031545]]]
Experiment	26	-13.450355828539164	10.663004171460836	30513	7	[[[ 1.67202706 -0.13118736 -1.50426155]
  [ 0.72161878 -0.2217707  -0.94315027]
  [ 0.80061177 -0.12759974 -2.0640127 ]
  [-0.25848542 -0.43674999 -2.5       ]
  [ 1.14070324  0.75693064 -1.19173897]
  [-0.21320057  0.79749734 -0.00347644]
  [-0.35432474 -0.09961277 -1.27655197]
  [ 0.70005447  0.9511069   0.96620457]
  [-0.05852352  0.97307063 -1.12118031]]]
Experiment	27	-12.880057534697176	11.233302465302824	43095	5	[[[-0.66321541 -0.6731732  -0.98942194]
  [ 0.3872753   1.21729721  0.0234999 ]
  [ 1.5987245   0.51430983 -0.02750462]
  [ 1.5279696  -0.02995903 -1.41160571]
  [ 0.61459732 -0.075178    0.21538801]
  [ 1.34461809  0.99243132 -0.95153356]
  [ 0.8851158  -0.84359676 -0.81497939]
  [-1.65128179 -1.15467317  0.0827595 ]
  [ 0.58281983  0.2443982  -0.83220186]]]
Experiment	28	-12.387695282686954	11.725664717313046	25985	8	[[[-1.88368336  0.05994196  2.32370854]
  [-0.73283186 -1.54778944  1.26166122]
  [-0.05241067 -1.04245268  2.36890545]
  [-0.92345095 -1.90466279  2.5       ]
  [ 0.06230357 -2.5         0.55576696]
  [-0.9298153  -2.5         0.94917801]
  [-1.43156656 -1.01196887  2.28823343]
  [ 0.38241136 -1.69744697  1.48504555]
  [ 0.15598473 -2.49560066  2.3588726 ]]]
Experiment	29	-12.96311951640628	11.15024048359372	76245	4	[[[ 0.34072121 -1.45100264  0.47616109]
  [-0.12261011 -0.02470229  1.25556184]
  [-2.03373434 -2.04141414  1.2948364 ]
  [ 0.03989662 -2.5        -0.06558527]
  [-1.02893238 -1.81063346  0.7659829 ]
  [-0.18957684 -0.53272687  0.05428017]
  [-0.20979792 -1.42138915  1.55102498]
  [-1.00156278  0.09168307  0.60169335]
  [-1.24358975 -0.95141247  1.39638176]]]
Experiment	30	-12.582308040956196	11.531051959043804	11251	8	[[[ 1.13016082 -2.5        -0.94071303]
  [ 0.59416304 -0.47093302 -1.65510708]
  [ 1.27064814 -0.79415742 -0.83243635]
  [ 0.31255362 -1.53619123 -0.94906349]
  [ 1.64831943 -1.92002258 -0.17097874]
  [ 2.11323434 -1.72637573 -1.37984968]
  [ 0.69491421  0.51006004 -1.26603474]
  [-0.4643196  -0.53342878 -1.17696964]
  [-0.40855095 -1.14232929 -2.0444705 ]]]
