Experiment	1	-13.405409771584191	10.70795022841581	4623	9	[[[-0.02413669 -0.97744739 -0.43653276]
  [-0.25829844  0.93069238 -0.88746185]
  [ 0.68256533 -0.4367799   0.22033524]
  [-0.12792041  0.1369283   1.11545086]
  [ 1.06281715  0.07374713  1.04645549]
  [-0.24016876  0.3289232   0.02042212]
  [ 1.01621799  0.63808071 -0.02487788]
  [ 0.40740306 -0.71090386  1.43730862]
  [-0.10276793  2.09560807 -1.3648727 ]]]
Experiment	2	-14.30999325988654	9.80336674011346	25316	8	[[[ 1.38745636 -1.18267462  0.25299732]
  [ 0.2838332   0.45677774  0.73905472]
  [ 0.74904551 -0.48419633 -0.35614045]
  [-1.3044335   0.18140738  0.50734607]
  [-0.40905006 -0.70555342 -1.07237072]
  [-0.23906531 -1.08733521 -0.18283747]
  [ 1.28723759 -0.09857588  0.88461878]
  [ 0.35482195 -0.79629155  0.86731514]
  [-0.24703497 -0.04705625 -0.02431268]]]
Experiment	3	-14.280485285189377	9.832874714810623	77841	8	[[[-0.17038145  0.22466683 -0.92687168]
  [ 1.40903874  0.20450802 -0.70412669]
  [ 1.01542957  0.46749976 -1.95221605]
  [ 0.71642932 -0.84216755 -0.45536014]
  [ 0.51489056 -0.65845057 -1.76579355]
  [ 0.52126677  0.56897433 -0.02219341]
  [-1.03671098  0.80011869  0.12838783]
  [-0.23236382  1.40783817 -0.44826717]
  [ 0.57098122  1.05829234 -1.00020135]]]
Experiment	4	-14.988990558794693	9.124369441205307	81512	6	[[[ 0.28647187 -1.30866034  0.00547744]
  [-0.56555636 -1.07992897  1.07308475]
  [ 0.25436161 -0.2367291   0.4532489 ]
  [-1.59653124 -1.34688461  0.61841248]
  [-0.48498427  0.97560341  0.20500513]
  [-0.72018176 -1.00029111  0.02142469]
  [-1.42381163  0.01571111 -0.94602626]
  [-0.66478988 -0.03767154  1.06351528]
  [-1.18479762 -0.04407513  0.1554188 ]]]
Experiment	5	-13.311724644621982	10.801635355378018	53761	5	[[[ 0.15236064 -0.14556125 -0.07506793]
  [ 0.03639924 -0.9864547   1.22727959]
  [-0.03758872  0.09906182  1.06221731]
  [ 0.33509969 -1.22900795  0.19369889]
  [-0.29666359  1.00577067  0.61506328]
  [-1.02625163 -0.29798249  0.03474152]
  [ 0.55590204  1.97253458  0.99358538]
  [-0.16431947 -0.92873574 -0.84764355]
  [-1.15309672  0.29921696  1.16041696]]]
Experiment	6	-14.163325640451463	9.950034359548537	76416	5	[[[-0.53800662  1.08260969  0.9135865 ]
  [-1.06177764  1.01542283  2.5       ]
  [-0.74256581  0.92698213 -0.34965324]
  [-0.72274856  2.19249054  0.84063395]
  [ 0.44387876  1.39698724  0.7793952 ]
  [-1.28779656  0.34393535  0.37885361]
  [-0.49809057 -0.18846701 -0.35886803]
  [ 0.16803827  0.5252474   0.28727322]
  [-0.05145361  0.20099167  1.26733046]]]
Experiment	7	-16.194963917523594	7.918396082476406	42770	6	[[[-0.02192842  2.22494285  1.08262427]
  [ 0.78037417  2.5         0.26137051]
  [ 0.56418262  1.55605002  1.82630288]
  [-0.50142704  0.92422743  1.53498508]
  [ 1.05170094  0.41164837 -0.22033571]
  [-0.30795166  0.57058508  0.29380913]
  [ 0.33632373  1.31969858 -0.12451053]
  [ 0.50854861  0.72336026  1.11426786]
  [ 1.05454574  1.5475428   0.67897267]]]
Experiment	8	-13.435926867620745	10.677433132379255	30756	8	[[[-1.1290593  -1.92319289  0.26427582]
  [-0.99929102 -0.41033334  1.36789788]
  [-0.61367017 -1.49432279  1.25606664]
  [-0.06206612 -0.67208032  1.9991524 ]
  [ 0.9115115  -0.70331065 -0.72531351]
  [ 0.09254529  2.5        -0.11642662]
  [-0.71197554 -0.87179087  0.20910004]
  [-0.56232526  0.11721174  0.55282118]
  [ 0.14539829 -0.74159445  0.90523152]]]
Experiment	9	-14.212104798149877	9.901255201850123	49004	8	[[[ 1.04719794  0.74090226  1.33628237]
  [-1.16088316 -0.01324565 -0.17797051]
  [-0.54010459  0.35811839  0.56911567]
  [ 0.26251031  1.40116853 -1.60193158]
  [ 0.93287908  1.03237953 -0.57095788]
  [-0.13860948  0.61777186 -0.46200279]
  [ 0.57476112 -0.03944627  0.59794874]
  [ 0.31931135  1.16456869  0.49989032]
  [-0.52689688  1.56426787  0.12540731]]]
Experiment	10	-14.916751726373304	9.196608273626696	76902	6	[[[-0.28834378  1.42248699 -0.55627955]
  [-0.17614601  2.19786607  0.5117794 ]
  [ 0.1810327   0.48269448 -0.35951055]
  [-0.19473245 -0.37911     1.11628902]
  [-1.53842704  1.91376857  0.62450129]
  [ 0.57198627  1.42392695  0.19242072]
  [-0.42135198  1.12867668  0.45680758]
  [-1.16196378  0.35682207  0.18484447]
  [ 0.1636906   0.66788632  1.21819045]]]
Experiment	11	-14.304909301071907	9.808450698928093	42940	6	[[[ 0.86523856 -0.17219632 -2.05665928]
  [ 0.99679185 -0.53537469 -0.9474033 ]
  [ 0.34414868 -1.68297933 -2.5       ]
  [ 0.61035556 -1.15795778 -1.64227926]
  [ 0.73664756  0.64439421 -1.23791208]
  [-0.04724837 -0.14421715 -1.3689618 ]
  [-0.17968516 -0.75941309 -2.34635358]
  [-0.64256016 -2.26025513 -2.5       ]
  [-0.44733708  0.6257034   0.01696585]]]
Experiment	12	-13.433127909018037	10.680232090981963	43628	6	[[[-0.67063646 -0.04774023  0.29955433]
  [-0.6569883   0.96524963  1.5416141 ]
  [-0.26073898  0.97549913  0.37998826]
  [-1.33341993  1.37495466  0.07792288]
  [ 0.72183924  1.23874537 -0.32942571]
  [ 0.56966073  0.51734731  1.07274296]
  [-0.34767033 -0.07920005  1.37644209]
  [-1.27568059  0.22403245  1.06202655]
  [-0.69404571 -1.03537071  1.36633173]]]
Experiment	13	-13.01220520569522	11.10115479430478	34932	7	[[[ 1.35281752 -0.06771539  0.37939217]
  [ 1.91462919 -0.78264351 -0.17810915]
  [ 0.16591611 -0.87428304  0.99174205]
  [ 0.18556069 -0.33448854 -0.00585567]
  [ 0.62582992  0.54276902 -0.65887665]
  [-2.06019715  0.64569712 -2.11547261]
  [ 0.95831312 -0.43855411 -0.74635604]
  [ 1.39406773  1.16957082  0.04384096]
  [ 0.95510179 -1.33679601 -0.19539188]]]
Experiment	14	-14.66407185201486	9.44928814798514	76135	6	[[[ 1.43862934  0.13054372 -0.07397058]
  [ 0.15104387  0.09016187 -0.88771758]
  [ 1.3166814   0.22973527 -1.16096955]
  [-0.11413255 -0.97597514 -0.20189098]
  [ 1.03160177 -0.83267741 -1.07615301]
  [ 0.74852984  0.95052351 -0.04738969]
  [-0.33954911  0.30208726  0.26314634]
  [ 1.60788451  1.10544304  0.59647814]
  [ 0.66536896 -0.02051657  0.81347427]]]
Experiment	15	-13.80489795527642	10.30846204472358	68226	6	[[[ 0.8218003  -0.16310689 -1.03499067]
  [ 1.56163385  0.05972603 -0.23097858]
  [ 0.2067542   0.70088188 -1.38642222]
  [-0.12662232 -1.35348371  0.55396291]
  [ 1.13314989 -1.07502452 -0.18889427]
  [ 0.25435104 -1.60844244 -0.42365578]
  [ 0.36360714  0.05995026 -0.03365158]
  [ 0.17205902 -2.5         0.56897736]
  [ 1.09189621 -1.94380109  0.55442451]]]
Experiment	16	-14.58781938941058	9.52554061058942	83811	6	[[[-0.37371703  1.25115289  1.61351455]
  [-1.07010936 -0.70558015  1.50070559]
  [-0.57560678 -0.6532604   0.48767481]
  [-1.60346609 -0.2301465   0.54850178]
  [-1.45691367  2.03026739  0.47457802]
  [-0.55642717  0.26959538  1.0321627 ]
  [-0.8115979   1.21966983 -0.09139431]
  [-2.23895005  0.70292514 -0.27269333]
  [-1.45758517  0.87131414  0.70547497]]]
Experiment	17	-14.352653667985845	9.760706332014156	35294	8	[[[ 0.52987984 -1.49883405 -1.37822168]
  [-0.04847404 -1.06630714  0.72638933]
  [ 1.05393732 -1.82787105  0.02894081]
  [ 0.34305133 -1.10940435 -0.32430897]
  [ 0.44488881 -0.09794509  0.08264847]
  [-0.8484283  -1.50766191 -0.73794772]
  [ 1.23045685 -0.42296692 -1.04646376]
  [-0.68552674 -0.60996522 -0.0386202 ]
  [-1.02375724 -1.76432861  0.56872226]]]
Experiment	18	-13.94461851935251	10.16874148064749	18977	7	[[[ 0.7698883  -0.52801084  0.14323514]
  [ 0.59538069  0.39046372  0.63523546]
  [ 1.61465332 -0.13110433 -1.32852342]
  [ 1.24936057  0.30260792 -0.22063879]
  [ 0.18369799  0.23351459 -0.76578226]
  [ 0.82882695  1.28687934 -0.03948319]
  [ 1.12286242 -1.61711073  0.58256402]
  [ 0.883828    1.20311101 -1.17114962]
  [ 0.41674992 -0.9208668  -0.76579014]]]
Experiment	19	-16.737884635595357	7.375475364404643	7218	9	[[[ 0.81413207  0.31875786 -2.03778338]
  [ 1.23020641  0.51889815 -0.03922048]
  [ 1.01867284  1.66207326 -0.65727493]
  [ 1.11408906 -0.73421007 -0.07374946]
  [ 0.36827089 -0.26872112 -0.79940497]
  [ 1.10289189  0.55470202 -1.01881946]
  [ 0.26397928  0.89398431 -0.40115228]
  [ 0.16839771 -0.3110917   0.21208989]
  [ 1.53298647 -0.41436564 -1.03635569]]]
Experiment	20	-14.667537047428171	9.44582295257183	59364	7	[[[ 0.0364081   0.98807434  1.33431948]
  [-1.45999933  2.5         0.07649123]
  [-1.08296437  1.27542897  1.0648356 ]
  [-0.89669456  2.5         1.23534393]
  [-1.0886227   1.16687779 -0.00723334]
  [ 0.27921918  2.5        -0.17499212]
  [ 0.51454683  0.97149723  0.30079245]
  [-0.26056045  1.85041075  0.58693122]
  [-0.82159139  0.26067323  1.44118405]]]
Experiment	21	-14.490237778758065	9.623122221241935	22795	7	[[[ 1.42676962  0.3367638  -0.27361176]
  [ 1.34320623  2.5        -0.68192064]
  [ 2.12432111  1.18289306 -0.19460163]
  [ 0.3985982   0.57877171 -0.0651656 ]
  [ 2.09083144  1.08433956  1.23870743]
  [ 0.67317394 -0.26698913  0.66515937]
  [ 1.21570826  1.42271106 -1.06677339]
  [ 1.30030035  1.7549095   0.06973929]
  [ 1.32838969  0.79647729  0.67775569]]]
Experiment	22	-14.514634167168618	9.598725832831382	24788	9	[[[-1.12201941  0.23732697  2.03947215]
  [-0.60468365  0.13786127  0.59463851]
  [-1.49063192 -0.36488283  0.14814861]
  [-1.79100608  0.4717784   1.15005838]
  [-0.8075695  -1.21437372 -0.73151229]
  [-0.65346874 -0.95323511  0.4139915 ]
  [-1.62440614 -1.40306176  0.01369839]
  [-1.21340462 -0.53840977  1.35130389]
  [ 1.01995187 -1.34547201  0.48645593]]]
Experiment	23	-14.474455060543946	9.638904939456054	52530	8	[[[-0.69301258 -0.19038028  0.87713883]
  [-1.46943098  0.06754107 -0.08843963]
  [-2.30784727  0.84706963  0.38649851]
  [-1.84306173 -0.30505765  0.8217296 ]
  [-0.55854951  0.93512678 -0.47104523]
  [-1.75203923  0.71585905  1.52176462]
  [-1.58524462  2.29782681  0.04820416]
  [-0.11759462 -0.14255353 -0.21210753]
  [-1.13724558  1.02232527  0.44096953]]]
Experiment	24	-15.435891230927815	8.677468769072185	3243	9	[[[-0.54879472  0.83763576  0.43334072]
  [ 0.17962417  0.18328742  0.73585218]
  [ 0.22641185  0.21826635 -0.47533371]
  [-0.58292775 -0.8275627  -0.69357889]
  [-0.73039289 -0.29924364  0.54986219]
  [-0.5728193   2.23057874 -0.38566799]
  [-1.31404295  0.37806911 -0.33640132]
  [-0.35674623  1.11307973 -0.6295762 ]
  [ 0.25614268 -0.86254738  0.23192785]]]
Experiment	25	-15.099681450574897	9.013678549425103	69415	6	[[[-1.72193964 -0.52449552 -0.33840038]
  [ 0.61525125  1.11530511 -0.12795926]
  [-0.91349922  0.04943852  0.27409349]
  [-1.32751393  0.91072025 -0.28279388]
  [-1.25945753  0.74609441  1.42906636]
  [-0.39995678  1.03216534  0.49934367]
  [-0.89497764 -0.06060462 -0.73422546]
  [-1.78962415 -0.1296678   0.8635315 ]
  [-0.27894711  0.8148062  -0.87812695]]]
Experiment	26	-15.162186967278208	8.951173032721792	40710	8	[[[ 0.10200125 -1.88751324  0.34305818]
  [-0.7298399   0.15942671  0.90279068]
  [ 0.84964094  0.05517499  0.74639731]
  [ 0.70829232 -0.74690737  0.00935074]
  [-1.20906251 -0.96892634 -0.64145319]
  [ 0.21554261 -1.1167834   1.14588474]
  [-0.37996234 -0.73636574  0.38868598]
  [-0.10425029 -1.16159933 -0.5992411 ]
  [-1.26964423 -0.85843168  0.88701285]]]
Experiment	27	-15.205567673451913	8.907792326548087	38447	6	[[[-0.12817273  0.760627    0.76924398]
  [ 1.04307753  1.18722741  0.83167012]
  [-1.29731202 -0.70348408  0.5317472 ]
  [ 0.14642     1.39921542 -0.12674084]
  [ 0.12990682  0.34404046 -0.390065  ]
  [ 0.11823766 -1.05579253  1.1097473 ]
  [-0.33245531 -0.20662257  0.32365892]
  [-0.48665442 -0.13480402  1.3853975 ]
  [-1.14065051  0.5578172   0.14572182]]]
Experiment	28	-15.119673573346137	8.993686426653863	21502	7	[[[ 1.57725072 -0.43069744 -0.81123066]
  [ 0.86623141  0.05203049  0.08977448]
  [ 1.72058434  0.60827329  0.70436356]
  [ 1.02193105 -0.53179388  1.26573594]
  [ 0.91115371 -1.10797159 -0.21991903]
  [-0.02039492 -0.57626451  0.6102993 ]
  [ 1.39499607 -1.60899831  1.51008191]
  [ 1.7320902  -0.46118431  0.35373344]
  [ 1.97331123 -0.47538285  1.99357277]]]
Experiment	29	-13.875264438461604	10.238095561538396	33179	7	[[[ 0.00325462  0.21216862  2.32646779]
  [ 0.71543801 -0.27921209  1.58075408]
  [-1.66744175  0.11983652 -0.89915984]
  [ 0.73258085  0.86433956  1.36981307]
  [ 0.4644757  -0.04037609  0.23198431]
  [ 0.9679336  -0.90043765  0.62363785]
  [-0.39247573 -0.25069393  0.79350173]
  [-0.05943629  0.94745048  0.63849999]
  [ 1.49071739  0.23657025  0.74632706]]]
Experiment	30	-13.236751688306924	10.876608311693076	68925	6	[[[ 0.40596784 -1.64848722  1.5109614 ]
  [ 0.90855274 -0.67482781  1.21009099]
  [ 0.0825895   0.52943649  0.62013811]
  [ 1.6127503  -0.78954061  1.9095314 ]
  [-0.37654675  0.34939078  2.32737798]
  [-0.24184949 -0.42654643  1.12347712]
  [ 0.51302868  2.5        -2.35014234]
  [ 0.69267648  0.28532801  1.83815282]
  [ 0.30105617 -0.71566577  2.13783281]]]
