Experiment	1	-12.912360072596181	11.200999927403819	3607	9	[[[ 0.19083219  1.43333428 -0.78146077]
  [ 0.68609646  1.35814     0.24643998]
  [-1.09866671  0.69231202  0.18704863]
  [-0.04600896  0.58464394 -0.10029944]
  [-0.99266155  0.86699843 -0.8957236 ]
  [ 0.28536535 -0.26377357  1.51797796]
  [ 0.22005224 -0.35564618 -0.63519006]
  [ 0.85291211  1.00070129  1.60795652]
  [-0.30788839  1.76375987  0.15916911]]]
Experiment	2	-12.48109214861757	11.63226785138243	7503	9	[[[ 0.09486722  1.38520264  1.87993994]
  [-0.08573786  0.5460601   0.17571065]
  [-0.522434    1.722641    0.10280698]
  [-0.06900816  0.22794534  1.45794302]
  [ 1.25187589  0.2649037   1.11012018]
  [-0.96008423  1.24231002  1.0763086 ]
  [ 0.27045359 -0.39535426  0.43086714]
  [-1.80660701  0.45044845  0.08462322]
  [ 0.44525461  1.124584    0.96975766]]]
Experiment	3	-12.247954027652623	11.865405972347377	73832	8	[[[ 0.56704787  0.21813464  0.68210929]
  [ 1.5058244  -0.66286032  1.64354379]
  [-0.39410803  0.22696031  1.75787349]
  [ 0.59274995 -0.40202316  2.30666096]
  [-0.62499888  0.02821975  0.63264461]
  [ 1.11806346 -0.79735879  0.61067183]
  [ 0.31879405 -0.86856315  1.35506474]
  [ 0.2600044  -1.99712552  1.62308574]
  [-2.5         0.4349617   1.81759358]]]
Experiment	4	-12.99339751415982	11.11996248584018	35218	8	[[[-0.32714747  1.45224693  0.40161586]
  [-1.66136648  1.89293038  0.78684281]
  [-1.16728675  1.51373175 -0.35599985]
  [-0.85213676  0.9687926   1.17778787]
  [-0.02576246  0.44848324 -0.10500771]
  [-1.33447877 -0.82391264  0.44920079]
  [-2.02993479  1.22518302  1.51701357]
  [-1.08902521  0.0169139  -0.52755176]
  [-1.88719531  0.85199378  0.50940504]]]
Experiment	5	-12.674927598782993	11.438432401217007	49888	8	[[[ 0.97510804 -0.84668633  0.74203758]
  [ 0.43831704  0.05473681  1.36252235]
  [ 1.47954579 -0.29106114 -0.28362841]
  [ 2.00699175 -0.93240005  0.4347053 ]
  [ 0.65280446 -0.55822084 -1.08796013]
  [-0.35262431 -0.0202121  -0.99250531]
  [ 0.89185969 -0.86772502 -2.3496395 ]
  [ 1.44794066  0.63449523  0.46049127]
  [ 0.34788667 -0.36005098 -0.08335273]]]
Experiment	6	-12.409446148133267	11.703913851866734	61252	7	[[[-0.89063088  1.15259755  1.55438339]
  [ 1.25659932  0.02307398  1.76220014]
  [ 0.233588   -0.77221427  1.40773194]
  [-0.8919584  -0.61689307  1.12588926]
  [ 0.53567997 -1.84935471  1.55616223]
  [-1.78094815  0.12536001  1.26307926]
  [-0.52366747 -0.77098635  2.14770969]
  [-0.0422701   0.36469992  1.3726174 ]
  [-1.03416387  0.41360511  2.5       ]]]
Experiment	7	-12.397200281978416	11.716159718021585	55538	8	[[[-1.18940588  0.77305356 -0.57322481]
  [-0.12912301 -0.47835605  1.38925875]
  [ 0.81462286  0.83454455  0.29506876]
  [-0.238701   -0.67880794 -0.61533804]
  [-0.47791852  0.2367129   0.64680091]
  [-1.25827929 -0.91608257  1.4403613 ]
  [-0.45337175 -0.8770049   0.50212202]
  [-1.62155467  1.34738631  0.24949002]
  [ 0.50570339 -0.31867697  0.48400082]]]
Experiment	8	-12.79781886599337	11.31554113400663	10617	8	[[[ 0.35988346 -0.79990227 -1.63135083]
  [ 1.07374399  0.00779063 -2.06358995]
  [ 1.2320217  -0.68646896 -0.98071352]
  [ 1.15303215  0.95177107 -1.60095509]
  [-0.11020483  0.40507011 -0.11130442]
  [ 2.14458392 -0.72128415 -1.79136105]
  [ 0.13965891  1.14818794 -2.28867575]
  [ 0.13901646  0.41034785 -1.31036599]
  [-0.83581598  0.14213197 -1.6936948 ]]]
Experiment	9	-12.347444541555538	11.765915458444463	2525	9	[[[-1.47250989 -1.69200472 -0.28502637]
  [-1.40056834 -2.10631589 -2.0990772 ]
  [-2.5        -2.02616957 -1.90218013]
  [-1.74958799 -1.34108826 -1.26056865]
  [-1.63501723 -2.5        -1.04507181]
  [-2.5        -1.92848102 -0.61206197]
  [-2.49611623  2.00442174 -2.26864953]
  [-2.0386307  -0.47026893 -1.75120815]
  [ 1.37083125  1.41101195  0.22107843]]]
Experiment	10	-12.087250201713763	12.026109798286237	13496	8	[[[-0.22086675  0.69557283  0.69340785]
  [-1.88679945  1.06465834 -0.52253638]
  [ 1.03112936  0.81987703 -0.13167191]
  [-0.55943235  0.10029362 -1.28185923]
  [-0.11352014 -0.10335424 -0.18425541]
  [-0.76615707  0.8352079  -0.40462449]
  [-0.91996891  1.29943543 -1.3977197 ]
  [-2.5         1.98616465  1.06444186]
  [ 0.21390905  0.60672715 -0.9598491 ]]]
Experiment	11	-12.957946187977942	11.155413812022058	68930	6	[[[-0.10521603 -1.39902193  0.09834608]
  [-0.7757516   0.28282644  0.49094813]
  [-0.62118693  1.5273813   0.24613841]
  [-1.11611753 -0.87280818 -0.88243013]
  [ 0.30930981  0.60929421 -0.53618402]
  [-1.28723714 -1.58103089  0.14111508]
  [ 0.56913207 -0.39973785 -0.05459985]
  [-0.48816364 -0.36651753 -0.27257253]
  [-1.02595373  0.56244871 -0.462753  ]]]
Experiment	12	-13.120020264341823	10.993339735658177	9354	8	[[[-1.44455048 -0.85217131 -0.41867365]
  [-0.70463042 -2.5        -0.11907251]
  [-0.71155637 -1.08040516  1.76141404]
  [-2.5        -0.40973062  0.02457444]
  [-0.54091102 -1.54736428 -1.88639637]
  [-1.37724466 -1.9344145  -0.84987351]
  [-0.38762852 -1.56378313 -0.47059027]
  [-0.52247933 -0.58613425 -1.20418433]
  [-1.41610701 -0.96250012 -1.6025665 ]]]
Experiment	13	-13.892547194532424	10.220812805467576	39640	8	[[[-1.58948084 -0.13695077 -0.42657544]
  [-0.6504346  -1.37916302  0.76070483]
  [-0.60642191 -0.58757999 -1.52982113]
  [-1.56886184  0.13366286 -1.62267499]
  [-1.41358949 -1.46769205 -1.3461652 ]
  [-0.67642673 -0.4361004  -0.01891459]
  [-0.84116896  0.45818404 -0.84702093]
  [ 0.29015912 -0.2288353  -0.74344208]
  [-0.2788635  -1.52711824 -0.69676064]]]
Experiment	14	-13.212925658064728	10.900434341935272	27454	6	[[[ 1.45269809  0.82927861 -1.70526001]
  [ 1.91056888  0.11695353 -2.5       ]
  [ 1.98009318 -0.73760346 -0.61189372]
  [ 2.31448894 -0.06904512  0.42479912]
  [ 1.60365693 -0.3829246  -1.65067328]
  [ 0.68734942 -0.30171037 -1.00219346]
  [ 1.99010701  0.44705925 -0.59712049]
  [ 1.95226948  1.3942334  -2.5       ]
  [ 1.11350453 -0.30434793  0.39367452]]]
Experiment	15	-12.762670901508807	11.350689098491193	26593	7	[[[-0.7366414   0.18583553 -0.96294727]
  [-0.6671989   1.01983353 -0.21839464]
  [ 0.28399217 -0.1045269  -0.97876564]
  [-0.85015218 -0.46091268 -0.07862569]
  [ 0.44788273  1.10764971 -0.83313153]
  [-1.69126633  0.34662626 -1.33779019]
  [-2.17665941  1.19646627  2.5       ]
  [-0.5611268   1.18614469 -1.46511396]
  [-1.15169679 -0.81030168 -1.2208812 ]]]
Experiment	16	-12.406994680354735	11.706365319645265	87300	7	[[[ 0.5811099   0.07195512 -0.73903833]
  [-1.35869663  1.83133658  0.19609728]
  [-0.4270901  -0.18600208  0.29172458]
  [-0.89957739  0.44098494  1.13223168]
  [-0.47244251  1.70569452  0.98615165]
  [ 0.8104018  -0.06341548  0.3827092 ]
  [ 0.11501057  0.76566558  0.54403558]
  [-1.63114541  0.46282501  1.93502726]
  [ 0.38077276  0.95567321  1.67073997]]]
Experiment	17	-12.817314523551957	11.296045476448043	2056	9	[[[ 0.30736659 -2.31738636  0.45005671]
  [-0.14996549  1.35688547 -1.61687644]
  [-1.54252645  0.97670441 -1.78813632]
  [ 0.08487311  0.43193965 -0.89454188]
  [-0.78073784  0.32042009 -1.54944546]
  [-0.98092554  1.23571206 -0.72720165]
  [-0.06918994  2.14494986 -0.75527581]
  [ 0.85905193  1.25420806 -1.26177219]
  [-0.56725725  1.4850475   0.17581051]]]
Experiment	18	-11.827224192336105	12.286135807663895	8937	9	[[[ 1.72565943  0.38842546  0.23866809]
  [ 0.75644923  0.40692783  0.86354842]
  [ 0.57474841  1.57947946  1.07385156]
  [ 1.69942641  1.0832141  -0.79224504]
  [-0.29080948  1.07330758  0.54675472]
  [ 0.15326702  0.42635802  1.79741613]
  [ 1.66464739  0.44463398  1.87728064]
  [ 0.77879646  1.38167253 -0.26532976]
  [ 1.11297844 -0.26295568 -0.25434629]]]
Experiment	19	-12.461223512846846	11.652136487153154	83697	8	[[[-2.5        -1.21198165 -1.18624133]
  [-2.5         0.63066042 -2.5       ]
  [-2.19731464 -0.67721703 -2.1093033 ]
  [-1.3416021  -0.84525404 -1.52673739]
  [-1.04401398 -1.43818874 -2.3524885 ]
  [-2.15943094  0.50507886 -1.27116169]
  [ 2.21874309  0.05127797  1.01364881]
  [-1.95002754 -0.43038636 -0.67215331]
  [-1.27658246  0.3010644  -1.97444868]]]
Experiment	20	-12.709350461331487	11.404009538668513	6826	9	[[[-0.23355357  0.40687473  1.86584118]
  [-0.69043281 -0.59232499  2.5       ]
  [ 0.04993903 -0.75783493  1.66823783]
  [-0.21418379  0.45819929  0.49093176]
  [ 0.78763666  0.47375907  1.24143746]
  [ 1.02097877 -0.76445569  1.08182811]
  [ 0.08304983  1.36284464  1.2897476 ]
  [ 0.55434656 -0.40393401  2.5       ]
  [-1.06339049  1.59616363 -2.28268547]]]
Experiment	21	-12.532689440489326	11.580670559510674	61556	8	[[[ 0.61522552  0.84954817  0.44119873]
  [-0.18162204  0.07998057  0.8649107 ]
  [ 1.42537613  1.10155946 -0.24311297]
  [-0.02423234  1.17434974  1.61181919]
  [-1.36054685 -0.04533669  1.73089976]
  [-0.96686326 -0.08032699 -0.47869504]
  [-0.07593029  0.04214532  1.94408101]
  [ 0.20567983 -0.25320652 -0.15282984]
  [-0.60603146  1.07036448  0.63578642]]]
Experiment	22	-12.37901874343006	11.734341256569941	56453	6	[[[ 0.92636604 -0.60584259  0.29183157]
  [ 1.31587406 -2.5        -0.58833143]
  [ 0.12512397 -0.89036259 -1.23425966]
  [-0.15207677 -0.30597825 -0.28290475]
  [ 1.16555767 -2.29688493  0.45621296]
  [ 0.03661291 -1.32948534  0.12849663]
  [-0.70481109  2.5        -0.72807735]
  [ 1.13219282 -1.48477164 -0.3390322 ]
  [ 1.17283038 -0.38571955 -1.09881963]]]
Experiment	23	-13.055650391932845	11.057709608067155	77191	6	[[[-0.91627139  0.67991216 -2.02416406]
  [ 0.34358869  1.11618971 -1.63460907]
  [-0.08101681 -0.85251804 -1.67909148]
  [ 1.16535772 -0.57365691 -2.5       ]
  [-0.67314769 -0.35902735 -2.5       ]
  [-1.64273392  1.04553132 -1.10734506]
  [-1.08282751 -0.02107591 -1.20595638]
  [-0.31229551  0.98507369 -0.81497672]
  [-0.66256019  1.71644289 -1.48910268]]]
Experiment	24	-11.888209935576931	12.225150064423069	67241	5	[[[ 1.19921867  0.0655846   1.2043457 ]
  [ 0.17886694 -1.08893616  1.48998532]
  [ 0.18382169 -1.40336944  0.10706234]
  [ 2.04216897  0.06207096 -0.72436761]
  [-0.21394344 -0.57266324  0.49427122]
  [ 0.99803196 -0.9571124   0.76406667]
  [-0.837297   -1.54242378  0.44833782]
  [-1.30825374 -0.78999195 -0.42156765]
  [ 0.15388649 -0.01959546  1.74662403]]]
Experiment	25	-12.386574506488632	11.726785493511368	78957	6	[[[ 1.24252471 -0.88393289 -0.87732114]
  [-1.0370899  -0.04711206 -0.65792136]
  [-0.70829933 -1.35246507 -0.80808419]
  [-0.10067538 -0.96346705  0.20778585]
  [-1.22954108 -0.75041588 -1.48499532]
  [-1.63147556 -1.39057509 -0.34642296]
  [ 0.05531566  0.15229622  0.41220868]
  [-0.03923563 -0.59591045 -1.09221045]
  [-1.05710875 -0.73718915  0.81666691]]]
Experiment	26	-12.94506490374445	11.16829509625555	20753	7	[[[-0.62818867  0.48782623 -0.8858916 ]
  [-0.67732818  0.96377255 -2.5       ]
  [-1.57439339  1.19330488 -0.06094192]
  [-2.10512196 -1.09070574 -0.9728245 ]
  [-0.28808305 -0.43382099 -0.25024193]
  [-2.5         0.07107154 -0.41847147]
  [-1.6917365   0.64919438 -1.10968976]
  [-2.28358535 -0.30590904 -1.73776562]
  [-1.29385807 -0.28882554 -0.70788794]]]
Experiment	27	-13.336532080596182	10.776827919403818	37311	7	[[[ 0.6541018   2.02589388  1.02377442]
  [-0.14520927 -0.28901732  2.4573534 ]
  [ 1.1127747   0.92332386  0.98985042]
  [ 0.30391605  0.51075778  1.43562079]
  [ 0.59857401  0.54838336  2.5       ]
  [ 0.89052324 -0.54124744  2.2473614 ]
  [ 0.64292662 -0.40847212  0.9244538 ]
  [-0.66915954 -0.10575929  1.52646767]
  [ 0.72213188 -1.491938    1.50803698]]]
Experiment	28	-12.396189191973122	11.717170808026879	48604	9	[[[ 0.49156543 -0.4260624  -0.51182061]
  [-0.71770889 -0.28906409 -0.88924413]
  [-1.61672848  0.5790541  -1.63996782]
  [-0.31458095  0.3073329   0.06084855]
  [ 0.03019457  0.10289366 -1.81650932]
  [-1.44456384 -1.11502406 -2.5       ]
  [ 0.93638372 -0.75998242 -1.51690819]
  [-0.05039983 -1.00570275 -1.33876948]
  [-0.16363858 -1.09158865 -2.5       ]]]
Experiment	29	-12.973414044433587	11.139945955566413	43814	8	[[[ 1.21679997 -1.58944441 -0.97908154]
  [ 0.60019518 -0.6529135   0.61033818]
  [ 0.5531518  -1.87821434  0.19906533]
  [ 1.47719923 -0.48956028 -0.84268852]
  [ 0.43138493  0.47743527  0.31384372]
  [ 0.82502297  0.30823991 -0.59849059]
  [ 0.38673091 -1.08262342 -0.55839667]
  [ 1.78806746 -1.47948628  0.0976293 ]
  [ 1.44988592  0.38524116  0.90770512]]]
Experiment	30	-12.25567018113163	11.85768981886837	67878	6	[[[ 1.69095461 -0.73760121 -0.79617914]
  [ 0.90311051  0.093382   -1.05919206]
  [ 0.60645889 -0.45826796 -2.01332342]
  [ 0.6407562   1.5447198  -0.70598008]
  [ 1.67450621 -0.21173221 -1.7275383 ]
  [-1.97402636 -0.4900473   1.36440411]
  [-2.34123004 -1.05655194  0.40483375]
  [ 0.68707484  0.70112754 -1.97298217]
  [ 0.53797641 -0.92565013 -1.02416197]]]
