Experiment	1	-12.979646662031739	11.133713337968262	31114	8	[[[-0.16401813 -1.67298601 -0.6623569 ]
  [ 1.18437147 -0.44329479 -1.46075651]
  [ 0.31867886 -1.18123604 -1.51302172]
  [-0.651914    0.645439   -2.05056869]
  [ 0.41329057 -0.40498322 -0.68278248]
  [-0.72355255 -0.91316409 -1.13099011]
  [ 1.73298394 -2.5        -1.62810753]
  [ 0.88754468 -0.50796135 -2.5       ]
  [-0.28965939 -0.41854047 -2.22170871]]]
Experiment	2	-12.171354468229756	11.942005531770244	52904	8	[[[-0.16461979 -0.89954992  1.70674883]
  [ 2.5        -1.06596065  1.48116388]
  [-0.49228395 -0.71499631 -0.29140787]
  [-0.81829794 -0.98081223  0.87135131]
  [ 2.19779097 -1.07261237  0.41780378]
  [-0.11700269  0.03072607  0.63752597]
  [ 0.270554   -1.32919481  0.47735959]
  [-0.41365524 -2.34924775  0.19927548]
  [-0.13737234 -2.03795949  1.27791993]]]
Experiment	3	-12.621568679473873	11.491791320526128	86112	7	[[[-1.64035302 -2.02091486 -2.5       ]
  [ 0.74577161 -0.5908125  -2.10216304]
  [-0.38559469 -1.60335052 -1.55639677]
  [-0.99564757 -2.0283704  -0.26873998]
  [ 0.46708625 -1.68514877 -2.5       ]
  [-1.26645721 -1.12838769 -1.01263804]
  [-0.51886782 -2.5        -2.37967061]
  [-1.76983194 -2.16505974 -1.2784755 ]
  [-0.1997567  -0.4454588  -1.54099774]]]
Experiment	4	-13.56090942207398	10.55245057792602	59166	8	[[[ 0.28327099 -2.02091303  1.39855391]
  [ 0.78048237 -1.2949256   0.74112434]
  [ 0.91328859 -2.42523517  0.35381847]
  [ 0.05446983 -1.22644936  0.01282   ]
  [ 1.04783832 -1.43228847 -0.817804  ]
  [ 1.85974291 -1.76006844  1.06304969]
  [-0.11787336 -2.46101081 -0.07304852]
  [-0.27778534 -1.23227306  0.9507693 ]
  [ 0.67895328 -1.19015757  1.91376153]]]
Experiment	5	-12.811399865853785	11.301960134146215	50641	7	[[[ 0.47075012 -2.0622784   1.18888021]
  [ 0.26302327 -0.55871813 -0.84064966]
  [-1.24559107 -1.62953622 -0.31215221]
  [-0.32338333 -1.11119109 -0.03126383]
  [ 0.80238412 -0.70426098  0.2535107 ]
  [-0.68145839 -1.23843088 -1.12421878]
  [-2.4516798  -2.5        -0.63869761]
  [-0.49618031 -1.94456487  0.47615909]
  [ 0.14278683 -2.01973918 -0.48162221]]]
Experiment	6	-12.572946090767006	11.540413909232994	61523	8	[[[ 0.3721959  -0.55435436  0.72093659]
  [ 0.65904837  0.41516551  1.30871448]
  [ 0.11622524 -0.0207917  -0.91203967]
  [ 1.36137648  0.17534046  0.45988948]
  [-0.53792112  0.49636179 -0.13024591]
  [-1.31176047 -0.65265881 -0.06853883]
  [-1.00128104 -0.16176715 -1.11600527]
  [-1.32778225  0.9868431  -0.74788683]
  [ 0.53689509  0.85564655 -0.40017938]]]
Experiment	7	-11.944695780920545	12.168664219079455	43930	8	[[[-2.24023911 -0.57171782  1.9449916 ]
  [-2.09535572  0.97863275  2.37038197]
  [-1.27172145  1.08222555  1.34045551]
  [-2.29214507 -0.89423672  0.86768275]
  [-1.46609153  0.02793392  2.5       ]
  [-0.6255277  -0.11030048  1.3412779 ]
  [ 0.25014101  1.9120877   2.14612888]
  [-1.81416299  0.11118705  1.24941457]
  [-0.70925659 -1.15109806  1.76263184]]]
Experiment	8	-12.706037348156126	11.407322651843874	11232	8	[[[ 1.46489485 -0.08828277 -1.72190489]
  [ 0.30138842 -0.53926609 -2.01299205]
  [ 1.85837248  0.82781078 -0.74601333]
  [-0.43952064  0.49672565 -1.67837074]
  [ 1.53109736 -1.1278101  -1.03501232]
  [ 0.95988202 -0.04171524 -0.77593768]
  [ 0.8005299   0.82174344 -1.4776004 ]
  [ 0.72741499 -1.88501776 -1.15917696]
  [ 2.22417003 -0.06721987 -0.13802843]]]
Experiment	9	-11.551001919679667	12.562358080320333	16966	8	[[[ 0.53172118  0.28994237 -1.86527839]
  [-0.4183373   0.21363641 -0.17138219]
  [ 2.41783482  2.5         1.30249273]
  [-0.64956117  1.36939559 -1.8507302 ]
  [ 1.25294087 -0.52699497 -1.90043721]
  [-0.23249731  0.88482875 -1.05045226]
  [-0.9409006   0.02352418 -1.34328085]
  [-1.59627362  0.98397865 -0.88666881]
  [ 0.47239807  0.0225708  -0.82169248]]]
Experiment	10	-14.334780322184367	9.778579677815634	37362	6	[[[-0.64073623 -0.64273048  1.39113561]
  [-1.23865055 -0.84456856  0.18497451]
  [-1.50874293  2.06571807  0.24240577]
  [-0.46957353  0.9757213  -0.07899521]
  [ 0.23034529  0.16206712  1.67996897]
  [-0.58949198  1.18043417  1.14434863]
  [-0.13257207 -0.09587884  0.44615452]
  [-1.1756412   0.24835886  1.60588303]
  [-1.21229523  0.3355043   0.45012345]]]
Experiment	11	-13.968793389058503	10.144566610941498	15112	8	[[[-2.16142827 -1.03868654  0.7630167 ]
  [-1.79431413 -1.53278944  1.64755256]
  [-0.93431186 -2.5         1.27870019]
  [-2.33407432 -0.22767074  1.65757056]
  [-2.5        -0.11147123  0.41363727]
  [-0.59623313 -1.28607195  1.58341155]
  [ 0.19445557 -1.97453885  0.73430065]
  [-1.1341429  -1.58021755  0.23294768]
  [-1.32845848 -0.47849644  1.19075688]]]
Experiment	12	-12.530491666036612	11.582868333963388	87359	8	[[[ 0.67621029 -2.5        -0.93308733]
  [ 1.02410241 -2.07534597  0.46991976]
  [ 2.2806602  -0.87030784 -0.53308576]
  [ 0.06881648 -2.10873626 -0.11656217]
  [ 1.74670953 -2.5        -1.52103389]
  [ 0.1868245  -1.46579461 -1.33474556]
  [ 2.1930274  -1.92619542 -0.08710407]
  [ 1.50071085 -1.52142142 -0.84394756]
  [ 1.5344909  -1.29214988 -2.21542554]]]
Experiment	13	-13.575434262218709	10.537925737781292	52467	7	[[[ 2.01733935 -0.81433348 -0.24538246]
  [ 2.5        -0.92596623  1.81611649]
  [ 1.63644658 -0.86702062  0.89759331]
  [ 1.17420484 -1.45245615 -0.79878086]
  [ 0.7354353  -0.48958527  1.4394225 ]
  [ 2.5        -2.5         0.4960338 ]
  [ 1.60963425 -2.10259981  0.93753298]
  [ 2.5        -1.49537557  0.89225227]
  [ 1.73287693 -1.71643648  2.03207673]]]
Experiment	14	-12.617542276367356	11.495817723632644	67693	7	[[[ 0.50728076 -1.11065195  0.79086652]
  [ 0.14507512 -0.41776428 -0.4948236 ]
  [-0.51189209 -2.32565546 -1.11853094]
  [ 0.32085781  0.42612534  0.26548639]
  [ 0.33565821 -2.31962755  0.79728307]
  [-0.96529177 -0.52465006 -0.59731522]
  [ 0.16506326 -1.76729187 -0.38576448]
  [-0.48712043 -2.5        -0.10005462]
  [-0.79155749 -1.47137248  0.02675011]]]
Experiment	15	-11.804530457905742	12.308829542094259	14423	9	[[[ 0.15304552 -1.22588923 -0.83969089]
  [ 1.3900231  -1.5507702  -1.00809321]
  [ 0.67340081 -0.97556445  1.32663239]
  [ 0.19937562 -0.86873574  0.23159035]
  [ 1.50001157 -0.59718095 -2.5       ]
  [ 1.37680939 -0.85443739 -0.13121721]
  [ 2.45105523 -1.8502277  -0.21799036]
  [ 1.09798986 -0.58752285 -1.47511153]
  [ 0.64264389 -0.01038181  0.84145128]]]
Experiment	16	-13.20271428156213	10.91064571843787	72318	6	[[[ 2.5         1.20769957  2.5       ]
  [ 2.44341538 -0.51768184  1.02540283]
  [ 2.5        -0.47404694 -0.15737955]
  [ 2.5         0.68077472  0.63379979]
  [ 1.38825418  0.13017204  0.65863534]
  [ 1.15302727  1.0980464   2.46551105]
  [ 0.1774801   0.16653125  1.34378127]
  [ 0.94521618  1.02508409  1.12649605]
  [ 1.88858044  0.506726    1.61971567]]]
Experiment	17	-12.141206026599754	11.972153973400246	25221	8	[[[ 0.78556955 -2.5         1.20257755]
  [-0.95837506 -0.77046238  0.4092274 ]
  [ 0.03602216 -0.27602841  0.35309858]
  [-1.00204528 -2.37570372  2.5       ]
  [ 0.80533383 -1.36489118 -0.14562458]
  [-0.48227374 -0.54563803  1.40192613]
  [ 1.3589575  -1.32907931  0.96782554]
  [ 0.31380497 -1.55626918  0.86644757]
  [ 0.99299516 -2.5         0.0948042 ]]]
Experiment	18	-12.92230287216587	11.19105712783413	34308	9	[[[ 1.80071015  0.71105608  1.3625085 ]
  [-0.50433656  0.5826261   1.4676943 ]
  [-0.32144226  1.87968122  2.35378354]
  [ 0.18503019  0.24164531  2.19776905]
  [-1.13329363  1.52349307  0.97812481]
  [ 0.38992785  1.18573519  1.77012947]
  [-1.22796983  0.06446959  2.38501808]
  [-0.27947972  2.17689148  1.01646172]
  [-1.3399543   1.17630261  2.00055722]]]
Experiment	19	-11.66191355203637	12.45144644796363	19265	7	[[[-0.78253042  1.22545719 -1.80202792]
  [ 1.05584433  1.20037565 -0.15911274]
  [ 2.5         1.62874205  0.74042553]
  [ 0.60842453  2.45801532  0.28301332]
  [ 0.44792577  1.83404845  1.25961021]
  [ 1.60267749  1.9917179   0.42309608]
  [ 1.4887519   1.99473491  1.66427206]
  [ 2.5        -0.95897058 -2.5       ]
  [ 1.25866122  1.10166917  0.99312186]]]
Experiment	20	-11.791588793537617	12.321771206462383	49801	6	[[[-3.51307911e-01 -1.18624060e+00  9.54757923e-02]
  [-7.71092438e-01 -5.99823305e-01 -8.79764958e-01]
  [-1.29784651e+00 -8.08864414e-01  1.00979258e-01]
  [-5.89817769e-01 -1.27012756e-03 -2.89755531e-02]
  [-1.80882806e+00 -2.02894949e-01  1.33904845e+00]
  [ 9.90929213e-01  1.20962931e+00  2.50000000e+00]
  [ 3.15647871e-01 -4.06397670e-01 -4.40823140e-01]
  [ 6.18562367e-01 -5.35783666e-01  6.32639242e-01]
  [-2.13995618e+00 -1.54933391e+00 -9.77487653e-02]]]
Experiment	21	-13.155892509934215	10.957467490065785	22638	7	[[[-0.09535404  0.33842385  0.21379255]
  [-0.53455788 -0.03138338  1.12149509]
  [ 1.54316113  0.9410241  -1.5478538 ]
  [ 0.7422036  -0.34527041  0.45972565]
  [ 1.59529573  1.6645554  -0.16109922]
  [ 0.30532474  1.40797223  0.43370524]
  [ 0.97105602  0.62684886 -0.36801949]
  [ 0.5075145   1.56323825 -0.77210719]
  [ 1.22187217  2.5        -0.83307637]]]
Experiment	22	-12.7162648609536	11.3970951390464	24114	8	[[[-0.19018884  0.3943877  -1.67167936]
  [-0.98697823 -0.41911098 -1.89224867]
  [-1.15840262  0.34975562 -1.00160288]
  [ 1.84624483 -0.70229433 -0.96686846]
  [-2.5        -1.3399388  -1.40401242]
  [ 0.52677281 -0.31080854 -2.5       ]
  [ 0.92100285 -0.8029855  -1.41496458]
  [ 0.86356967  0.21789979 -1.18840778]
  [-0.16536169 -0.49659873 -1.08860657]]]
Experiment	23	-11.963885394475543	12.149474605524457	31885	6	[[[-1.39968158  2.2684103  -1.57217783]
  [-0.9898633  -2.19255436  2.5       ]
  [ 0.23386101 -2.5         1.01353002]
  [ 0.20410958 -1.46136366  0.62043194]
  [-0.921236   -0.74189505  1.92277287]
  [ 0.17671247 -1.37417875  2.4265118 ]
  [ 0.99082227 -2.23371595  1.95243257]
  [-0.46733933 -1.79569411  1.64634032]
  [ 0.76219923 -1.11650291  1.64511579]]]
Experiment	24	-12.844670370242719	11.268689629757281	58495	6	[[[ 0.07305965  1.51039186 -2.05101119]
  [-1.22451216  0.82267944 -0.53246337]
  [-0.53597576  1.36767356  0.46096193]
  [-0.09364416  0.74270681 -0.53365435]
  [ 0.8358263   1.99519889  0.9360804 ]
  [-1.09542883  1.97441494 -0.6840047 ]
  [-0.86430554  0.96315757 -1.61020434]
  [-0.19879782  2.5         0.56210887]
  [-0.09088607  2.09137301 -1.10793766]]]
Experiment	25	-12.339409052124777	11.773950947875223	57505	8	[[[ 1.35265324  1.15418178  0.83784051]
  [ 0.27764891  1.53210519 -0.06723522]
  [ 0.45036887  0.31809015  0.83473058]
  [-0.43015126  0.73601461  0.40666705]
  [ 0.32787878  1.41601795  1.29283289]
  [-0.60281099  0.6229185   2.5       ]
  [ 2.0648039   2.14205644  0.13070796]
  [ 1.62086014  1.21194883  1.94005018]
  [ 0.36796627  0.53343956  1.87606992]]]
Experiment	26	-13.865648024949103	10.247711975050898	80805	7	[[[-1.01413969  0.49969949 -0.31684603]
  [-1.69043785  1.33291501  0.19347747]
  [-1.09693616  0.79228911  0.90750316]
  [-0.31434396  1.87984942  1.8444609 ]
  [-0.38422141  1.41618948  0.58915962]
  [-0.67327035  1.93592815 -0.44930932]
  [ 0.26670193  1.90888658 -0.02938587]
  [-0.09799398  0.30344187  0.4913644 ]
  [-0.279412    2.5         0.89614383]]]
Experiment	27	-12.586622328274194	11.526737671725806	76308	7	[[[-1.38082159  0.88691408 -1.35103574]
  [ 0.79605672  0.96960824  0.10706621]
  [ 0.50990125  2.02343998 -0.88568496]
  [-0.921493    2.46709206 -0.73479569]
  [ 1.39022686  1.43199921 -0.72133788]
  [ 0.53639345  0.91755223 -1.02485277]
  [-0.22449685  1.37891081 -2.12286962]
  [ 1.40245288  0.34848857 -0.54758195]
  [-0.28036706  2.5        -1.71659745]]]
Experiment	28	-13.976689278337115	10.136670721662885	51292	6	[[[-0.73979466  1.72812601 -0.62194838]
  [-0.8367523   0.46940565 -0.5321231 ]
  [-0.77908682 -0.79165874 -0.90424741]
  [-1.68225299  0.04857315 -0.17177902]
  [-0.17559975 -0.71737108  0.11293168]
  [-1.41533426 -1.05602192  0.36558563]
  [-2.13434647 -0.95787954 -0.4223398 ]
  [-0.61322633  0.18010871 -1.60331385]
  [-1.65948385 -0.01518043 -1.35275291]]]
Experiment	29	-13.143110207668872	10.970249792331128	49421	7	[[[ 0.94243021  1.64699422  0.37628831]
  [ 0.16601955  1.07284189 -0.42897651]
  [ 1.49930579  1.28149315 -2.5       ]
  [ 0.93984922  0.85862788 -1.59314411]
  [ 1.64651785  1.84829094 -0.72275974]
  [ 1.23119438  2.12540808 -1.68775202]
  [ 2.41271793  0.76230817 -2.18607497]
  [ 1.47092743  0.76607923 -0.71841998]
  [ 1.35443557  0.20521626 -2.42345411]]]
Experiment	30	-11.885314735191361	12.228045264808639	62866	7	[[[-2.04201725 -0.03090444 -1.7008177 ]
  [-0.87803481  1.35425614 -0.47120853]
  [-0.93821508  0.25709108  1.41215029]
  [-2.06700395 -0.49483551  0.43603972]
  [-0.55442339  0.20812177 -0.0809533 ]
  [-1.45851443  0.45446522 -0.8049405 ]
  [-1.58235789  0.65817994  0.27936909]
  [ 2.14661757  1.58784365  0.14378694]
  [-2.5         0.37800954 -0.36841362]]]
