Experiment	1	-14.905168573542072	9.208191426457928	64108	4	[[[-2.24233738 -0.34787113  0.6676243 ]
  [-0.24343507 -0.21316617 -0.32833418]
  [ 0.60827674  0.62204258 -0.72162307]
  [ 0.66576056 -0.28086679  0.36619519]
  [ 0.45981429  0.75811168  0.40597048]
  [-1.45234977 -0.17134524 -0.23287783]
  [-0.50572449  0.77233925 -0.07361719]
  [-0.78320537 -0.22962256  0.72338187]
  [-1.11646968 -1.33567323  0.49451184]]]
Experiment	2	-14.9640657008188	9.1492942991812	21937	7	[[[ 0.10010061  0.27822957 -0.11143347]
  [ 0.27329108  1.20957856 -0.69804904]
  [ 0.542073    0.38353905  1.12439539]
  [ 1.68007847  1.14771642  1.12903928]
  [-0.48999704  2.16429453 -1.0290203 ]
  [-0.02026769  1.39631393  1.55541589]
  [ 0.27234975  1.22314673  0.49306086]
  [-0.28259156  2.18237589  0.02933774]
  [-0.79691005  1.15791701 -0.23914384]]]
Experiment	3	-14.565818066806463	9.547541933193537	10873	8	[[[-0.66488556  0.49117256  0.0475452 ]
  [ 0.1085234   1.02067641  0.52026496]
  [-0.0865027  -0.43569977 -0.62605592]
  [ 0.56487829  0.01750487  0.64395215]
  [ 0.50062912  0.40039912 -0.37856985]
  [-0.28468742  1.36518552 -0.4692387 ]
  [-0.06467755  2.12065009  0.36986726]
  [ 1.9340883   0.47454987  0.21498387]
  [ 1.40072025 -0.69230535 -0.03441338]]]
Experiment	4	-14.341950736220978	9.771409263779022	30719	7	[[[-0.45408702 -0.51027047  0.58829092]
  [-0.27041032  0.54377943  0.46326055]
  [ 0.62873315 -0.417006    1.00673881]
  [-0.13521293  0.45265367 -1.44971211]
  [ 0.75458491 -0.16468496 -0.29410504]
  [ 0.70116129  0.77617595  0.20146559]
  [-0.37329166  1.30243021 -0.24874384]
  [-0.84289145  0.25438587 -0.47924486]
  [ 0.2203417  -1.08729982 -0.13009765]]]
Experiment	5	-14.108286778958384	10.005073221041616	39832	6	[[[-0.14961414 -1.1195814   0.34168264]
  [ 0.0120508  -0.06984566 -0.25731667]
  [-1.04264399  0.14506386  0.09113095]
  [ 0.28009854  0.26215965 -1.73370018]
  [ 0.12876775 -1.71910639 -0.56460969]
  [ 0.77827799 -0.85516818 -1.00320538]
  [ 1.14785801 -1.28102254  0.08044781]
  [-0.94543187  0.58250197 -0.91914512]
  [-0.55977429 -0.67471879 -0.92228661]]]
Experiment	6	-13.599230745932486	10.514129254067514	41893	8	[[[-1.021734    0.45929425  1.03786805]
  [-1.48474437 -0.41179901  0.46430068]
  [-2.06224682 -0.745999   -0.40232175]
  [-0.34080404 -0.07101874  0.07385619]
  [-0.96540377 -0.97725314 -0.37144371]
  [-0.65927349  1.00169049  0.23201801]
  [ 0.60864766 -0.90771276  1.34530845]
  [-2.35174255  1.15068334  0.5778591 ]
  [-1.6223152   0.41768405 -0.16559241]]]
Experiment	7	-12.674816781013345	11.438543218986656	27994	8	[[[-0.3186415  -1.27367946 -1.08090516]
  [-1.63809241  0.34153425 -1.21964022]
  [-1.55845047 -1.06180858  0.17836637]
  [-1.2158683  -0.65590742 -0.85511173]
  [ 0.17526287 -0.18438619 -1.25049741]
  [-0.41475535 -0.80186917 -0.15110267]
  [ 1.0851035  -0.1792677   0.93286914]
  [-1.60561882 -2.0560633  -0.79167746]
  [-0.64979657 -1.9473078  -0.16338801]]]
Experiment	8	-14.952978272930254	9.160381727069746	54035	5	[[[ 0.22494866 -0.63435666 -0.27552534]
  [-0.61021158 -0.39004121  0.4902275 ]
  [ 0.24938567  0.38016526  0.47658729]
  [ 0.22598435  0.59937477 -0.58332612]
  [-0.57064938  0.32875583  1.49662291]
  [ 1.5106508   0.17166578 -0.22022678]
  [ 1.2759105  -0.07019231  0.77846674]
  [ 0.26557102  1.50291161  0.91314898]
  [ 1.22767984  1.09369023  0.37966155]]]
Experiment	9	-13.361755578219823	10.751604421780177	88703	5	[[[ 0.51630033  2.14894547 -0.17052988]
  [ 0.81028658  0.96376511 -0.23291805]
  [ 1.59002686  0.15324021  0.27995061]
  [-0.20699509  1.36950218 -0.40890394]
  [ 0.47820888 -0.0693347  -0.28851706]
  [-0.51537934  0.30956941 -0.92340957]
  [ 0.32171534  1.47091695  0.88275838]
  [ 0.3913862  -0.1884906  -1.38446431]
  [ 2.140614    0.61319518 -0.51376118]]]
Experiment	10	-13.528250639865057	10.585109360134943	16453	9	[[[-0.38749901 -0.12246282 -0.64931711]
  [ 0.54918679 -0.02265019 -0.12774286]
  [ 0.12007912  0.04668479  1.07318729]
  [-0.63576822 -0.88580623  0.64276277]
  [ 0.72790539  0.85459689  0.4334685 ]
  [-0.41404944  0.60104167  0.2304395 ]
  [ 0.46205144 -0.92584102  0.76662998]
  [-1.10121534 -0.05422665  2.41203277]
  [-1.59833183  0.04356081 -0.10238957]]]
Experiment	11	-16.27374022845586	7.83961977154414	34263	7	[[[-0.4513591  -1.36526928 -0.37349157]
  [-0.76407662 -0.38054392  0.0684287 ]
  [ 0.87410102 -1.75176326 -1.62536932]
  [-0.27375445 -1.99376883 -1.28541532]
  [ 0.36694417 -1.11211362  0.38354906]
  [ 0.8901473  -1.85627555 -0.36440498]
  [ 1.57301812 -0.91184287 -0.43038742]
  [ 0.04921361 -2.5        -0.05171958]
  [ 0.34465042 -0.99645386 -0.93103428]]]
Experiment	12	-13.28596137958338	10.82739862041662	36820	5	[[[-1.47880898 -1.53906538  1.87578733]
  [ 0.2324666  -0.50091518 -0.259979  ]
  [-1.49187355 -0.37640971  0.80529081]
  [ 0.67735365  0.37051043 -1.06999692]
  [-0.03987729  0.59307697  0.12911262]
  [-0.56525039 -1.15007812  0.41834928]
  [-1.04535689 -1.97342755  1.04169575]
  [-1.03618114 -0.21841589 -0.17643164]
  [-0.13818304 -0.21397542  0.87553156]]]
Experiment	13	-15.832587818588344	8.280772181411656	57267	5	[[[ 1.15923343  2.17010309  0.98079533]
  [ 0.03873493  0.83330121 -0.79625857]
  [ 0.92969014  0.84845062 -0.00968761]
  [ 0.29230933  1.87879134 -0.11240984]
  [-0.16256494  1.86926015 -1.17287943]
  [-0.82846955  0.1620702  -0.50811382]
  [-0.95145894  1.40155013 -0.59419703]
  [-0.72651126  1.80365769  0.63588552]
  [-0.34253838  0.77830544  0.16190615]]]
Experiment	14	-14.593611850340894	9.519748149659106	15256	8	[[[ 0.74272144 -0.26293383 -2.32134961]
  [ 0.88073345  0.57386143 -1.49933793]
  [-0.16944697 -0.09811934 -0.80319393]
  [-0.72827788  1.06819074 -0.7732248 ]
  [-1.14217503  0.01822201 -1.15439098]
  [ 0.55395622  0.26460437 -0.17150269]
  [-0.29939583  0.58922981 -1.61585763]
  [ 0.17297673  1.51676983 -1.1000233 ]
  [ 1.18908391  1.63002781 -1.51345426]]]
Experiment	15	-15.45312625618143	8.66023374381857	36998	7	[[[ 1.06147791  0.03585914  0.57968094]
  [ 1.12028777  0.73802571  1.4899372 ]
  [-0.22564484  0.82372711  1.90247576]
  [-0.80565042 -0.30035281  1.71470256]
  [ 0.07037352 -0.56665968  0.21842186]
  [-1.1927336   1.05579365  0.89018294]
  [ 0.29506054  1.1251935   0.85608476]
  [ 0.25273    -0.05544164  1.33390329]
  [ 0.6842648   0.38553671  2.38412284]]]
Experiment	16	-13.541986918001896	10.571373081998104	12682	8	[[[-0.32049441 -2.13310714 -2.00196676]
  [ 2.21201377 -0.65792686  0.08545859]
  [ 0.30266131 -1.23320245  0.49694181]
  [ 1.5991748   0.261231    0.45592272]
  [ 0.12244335 -0.35754352 -0.33379232]
  [ 1.240139   -0.71190743  1.30065263]
  [ 0.57550298 -0.05805279  0.74102846]
  [ 1.87226921 -1.37376769  0.77667701]
  [ 1.08063879 -0.86483072 -0.3150203 ]]]
Experiment	17	-14.954873954205361	9.158486045794639	36869	6	[[[ 0.50484038 -0.08160053  0.37331182]
  [ 0.65343942  0.03888064 -0.74816947]
  [-1.47800007  0.13600675 -0.55200974]
  [-0.72909395  0.68405241 -1.47179814]
  [-0.55036524  0.82199708 -0.38494422]
  [ 1.42579653  0.73709249  0.10994046]
  [ 0.13855592 -0.90866418 -1.37750855]
  [-0.39851138 -0.3105525  -0.43965645]
  [ 0.41778906  1.07527068 -1.04889527]]]
Experiment	18	-13.678174810966835	10.435185189033165	77734	6	[[[-1.01388002e+00 -1.26843002e+00  1.05232491e+00]
  [ 2.22427701e+00 -9.21567995e-01  1.70575750e+00]
  [ 4.56205263e-01  1.88008714e-01  1.67699930e+00]
  [-1.33179552e-03 -6.38200194e-01  1.27805529e+00]
  [ 2.63495523e-01 -9.81547449e-02  4.18820770e-01]
  [ 8.46861590e-01 -8.86827454e-01  5.00796398e-02]
  [-3.13442326e-01 -9.32782663e-01  1.62463512e-01]
  [ 8.73159031e-01 -1.67564997e+00  1.77421239e+00]
  [ 1.14765908e+00 -4.84632723e-01  1.15595552e+00]]]
Experiment	19	-14.874666891503653	9.238693108496348	17631	9	[[[-0.38674992  0.05382801  0.29204008]
  [ 0.69540212  0.59203372  0.59875667]
  [-0.25961239  1.05912726  0.38728025]
  [-0.21057055  0.75737839 -0.61836063]
  [ 1.04950645  0.68850175 -0.59914549]
  [-1.15628824 -0.78774487 -0.07560374]
  [ 0.4628023   1.555508   -0.68515053]
  [-0.21596412 -0.41633968 -0.86429187]
  [ 1.21681815  1.61332637  0.21119117]]]
Experiment	20	-14.423789073398796	9.689570926601204	54404	7	[[[ 0.54405655  0.91910244 -0.12870473]
  [ 0.29388604 -0.71475317 -1.22788028]
  [ 0.71475232 -0.37126789  0.11184228]
  [-0.25246236 -0.01788027 -0.43840129]
  [ 0.74991466 -0.08855988 -2.5       ]
  [-0.28718367  0.3528306  -1.55525946]
  [ 0.83701462  0.25443826 -1.52202079]
  [-0.46420062  0.70833664  0.36893032]
  [ 0.69440939  1.29313119 -1.29600747]]]
Experiment	21	-15.046542831132362	9.066817168867638	16628	8	[[[ 2.45448337  1.60186341 -2.5       ]
  [ 1.06322032  1.43752547 -1.23553956]
  [ 0.75374468  0.86827787 -0.33522036]
  [ 1.79252184  0.79334275 -2.01098927]
  [ 2.43092532  0.93033835 -0.69792419]
  [ 1.67180719  1.50634109 -0.26922198]
  [ 0.95136054  0.40014247 -1.23554833]
  [ 2.42838602  1.967758   -1.26322561]
  [ 1.57762675  2.5        -0.72362893]]]
Experiment	22	-15.067623111746427	9.045736888253574	40490	7	[[[-0.07969767  0.40417693  0.62131833]
  [-0.95060415  1.4578926   1.1793128 ]
  [-0.2377876   0.77230876  1.79624986]
  [-1.7601653   1.34896206 -0.16995087]
  [-1.07255502  0.43312593  0.8617489 ]
  [-0.87800864  0.6865514  -0.1820327 ]
  [ 0.16236939  1.5963625   0.87673516]
  [-0.70179523  1.74012279  0.05988481]
  [ 1.26955809 -1.18824412  1.08122005]]]
Experiment	23	-14.519173067113039	9.594186932886961	88619	6	[[[ 0.26544977 -0.66129799  0.34002262]
  [ 0.46650192 -1.93107953  0.0738174 ]
  [ 0.51669188 -1.36198956 -0.86515503]
  [ 1.5848481  -1.13641538  0.53413438]
  [ 1.1081402  -0.48599894 -0.25064281]
  [ 1.44092375 -2.38536932  0.81148142]
  [ 1.46936049 -1.66591989 -0.44176147]
  [ 2.45670246 -1.31548276  0.07183804]
  [ 2.19702031  0.03616834  0.50462792]]]
Experiment	24	-14.633093434132581	9.480266565867419	12483	8	[[[-0.99653088  0.88951957 -0.97052871]
  [-1.87411504  0.86397115 -0.32480949]
  [-1.70934749 -0.44703879 -1.47134252]
  [-2.5        -0.23190958 -0.583179  ]
  [-1.55037634 -1.00867941 -0.44675069]
  [-0.64776892  0.78129079 -2.11916034]
  [-1.6497483   1.12883565 -1.94884722]
  [-0.84427265  0.53500113  0.21704522]
  [-1.20684454 -0.06938717 -0.61775344]]]
Experiment	25	-17.45537759433087	6.657982405669131	26107	8	[[[ 0.63875562 -0.78370359  0.37738639]
  [-0.97657109 -0.09896533  0.54274708]
  [-0.86094047 -1.12386329 -0.1331743 ]
  [-0.40816399 -1.02113525  0.82954216]
  [-0.04773092  0.41212192 -1.23102041]
  [ 0.35266341  0.47008319  0.66054705]
  [-0.65989132  0.83419098 -0.15327169]
  [-0.06265004 -0.07582427 -0.18784338]
  [-1.05728015  0.05468502 -0.85189263]]]
Experiment	26	-12.923333680970698	11.190026319029302	45036	5	[[[-2.11915766 -1.28364244 -1.22091684]
  [-0.04277134 -0.2815079  -0.22600442]
  [ 0.39500448  0.63088096  0.31754574]
  [-0.14685112 -0.25767237  0.91940008]
  [-0.23316532 -1.2054845   0.57697383]
  [ 0.9404895  -0.43985013  0.48456988]
  [-0.65525209  0.81864589  0.25281302]
  [ 1.53871322  0.94037472 -0.49397469]
  [-1.10469013 -0.50131095  0.06162009]]]
Experiment	27	-16.035830106917423	8.077529893082577	6011	9	[[[-0.0489468   0.6154404  -0.94997272]
  [ 0.38259475  1.78016256  0.62829943]
  [ 1.22037019  0.82711805  1.16194512]
  [-0.68160875 -0.9599275   0.01415688]
  [-0.52246565  1.1657763   0.16968814]
  [-0.07160755  0.75520344  1.08599785]
  [-0.23864866  0.02447566  0.16321924]
  [ 0.7924095  -0.51734338  0.3123281 ]
  [ 0.48748516  0.83708471  0.02869473]]]
Experiment	28	-15.465279945310762	8.648080054689238	27888	6	[[[ 0.74970054  0.60344362  1.41085993]
  [-0.14229321 -0.74873467  0.36074599]
  [-0.40111982  0.61602433  1.09322659]
  [ 0.71010877 -1.43596964  1.7208705 ]
  [-0.29129913 -1.85735694  0.37116971]
  [ 0.68539646 -0.56475015  0.99445707]
  [-0.28407278 -1.17951259  1.33859003]
  [ 1.06342201  0.20862371  2.5       ]
  [ 0.10641231 -0.14740884  1.98272017]]]
Experiment	29	-14.585489023683527	9.527870976316473	63768	7	[[[ 0.85832367 -1.12435799  0.53187133]
  [-0.54658582 -1.16065226  2.5       ]
  [ 0.34378096 -0.07369223  0.33850312]
  [ 0.10631536 -1.2073709   1.52090515]
  [-0.13613264 -1.75812917  0.28151279]
  [-0.25051364 -1.58412923 -0.89488873]
  [ 0.79174773 -1.38609191 -0.64319523]
  [-0.14646358 -0.74814177 -0.32688932]
  [ 0.39865666 -2.5        -0.57040383]]]
Experiment	30	-14.852043506879639	9.261316493120361	27831	7	[[[ 0.05709657  0.34926418 -0.53543712]
  [-1.0349644   0.33195305  0.56803587]
  [-0.40287783  1.36461759 -0.20488227]
  [ 0.6424208   1.16674111 -0.08878938]
  [ 0.38046265  1.81428859  0.97894971]
  [-0.04844857  0.80869224  0.73434781]
  [-1.76372076 -0.41915461  0.02399796]
  [-1.05715004  0.20295072 -0.48071621]
  [ 1.8085107   0.95487543  0.22912152]]]
