Experiment	1	-5.840548785840719	0.1594512141592812	325725	6	[[[ 0.40145325 -0.84688034  0.24445448]
  [ 1.4931526  -1.00946377  0.73481039]
  [ 1.35548986 -0.86751685 -0.35619014]
  [ 0.98370176 -1.8200931   0.16920216]]]
Experiment	2	-5.661244305077245	0.3387556949227548	236950	8	[[[ 0.26862617 -0.98256319 -0.3598103 ]
  [-0.39263319 -0.49408483  0.31734959]
  [ 0.48876147 -1.10158487  0.73246429]
  [-0.48555307 -1.57999471  0.38363635]]]
Experiment	3	-5.7211030352150605	0.2788969647849395	344452	8	[[[ 1.72470715 -1.18621428  0.16920134]
  [ 1.47356589 -1.46202231 -0.90920538]
  [ 2.5        -1.77198726 -0.39539332]
  [ 2.23226062 -0.68505928 -0.77993868]]]
Experiment	4	-5.753271620744604	0.24672837925539604	283772	7	[[[-2.5        -0.19945603  0.34110841]
  [-2.04838697 -0.32643928  1.34394976]
  [-1.55300366 -0.70301641  0.45757635]
  [-2.5        -1.16690235  0.82739072]]]
Experiment	5	-5.723173398057999	0.2768266019420009	328036	5	[[[ 1.51788153 -0.45254546 -1.65284801]
  [ 0.32746702 -0.68261713 -1.54692456]
  [ 0.99949132 -0.63341086 -0.65612203]
  [ 1.13203221 -1.51898059 -1.34630895]]]
Experiment	6	-5.5940636660995136	0.40593633390048645	143286	8	[[[ 0.14339887 -1.2162874   1.90798134]
  [ 0.97086573 -0.46141144  1.93199892]
  [ 1.12189187 -1.63190723  1.4926853 ]
  [ 0.64346318 -0.81967712  0.9681575 ]]]
Experiment	7	-5.809364960383064	0.19063503961693584	173966	8	[[[-2.32163393  0.90883176 -2.38450595]
  [-1.52158233  0.44157176 -1.79380453]
  [-2.5         0.64987504 -1.23469339]
  [-2.5        -0.12644707 -2.06774052]]]
Experiment	8	-5.771942580746721	0.22805741925327894	9983	9	[[[-1.3801063  -0.78581777 -0.80191783]
  [-2.45024596 -0.83637502 -1.02823315]
  [-1.6883663  -0.46589044 -1.86843209]
  [-1.93197596  0.20005747 -1.03627301]]]
Experiment	9	-5.6888172738268965	0.3111827261731035	137589	8	[[[2.5        1.28819099 1.68173777]
  [1.29017525 1.22808678 1.66254712]
  [1.89636737 0.4748144  2.28478525]
  [1.92990903 0.43429635 1.12731937]]]
Experiment	10	-5.709313196102818	0.2906868038971817	253254	8	[[[-0.45513532  1.04136552  0.05340547]
  [-1.41410074  1.5611133  -0.1338422 ]
  [-0.4830905   2.0884033  -0.57455854]
  [-0.68358312  2.10346294  0.54213865]]]
Experiment	11	-5.6998402028991	0.3001597971008998	60089	8	[[[ 1.79942247 -1.91442345 -1.11178463]
  [ 0.76414122 -1.46026208 -0.62135364]
  [ 1.1013337  -2.5        -0.48317961]
  [ 0.83047287 -2.1798162  -1.54778829]]]
Experiment	12	-5.708901113903022	0.29109888609697787	329312	8	[[[ 0.77888632 -1.46175171  1.45251993]
  [-0.10591701 -1.96267876  2.11910476]
  [ 0.92649317 -2.39863269  2.15046113]
  [ 0.29470973 -2.5         1.19497679]]]
Experiment	13	-5.779041593922626	0.22095840607737394	70271	8	[[[-1.76761541  1.40550572  0.74899314]
  [-2.27412028  2.32910151  0.34505755]
  [-1.46957708  1.81590969 -0.34045416]
  [-2.5         1.3616083  -0.15326675]]]
Experiment	14	-5.825800368888359	0.17419963111164094	187106	9	[[[ 0.60689853 -1.139012   -0.21139109]
  [ 0.88877478 -2.16457515 -0.62312284]
  [ 0.66581718 -2.06832955  0.51027664]
  [-0.19530151 -1.94782774 -0.22627088]]]
Experiment	15	-5.6222787519824395	0.37772124801756046	56015	8	[[[ 0.83930517 -2.5         0.67366921]
  [-0.01705438 -2.5         0.03894451]
  [ 0.98607733 -2.5        -0.47993873]
  [ 0.74540427 -1.58724582  0.12495533]]]
Experiment	16	-5.765563513184136	0.2344364868158637	335528	7	[[[ 0.86852884 -1.57183456 -0.88669277]
  [ 0.45046481 -0.50054612 -0.80532043]
  [ 0.23960642 -1.17295302 -1.70888282]
  [-0.23464226 -1.5253471  -0.7432421 ]]]
Experiment	17	-5.736440332680001	0.26355966731999914	236993	9	[[[ 1.75369259 -1.70632129  0.8656983 ]
  [ 1.2937423  -0.8078862   1.41903561]
  [ 0.72564663 -1.79430568  1.34999189]
  [ 1.61367016 -1.82880825  2.02252159]]]
Experiment	18	-5.843274346023083	0.15672565397691685	264055	7	[[[-1.92675755 -1.57397939 -1.20845265]
  [-2.5        -1.53155775 -2.11698401]
  [-1.73347159 -2.38560013 -1.9804055 ]
  [-1.39406356 -1.29339797 -2.17109681]]]
Experiment	19	-5.87658703213673	0.12341296786326961	34628	9	[[[ 1.71824935 -2.13947777 -0.59709522]
  [ 1.76074337 -1.10504872 -0.95863815]
  [ 0.95449464 -1.74836784 -1.28559334]
  [ 0.99548108 -1.41307274 -0.19927135]]]
Experiment	20	-5.603994994674928	0.39600500532507166	28739	9	[[[ 0.93659198 -0.45426515 -1.40973081]
  [ 1.14943426  0.10761159 -2.5       ]
  [ 1.36472462  0.51722209 -1.46266483]
  [ 0.32581356  0.4066544  -1.78864447]]]
Experiment	21	-5.796944065737622	0.20305593426237767	247178	7	[[[-1.30531946 -0.81235322  2.5       ]
  [-1.90836298 -0.47154611  1.56522918]
  [-2.37082102 -0.92434989  2.5       ]
  [-1.91869339  0.15256862  2.5       ]]]
Experiment	22	-5.775629186999398	0.22437081300060235	286896	8	[[[ 1.11183527  1.34438268 -1.59458669]
  [ 1.46485009  2.00783564 -0.76081515]
  [ 1.63771767  2.28170501 -1.89300303]
  [ 2.15565305  1.44225542 -1.3953408 ]]]
Experiment	23	-5.699599191497261	0.3004008085027392	94911	8	[[[-1.51320494 -2.5        -2.17342595]
  [-2.21727114 -1.56428994 -1.80038491]
  [-1.28400549 -1.42537441 -2.41382441]
  [-1.21574502 -1.78470788 -1.2947755 ]]]
Experiment	24	-5.781969728355914	0.21803027164408562	67262	8	[[[-1.14868634e-03 -8.31857610e-01  6.55225082e-01]
  [-5.73010214e-01 -1.00570188e+00  1.60779356e+00]
  [-8.53542756e-02 -1.91278434e+00  1.10591139e+00]
  [-9.38211862e-01 -1.48253285e+00  5.65388285e-01]]]
Experiment	25	-5.775930003660522	0.22406999633947766	54625	8	[[[-1.21257882  0.07863209 -1.51257736]
  [-1.62266737  0.48558828 -2.5       ]
  [-0.69220748  1.03016544 -2.09846982]
  [-1.67021934  1.08630422 -1.54511519]]]
Experiment	26	-5.739490422390684	0.2605095776093158	8543	9	[[[ 2.43302441  2.5        -0.34921769]
  [ 2.33840229  1.77897018  0.57411032]
  [ 2.15907194  1.39690293 -0.53636978]
  [ 1.42254595  2.0554498  -0.09087701]]]
Experiment	27	-5.665647389703069	0.3343526102969312	219286	8	[[[-0.83634499  1.94727292  1.53633082]
  [-0.98850551  1.35822946  2.4532744 ]
  [-0.61616274  2.5         2.5       ]
  [ 0.05709396  1.55596138  2.20355066]]]
Experiment	28	-5.716792827475447	0.28320717252455285	143073	8	[[[ 2.00764191 -1.65239781 -2.31549131]
  [ 1.35469878 -1.23097699 -1.51612783]
  [ 2.5        -1.29487674 -1.42444481]
  [ 2.09468232 -0.5102046  -2.15921767]]]
Experiment	29	-5.9343025079667715	0.0656974920332285	339176	8	[[[ 1.40419389 -1.59742132  1.57418015]
  [ 0.45067588 -2.22294022  1.50541487]
  [ 0.42835249 -1.1099353   1.658986  ]
  [ 0.79063602 -1.74316798  2.5       ]]]
Experiment	30	-5.779477257790192	0.22052274220980816	97179	8	[[[-1.31454667 -1.01152219 -1.53821301]
  [-0.44237438 -0.53435993 -1.92649112]
  [-0.25828787 -1.39864303 -1.21638313]
  [-0.69138967 -0.45689698 -0.83454276]]]
