Experiment	1	-5.854695024896529	0.14530497510347118	140494	8	[[[ 0.47632282 -0.23403676  2.08081213]
  [ 1.53236405  0.08059538  2.44999062]
  [ 1.36739218 -0.15665063  1.36327045]
  [ 0.943251    0.78414902  1.74299985]]]
Experiment	2	-5.898809984600325	0.1011900153996752	270675	8	[[[-1.33747321 -0.44228681 -1.42207902]
  [-1.55409893 -0.8171859  -2.45933189]
  [-1.8209787  -1.49966633 -1.61801805]
  [-0.72881209 -1.25003487 -1.84719926]]]
Experiment	3	-5.897455534551064	0.10254446544893625	201679	7	[[[-1.81554058  0.10745563  0.81986441]
  [-1.30046101 -0.89639176  0.7163828 ]
  [-1.48528328 -0.22333964 -0.21064085]
  [-2.34116104 -0.79822732  0.30761119]]]
Experiment	4	-5.90364665722056	0.09635334277944008	265019	9	[[[-2.12660107  0.14694625  0.50649689]
  [-1.02821471 -0.03817994  0.28931848]
  [-1.34116073  0.23963776  1.29682334]
  [-1.37570982  1.03638011  0.50757742]]]
Experiment	5	-5.928366897394652	0.07163310260534761	4247	9	[[[ 0.08546902  0.04142531  0.43105641]
  [ 0.159323    0.55074168  1.43901638]
  [ 0.66280357  1.01105406  0.52729697]
  [-0.49473136  1.01369284  0.64567695]]]
Experiment	6	-5.84059069621724	0.15940930378275997	43878	8	[[[ 1.06318439 -1.14675824 -1.27359115]
  [ 0.57892085 -1.38755874 -2.25413275]
  [ 1.60329184 -1.79428383 -2.13582373]
  [ 1.43191333 -0.69322956 -2.25937159]]]
Experiment	7	-5.944345370690164	0.05565462930983589	226812	7	[[[ 0.11942655 -1.74770862 -1.37085225]
  [ 0.29521382 -1.13861154 -2.28142256]
  [-0.15299157 -0.68147671 -1.3844646 ]
  [-0.73261572 -1.41907881 -1.99393416]]]
Experiment	8	-5.832447153961049	0.1675528460389506	187148	8	[[[-0.70038004 -1.08216556  1.5208832 ]
  [-1.26145585 -0.88818862  2.5       ]
  [-1.85953057 -1.26504743  1.61575995]
  [-1.48380415 -0.25198171  1.62524032]]]
Experiment	9	-5.954975216111848	0.04502478388815234	151662	7	[[[1.24037419 1.16565619 2.5       ]
  [1.05287303 2.11796476 1.97348415]
  [2.03789146 1.64451598 1.81962269]
  [1.11926432 1.17232813 1.37728267]]]
Experiment	10	-5.89664634371501	0.10335365628499016	14328	9	[[[-0.27480706  1.18282071 -1.81436416]
  [ 0.80431954  1.46908503 -1.51962989]
  [ 0.57724012  0.91939051 -2.5       ]
  [ 0.49625678  0.36164626 -1.55817571]]]
Experiment	11	-5.8736924558365295	0.12630754416347045	156099	8	[[[-2.1685632  -0.31140567  1.74445355]
  [-2.5         0.05928025  0.78441798]
  [-2.26854421 -1.06487993  0.91340555]
  [-1.4516039  -0.25922436  0.8687232 ]]]
Experiment	12	-5.896728271927596	0.10327172807240359	90178	7	[[[-1.5687971  -0.56067959 -1.27757613]
  [-0.40308563 -0.43461442 -1.21586805]
  [-1.03477251 -0.41091217 -0.27408479]
  [-1.14108527  0.42295087 -1.0056289 ]]]
Experiment	13	-5.881560459628359	0.11843954037164117	370939	8	[[[-0.62694358 -1.36702849  1.27902822]
  [-0.61294005 -2.4594594   1.33227024]
  [-0.27102108 -1.89999062  2.23931029]
  [ 0.37041102 -1.97256067  1.31359749]]]
Experiment	14	-5.962749009220441	0.03725099077955907	69287	9	[[[ 0.05962725 -0.31213482  0.51853063]
  [ 1.02084481  0.28448892  0.60579115]
  [ 0.93708048 -0.72835429  1.05341141]
  [ 0.38667713  0.09917558  1.51921617]]]
Experiment	15	-5.887700550550652	0.11229944944934811	106992	8	[[[-2.5        -1.25049303 -0.51937243]
  [-2.30386505 -0.84462991  0.52700887]
  [-1.55401859 -1.46829945 -0.0429314 ]
  [-2.5        -1.93966923  0.40647225]]]
Experiment	16	-5.938863189706124	0.061136810293875854	313494	7	[[[-0.48323244  0.08228215  1.72374582]
  [-0.72364789  0.39281485  0.66873997]
  [-0.26515504 -0.60650178  0.87033787]
  [ 0.31067232  0.34090654  1.01764222]]]
Experiment	17	-5.8531738811343486	0.14682611886565144	103720	8	[[[ 1.28134933 -1.07247335 -0.35956525]
  [ 1.03941435 -1.52274026 -1.35363018]
  [ 0.28899297 -0.75689428 -0.89793489]
  [ 0.40121723 -1.76011198 -0.39944534]]]
Experiment	18	-5.93352681189579	0.06647318810420977	184760	9	[[[-0.82546668  0.48144007  1.29600278]
  [-0.12273494  1.24397251  1.77861313]
  [ 0.12604979  0.14738295  1.87934992]
  [ 0.21233925  0.62666756  0.87623329]]]
Experiment	19	-5.911601867131358	0.08839813286864207	307814	9	[[[ 0.39043213  1.43121331  0.0383739 ]
  [ 0.77196591  2.5         0.00674062]
  [ 1.31098605  1.7627742   0.66751858]
  [ 1.32766231  1.67485367 -0.47657299]]]
Experiment	20	-5.870697252732823	0.12930274726717705	359909	7	[[[-0.17053296 -1.25303819  0.91221069]
  [-0.66875866 -0.41320875  0.43654452]
  [-0.12840451 -0.25654234  1.41488573]
  [ 0.42325571 -0.35735809  0.44648845]]]
Experiment	21	-5.835195174780253	0.16480482521974693	78711	8	[[[-0.7895363   1.20247418 -0.13327041]
  [-1.19202336  2.09341535  0.44073939]
  [-1.66021262  1.10006653  0.58797799]
  [-0.69197644  1.33388754  1.06250453]]]
Experiment	22	-5.912472042174464	0.08752795782553591	124450	8	[[[-1.62951464  0.93998123 -1.47926269]
  [-0.81946573  0.98789678 -0.73561189]
  [-1.35055295  0.01078065 -0.93471611]
  [-0.60668654  0.49377847 -1.69405182]]]
Experiment	23	-5.912335930784981	0.08766406921501879	367624	8	[[[-0.82719301  0.26662641  0.32815578]
  [-0.53581575 -0.66185412 -0.29334326]
  [-0.30700816  0.38814074 -0.64173147]
  [-1.36253409  0.0714606  -0.65470634]]]
Experiment	24	-5.92831293934046	0.07168706065954034	256490	7	[[[ 0.21102818 -0.83155576 -0.82042792]
  [ 0.12179823 -0.57815608  0.2515991 ]
  [-0.66379132 -0.18198477 -0.52891909]
  [-0.62828866 -1.26139713 -0.21257508]]]
Experiment	25	-5.8326393489678825	0.1673606510321175	378317	6	[[[ 0.66394997 -1.36082175 -1.71143689]
  [ 0.13549641 -2.14785219 -1.05120778]
  [ 0.87881244 -2.46397946 -1.79894401]
  [ 1.21100718 -1.99572722 -0.85617593]]]
Experiment	26	-5.92623322551474	0.07376677448525992	211670	8	[[[ 0.59078259 -0.58139159  0.18976749]
  [ 1.57477144 -1.01756759 -0.01623973]
  [ 0.95932665 -1.43109031  0.81654482]
  [ 1.44988749 -0.46219593  0.94404326]]]
Experiment	27	-5.926840700289572	0.07315929971042756	231820	7	[[[ 0.32316281 -0.11271522 -0.92417177]
  [ 0.52224603  0.02536146  0.17995621]
  [ 1.00469591  0.70017906 -0.55720469]
  [-0.11677451  0.78796552 -0.32222069]]]
Experiment	28	-5.899117839512922	0.10088216048707821	267700	8	[[[1.1845698  2.5        1.93415536]
  [1.25418779 1.52566681 1.37123086]
  [1.41294899 1.50387572 2.5       ]
  [2.18055909 2.02676061 1.79949412]]]
Experiment	29	-5.872476489552339	0.12752351044766108	206635	7	[[[0.96577197 2.10328079 0.61015236]
  [1.40812051 1.27459289 1.29740713]
  [0.5659719  1.94491159 1.6325146 ]
  [0.39762409 1.20984748 0.83539866]]]
Experiment	30	-5.87423021711043	0.12576978288957008	9387	9	[[[-1.04099021  0.08569605  2.28049228]
  [-0.2227086   0.4675295   1.65741901]
  [-1.23095208  0.82445166  1.38585095]
  [-0.72493976  1.14909493  2.35472366]]]
