Experiment	1	-5.917881539388203	0.08211846061179706	138332	7	[[[ 0.0994362  -0.32484707 -1.56919099]
  [ 1.00428502 -0.18505103 -2.22193075]
  [ 0.1821594  -0.92650336 -2.5       ]
  [ 0.92772152 -1.15606179 -1.68274243]]]
Experiment	2	-5.9126182203442825	0.08738177965571747	386902	8	[[[ 1.88798852  1.77450942 -0.38698503]
  [ 0.87827712  2.07479022 -0.04184419]
  [ 1.47128853  1.34209642  0.60536028]
  [ 1.01525885  1.00951849 -0.35166895]]]
Experiment	3	-5.901307213898972	0.09869278610102761	385710	8	[[[-2.5        -0.6093355  -0.33671398]
  [-2.2462229  -0.03873055 -1.2316086 ]
  [-1.84136137 -1.0546035  -1.10401333]
  [-1.46520032 -0.22229208 -0.40925797]]]
Experiment	4	-5.8672840393869246	0.13271596061307545	110334	9	[[[ 0.96635134 -0.65851992 -2.09686343]
  [ 0.84199097  0.17019988 -1.36639378]
  [ 0.04238661 -0.56935027 -1.52267504]
  [ 0.95407323 -0.87497412 -0.93365729]]]
Experiment	5	-5.860260160817792	0.13973983918220778	65565	9	[[[ 1.06982267 -1.42313762  0.35781565]
  [ 0.66584505 -0.72812237 -0.44646721]
  [ 1.593566   -0.45557501  0.0219804 ]
  [ 0.67925758 -0.41894035  0.62813994]]]
Experiment	6	-5.85912027091865	0.14087972908134994	379101	8	[[[-1.37482813 -1.02444221  0.67239791]
  [-1.57295969 -1.86772302  1.35678244]
  [-0.86168214 -1.08483877  1.68590556]
  [-1.89423627 -0.79847019  1.62806411]]]
Experiment	7	-5.900533902083261	0.09946609791673922	101231	7	[[[ 0.25719916  0.14507544  0.18530755]
  [ 0.9961547  -0.4646244   0.75102715]
  [ 1.36111521  0.2882965  -0.02955742]
  [ 0.88989479 -0.70926303 -0.32275951]]]
Experiment	8	-5.888360654392088	0.11163934560791233	506	9	[[[ 0.14653776  1.08667905 -1.11431847]
  [-0.95435653  1.32926647 -1.39398949]
  [-0.54443883  0.24443041 -1.36902496]
  [-0.70642543  0.84124513 -0.44941173]]]
Experiment	9	-5.793557882577722	0.20644211742227814	275033	7	[[[-0.2985794  -0.56709152 -0.64724542]
  [-1.38377391 -0.37114715 -0.41879182]
  [-0.9623355  -1.39759572 -0.54171597]
  [-1.11357195 -0.66632253 -1.4516531 ]]]
Experiment	10	-5.8816254008256434	0.11837459917435655	286533	8	[[[-2.20044573 -1.74279426 -1.43684499]
  [-2.45808054 -1.59165218 -2.5       ]
  [-1.37545619 -1.81209804 -2.24830425]
  [-1.80865103 -0.79060323 -1.9979489 ]]]
Experiment	11	-5.979829862121484	0.02017013787851596	208420	6	[[[-0.94445965 -2.43179072 -1.69435296]
  [-1.54646484 -1.6003029  -1.22695003]
  [-0.65341154 -2.04680534 -0.67244075]
  [-0.50183146 -1.39304672 -1.58792856]]]
Experiment	12	-5.885647963799811	0.11435203620018886	152861	6	[[[-0.28930067 -0.51366906 -0.43087527]
  [-1.14072144 -0.87401426  0.17877573]
  [-0.31451238 -0.26216617  0.69977789]
  [-1.08376927  0.20630422 -0.02482654]]]
Experiment	13	-5.8388043561221155	0.16119564387788454	300793	7	[[[ 0.7065923  -0.14951734 -0.87009462]
  [-0.22361897 -0.53187075 -0.2004345 ]
  [ 0.74081725 -0.14700468  0.24379079]
  [ 0.7313815  -1.11191625 -0.34951595]]]
Experiment	14	-5.841981259743539	0.1580187402564608	150396	7	[[[-1.63001523 -0.65014736  0.44788419]
  [-1.31264385 -1.44748176 -0.28163619]
  [-2.4298453  -1.08187905 -0.29963758]
  [-2.05334183 -1.7283027   0.52700152]]]
Experiment	15	-5.797582243787914	0.20241775621208635	222696	7	[[[-0.45504022  1.52829742 -1.63803362]
  [-0.12111763  0.58121914 -1.13274989]
  [-0.22067808  0.65540053 -2.24749041]
  [-1.20225739  0.71140402 -1.55317568]]]
Experiment	16	-5.8118300609774165	0.1881699390225835	216715	8	[[[ 1.42320381 -0.00621373 -1.5744114 ]
  [ 0.58712346  0.69059545 -1.73971532]
  [ 0.87354558 -0.05415983 -2.5       ]
  [ 0.31159035 -0.40505576 -1.61202026]]]
Experiment	17	-5.837630081578296	0.162369918421704	207473	7	[[[ 0.7382356  -1.07495623 -0.00144412]
  [ 0.51765553 -0.43908424  0.86774195]
  [-0.02681898 -1.44002115  0.84087103]
  [ 1.06168826 -1.39593714  1.06771437]]]
Experiment	18	-5.849688301551076	0.1503116984489239	64189	8	[[[ 1.22186707 -0.61287214  0.13162234]
  [ 1.42698967 -0.21607189 -0.918901  ]
  [ 2.23885081 -0.79273397 -0.44015086]
  [ 1.92069865  0.23095326 -0.06422123]]]
Experiment	19	-5.929740119444483	0.07025988055551657	217433	7	[[[-0.01695236 -1.95195811 -0.29908945]
  [-0.8931576  -1.30631162 -0.22466454]
  [-0.58552781 -1.65909328 -1.2432145 ]
  [ 0.04545112 -0.8818515  -0.66878411]]]
Experiment	20	-5.8855581902921	0.11444180970790008	176575	7	[[[-0.14859567 -2.5        -1.11811106]
  [ 0.14435335 -2.17651649 -0.0658779 ]
  [-0.54274288 -1.50165841 -0.75066496]
  [-0.89402371 -2.5        -0.28418195]]]
Experiment	21	-5.861535705087469	0.13846429491253076	258865	8	[[[ 1.35997787  0.11367098  0.15065282]
  [ 0.2741488   0.22211797 -0.32702602]
  [ 0.92968885  1.13265429 -0.09935463]
  [ 0.49300405  0.47062833  0.73620274]]]
Experiment	22	-5.841863245125967	0.15813675487403334	173537	8	[[[-1.24182062 -0.57449484  1.63157315]
  [-0.70927028 -0.09293563  2.5       ]
  [-1.2438796   0.55077973  1.67465299]
  [-1.8150728  -0.05974091  2.5       ]]]
Experiment	23	-5.845426801603843	0.15457319839615735	264948	8	[[[-1.87555954  0.61062171 -1.91153851]
  [-1.68734879 -0.3601802  -1.40113606]
  [-0.87007413  0.10155762 -1.9185686 ]
  [-1.27893205  0.56811325 -0.93550828]]]
Experiment	24	-5.933055401428645	0.0669445985713546	38826	9	[[[-0.41782376 -0.79343563  1.15091236]
  [-0.90089354 -0.66388497  2.15115105]
  [ 0.17167944 -0.43545747  2.00122503]
  [-0.15019704 -1.49133943  1.9558967 ]]]
Experiment	25	-5.940715618317653	0.059284381682346954	319466	9	[[[-0.66880779  0.53094717  0.83053661]
  [-1.54814905  0.94975317  1.39648762]
  [-0.57962773  1.57520522  1.26062536]
  [-1.25660673  1.35140446  0.36957412]]]
Experiment	26	-5.83411877435801	0.16588122564199015	277883	9	[[[-0.48072921 -1.59081489  1.7008872 ]
  [-0.2929183  -1.03324649  0.80225756]
  [ 0.21096916 -0.67012022  1.73739323]
  [-0.90237702 -0.54896431  1.55996978]]]
Experiment	27	-5.936676106007743	0.06332389399225669	317549	8	[[[-1.17357541 -0.60269551 -0.57949432]
  [-1.66107328 -1.0011941   0.37361185]
  [-1.52487732 -1.6464901  -0.5196541 ]
  [-2.29651042 -0.78251211 -0.52921349]]]
Experiment	28	-5.818674763309341	0.18132523669065925	41440	8	[[[-0.63335954 -1.80907427 -0.95376004]
  [ 0.11916199 -2.5        -1.49594037]
  [ 0.42741415 -1.57244236 -0.8324716 ]
  [ 0.07524705 -2.5        -0.35128361]]]
Experiment	29	-5.828609664485155	0.17139033551484495	45185	8	[[[ 1.75215057  1.06618488 -0.35216705]
  [ 1.08891292  0.25174514 -0.66149982]
  [ 1.92469557  0.56294248 -1.366531  ]
  [ 2.11368882  0.02563248 -0.31224087]]]
Experiment	30	-5.86516560312791	0.13483439687209042	76058	9	[[[-0.00521603  1.71932092 -1.64616018]
  [-0.77361712  1.17590948 -1.04236945]
  [ 0.14454347  0.6394969  -1.21416487]
  [ 0.16236163  1.5340046  -0.54540151]]]
