Experiment	1	-5.755063176331717	0.24493682366828295	190023	8	[[[-1.98118716  1.6168515   0.3988185 ]
  [-1.33165051  0.80603815  0.1848651 ]
  [-0.87072558  1.82352872  0.53672967]
  [-1.38672215  1.17140013  1.2535563 ]]]
Experiment	2	-5.877179708430793	0.12282029156920693	115133	7	[[[1.46054138 2.12854972 1.44593932]
  [2.5        1.90974126 1.89172738]
  [1.54399709 1.69049252 2.5       ]
  [1.86143705 1.09191587 1.57360695]]]
Experiment	3	-5.818085208140238	0.18191479185976167	43879	8	[[[-1.80546916  0.37743709  0.07632779]
  [-1.8129487  -0.24680833 -0.90792527]
  [-1.99373476 -0.72427024  0.05147734]
  [-0.92807203 -0.35404403 -0.16265806]]]
Experiment	4	-5.855287672562225	0.14471232743777485	295696	8	[[[-1.98486187 -1.4594985   0.16414912]
  [-2.5        -1.9450238  -0.74554914]
  [-1.56525697 -2.37718317 -0.25622279]
  [-2.5        -2.43601938  0.33232483]]]
Experiment	5	-5.831184986757717	0.1688150132422832	95379	7	[[[-0.70340178  2.01409109 -0.0475511 ]
  [ 0.15845982  1.38710102  0.12025986]
  [-0.45773663  1.31150334 -0.84628124]
  [ 0.20734017  2.19389185 -0.71384619]]]
Experiment	6	-5.793176870011216	0.20682312998878416	38032	9	[[[-1.46116073 -0.43475221  0.40108475]
  [-1.71240428 -0.59750656 -0.66111977]
  [-1.05240008  0.23611423 -0.42968165]
  [-2.19464992  0.3022417  -0.18208727]]]
Experiment	7	-5.7178298237783105	0.2821701762216895	246442	7	[[[-0.64110722  0.75525232  2.2618978 ]
  [-1.23310909  1.68853786  2.5       ]
  [-0.43159286  1.69447744  1.74782607]
  [-1.35126804  1.18339787  1.40748392]]]
Experiment	8	-5.797588775129398	0.2024112248706018	164270	8	[[[ 0.32466033  0.51462341 -0.1418163 ]
  [-0.7978529   0.32778604 -0.2325754 ]
  [-0.09629341 -0.43252141  0.34784317]
  [-0.10149804 -0.33071834 -0.82262333]]]
Experiment	9	-5.763844487432078	0.23615551256792244	277769	8	[[[-2.5         0.94958354 -1.45741614]
  [-2.5         1.63027205 -2.34921481]
  [-1.51702035  1.40867078 -1.77965157]
  [-1.92156573  0.64280129 -2.5       ]]]
Experiment	10	-5.767341513414061	0.23265848658593935	122308	8	[[[ 0.18782316 -0.54317569 -1.04458136]
  [ 0.28716065  0.51183802 -1.36427889]
  [ 0.8047031  -0.30397214 -2.03609819]
  [-0.28801555 -0.25684813 -1.98238113]]]
Experiment	11	-5.803933352375325	0.19606664762467485	136483	8	[[[ 1.69247078 -0.48732639 -2.5       ]
  [ 1.61166608 -0.23480228 -1.42215905]
  [ 2.5        -0.83398414 -1.82576875]
  [ 2.5         0.22182254 -2.08302844]]]
Experiment	12	-5.790216823730181	0.20978317626981902	212493	8	[[[ 1.37203762  2.27267534  0.22802942]
  [ 1.97841018  1.77564406 -0.61874875]
  [ 2.5         2.5         0.03755598]
  [ 2.14307219  1.52889333  0.41628772]]]
Experiment	13	-5.7807940028746465	0.2192059971253535	266521	7	[[[ 0.16476529 -1.92630358 -2.33019474]
  [-0.25847965 -1.54319019 -1.32176283]
  [ 0.44906011 -2.46771876 -1.37738008]
  [-0.65204147 -2.5        -1.84892485]]]
Experiment	14	-5.892809861122814	0.10719013887718631	248639	7	[[[-0.27055417 -0.08905809 -1.36260917]
  [-0.35071463  0.97888981 -0.95176199]
  [ 0.04756855  0.84786362 -1.98856641]
  [-1.05367184  0.65491229 -1.78415646]]]
Experiment	15	-5.636080600209368	0.3639193997906318	27943	9	[[[ 1.14849859 -1.3471872  -0.04886303]
  [ 0.74215129 -2.20393346 -0.73102882]
  [ 0.29006135 -1.95259098  0.20025898]
  [ 1.23658953 -2.5         0.21776247]]]
Experiment	16	-5.685131483424792	0.3148685165752081	336666	7	[[[ 2.32456285  0.74284943 -1.43060089]
  [ 1.29307191  0.55243642 -1.05960468]
  [ 1.68265693  1.69790509 -1.11846433]
  [ 2.06345735  0.95731489 -0.31411418]]]
Experiment	17	-5.768900004822004	0.2310999951779964	302250	8	[[[-2.42736165 -1.56049856  0.33282066]
  [-1.34112339 -1.01069039  0.36779199]
  [-2.19985953 -0.84865051  1.15948962]
  [-2.29888825 -0.48854014  0.10754104]]]
Experiment	18	-5.740670838213923	0.2593291617860771	179870	9	[[[ 0.18269314 -1.43164768  1.73362141]
  [ 1.15747716 -1.87439811  1.95235016]
  [ 0.32165081 -2.27730551  2.5       ]
  [ 0.29145584 -2.45249537  1.39425654]]]
Experiment	19	-5.6981400942661695	0.3018599057338305	97671	8	[[[-0.92152698  0.50250586  2.5       ]
  [-1.25591218  1.13100652  1.56558919]
  [-1.63216265  0.13005079  1.68825675]
  [-1.97916523  0.87341089  2.5       ]]]
Experiment	20	-5.699215179193486	0.3007848208065136	285797	8	[[[ 1.50024499  0.16719766  0.38314241]
  [ 1.46552331 -0.85332423 -0.02999127]
  [ 1.36514556  0.12244109 -0.77370448]
  [ 0.52592331 -0.26481291 -0.08613544]]]
Experiment	21	-5.702558266542592	0.29744173345740776	198584	8	[[[ 2.5         2.26923131  0.72057962]
  [ 1.70665194  1.54563846  0.5987588 ]
  [ 1.67229041  2.5         0.05616665]
  [ 2.5         1.75984876 -0.2874071 ]]]
Experiment	22	-5.7653298145692276	0.23467018543077245	54337	8	[[[ 2.23447378  1.04231091  0.2694549 ]
  [ 2.46145791  2.02918465 -0.2538483 ]
  [ 1.44721811  1.65065915 -0.17921198]
  [ 1.88800597  2.04102664  0.70983899]]]
Experiment	23	-5.8657317591199964	0.13426824088000355	61040	9	[[[-0.15840116  2.26916956  1.58699201]
  [ 0.0127739   1.48075235  0.867615  ]
  [ 0.63442745  2.39820795  0.7829324 ]
  [-0.42358317  2.5         0.51997489]]]
Experiment	24	-5.747207459844877	0.25279254015512276	124429	7	[[[ 1.28717063  0.38974208  2.34257353]
  [ 1.74760245 -0.15954865  1.43390492]
  [ 1.93290212 -0.52915278  2.5       ]
  [ 2.5         0.37759762  2.12060889]]]
Experiment	25	-5.803914961589573	0.1960850384104269	80980	8	[[[-0.78505991  0.48747977  2.38411667]
  [-1.01303711 -0.10020411  1.48812759]
  [-0.07124984 -0.29156076  2.11083258]
  [-1.06570685 -0.57479838  2.45538111]]]
Experiment	26	-5.686026684228537	0.31397331577146304	638	9	[[[-1.46248679  0.6928816   1.7683597 ]
  [-2.28885727  0.91787898  2.5       ]
  [-2.35833695  1.15350701  1.36448615]
  [-2.5         0.08152876  1.83540909]]]
Experiment	27	-5.812302590707279	0.1876974092927206	318572	6	[[[-1.51645799 -1.90826634  1.68120713]
  [-0.95823173 -2.5         2.46371137]
  [-0.82122191 -1.39660719  2.35107452]
  [-0.47257787 -2.16651504  1.55759215]]]
Experiment	28	-5.83573695679138	0.16426304320861984	158697	8	[[[-1.57219193  1.13385984  2.5       ]
  [-1.84499265  0.61862925  1.5622732 ]
  [-1.42222671  0.06943627  2.46553075]
  [-2.5         0.51543     2.5       ]]]
Experiment	29	-5.724664731091089	0.27533526890891125	149377	9	[[[ 1.36514252 -2.5        -2.27832119]
  [ 1.02853353 -1.6941039  -1.65096139]
  [ 1.68348951 -1.44893674 -2.5       ]
  [ 2.1282594  -1.90613936 -1.64974921]]]
Experiment	30	-5.882234808007991	0.1177651919920093	337430	6	[[[-2.47920667  0.70312908 -0.99505418]
  [-2.5         1.81423018 -1.39049083]
  [-1.57163875  1.3549993  -0.95910142]
  [-2.5         1.57336127 -0.31966894]]]
