Experiment	1	-5.927457281670243	0.0725427183297569	259946	7	[[[-0.72986092  0.4025932  -2.5       ]
  [-0.03997274 -0.43969522 -2.26870155]
  [-0.76182724 -0.11065    -1.50855662]
  [ 0.08304173  0.59915073 -1.74458317]]]
Experiment	2	-5.857309560301985	0.14269043969801487	253860	8	[[[ 0.29076521  0.53126037  0.60979321]
  [-0.03867581  1.26360031  1.43467376]
  [-0.42319709  0.24893659  1.4112719 ]
  [ 0.64560058  0.33861246  1.65760997]]]
Experiment	3	-5.896309510979543	0.1036904890204573	53446	9	[[[ 0.60206709  0.40450484 -0.26582073]
  [-0.45487201  0.20320499  0.17524044]
  [-0.0847005  -0.36038017 -0.68464266]
  [-0.29365182  0.72753199 -0.84503484]]]
Experiment	4	-5.9052021011070295	0.09479789889297052	399040	8	[[[-1.5156711   1.06815615  1.78621807]
  [-0.97701874  0.28871321  1.15070276]
  [-1.10703967  0.19953736  2.29187941]
  [-0.38430923  0.92624048  1.86203425]]]
Experiment	5	-5.916807446109025	0.08319255389097524	145678	8	[[[ 1.95062639 -1.51027422  0.73595212]
  [ 1.30870299 -2.23137654  0.13932955]
  [ 1.62028167 -2.5         1.16836524]
  [ 0.90591189 -1.61775638  1.03333817]]]
Experiment	6	-5.830150495022287	0.16984950497771312	259727	8	[[[ 0.85562638  0.30921744 -1.38494078]
  [ 1.59340788  0.97552857 -0.99989993]
  [ 0.97872293  0.37543485 -0.29670269]
  [ 0.49234547  1.23472051 -0.84833598]]]
Experiment	7	-5.918002600958129	0.08199739904187098	385469	6	[[[-0.37458192 -1.6253336  -0.77270717]
  [ 0.20635663 -1.54057257 -1.76589952]
  [-0.32576323 -2.5        -1.51316279]
  [ 0.5575619  -2.23182115 -0.89800653]]]
Experiment	8	-5.892385547347121	0.10761445265287861	17080	9	[[[ 0.14678963  1.44690791 -0.17328486]
  [-0.09567871  2.5        -0.43836529]
  [-0.23496769  1.65158581 -1.17968267]
  [ 0.78682859  2.07126542 -0.93464686]]]
Experiment	9	-5.825127974574927	0.1748720254250733	291071	8	[[[-0.58304799  0.50845381 -0.64543806]
  [-0.46804935 -0.11751725  0.25747096]
  [-1.45458337  0.0078499  -0.26550513]
  [-0.5918931  -0.63717959 -0.73437997]]]
Experiment	10	-5.941128703681039	0.058871296318961264	348976	7	[[[ 1.12631553 -1.37679922  0.38338281]
  [ 2.02896326 -1.95975911  0.11095375]
  [ 1.14387577 -2.47244127  0.62031601]
  [ 1.06602275 -2.1172196  -0.42080953]]]
Experiment	11	-5.926902316720763	0.07309768327923738	298706	7	[[[ 0.69311444 -0.33587646  1.89006623]
  [ 0.09415908 -0.29898661  0.92562704]
  [ 1.13148543 -0.74055993  0.94784291]
  [ 1.02537918  0.33020784  1.05206056]]]
Experiment	12	-5.8725983072080465	0.12740169279195346	86771	8	[[[-1.09878402  0.34165793 -0.57677889]
  [-0.45568431  0.83809111 -1.33470041]
  [-1.09001501  1.45008737 -0.56212501]
  [-0.21180172  0.91156006 -0.20689535]]]
Experiment	13	-5.885881560101959	0.11411843989804105	127001	6	[[[-0.95847431  0.76930772  1.18076344]
  [ 0.08162351  0.30531495  1.34838408]
  [-0.10112175  1.3612429   1.59607859]
  [-0.09094526  1.00933354  0.47356633]]]
Experiment	14	-5.873871280606883	0.1261287193931171	207418	6	[[[-0.10018871 -0.30608119  0.26078543]
  [ 0.5286194  -0.3111857  -0.65666469]
  [ 0.40183528  0.66004681 -0.16634343]
  [-0.47492208  0.22567204 -0.7073962 ]]]
Experiment	15	-5.890435124598483	0.10956487540151727	305981	9	[[[1.01613543 0.66780523 1.7689116 ]
  [2.13674534 0.72527394 1.58260998]
  [1.41618191 1.49571022 1.13855029]
  [1.51177711 0.47005064 0.71482172]]]
Experiment	16	-5.869996809360574	0.13000319063942634	244213	8	[[[-2.02908973 -1.14721064 -1.06075265]
  [-2.5        -1.86486809 -0.32422525]
  [-1.34202789 -1.78716874 -0.36986952]
  [-1.96026552 -2.25427375 -1.24545901]]]
Experiment	17	-5.926849622686212	0.07315037731378826	338180	7	[[[-0.10895482  0.51213107 -0.44827032]
  [-1.04287723  1.18230883 -0.24337383]
  [-1.12746121  0.04975084 -0.36669194]
  [-0.65728569  0.47784066  0.53051115]]]
Experiment	18	-5.8703320423083865	0.12966795769161354	117565	7	[[[-0.648269    0.36144809  1.04599654]
  [ 0.15269373 -0.44335006  0.75005188]
  [-0.03798682 -0.10956769  1.8502203 ]
  [-0.76224714 -0.75890333  1.31297145]]]
Experiment	19	-5.923836250838282	0.07616374916171775	83627	7	[[[ 0.72643047 -1.48176058 -0.45541534]
  [ 0.18178125 -1.66099804  0.52516256]
  [ 0.3738416  -2.5        -0.14978557]
  [-0.37301483 -1.73409714 -0.49782116]]]
Experiment	20	-5.813918502084069	0.18608149791593132	202712	8	[[[-0.00245351 -0.90717637 -0.21595493]
  [ 0.59786317 -1.5617627  -0.955358  ]
  [ 0.77564956 -0.47511682 -0.85299462]
  [ 1.03159335 -1.18845693  0.05843938]]]
Experiment	21	-5.886324417069228	0.11367558293077185	278867	8	[[[-1.90520483 -0.58821568  2.12459917]
  [-1.38417063  0.4203032   1.88628834]
  [-2.5         0.37429798  1.78674094]
  [-1.82429991 -0.18388723  1.07132691]]]
Experiment	22	-5.938154098284453	0.0618459017155466	163583	8	[[[ 1.37652818  0.86242414  0.82247552]
  [ 1.59507505  0.78321667 -0.27887187]
  [ 0.91880062  0.04012875  0.15726977]
  [ 1.99381894  0.02886196  0.44867894]]]
Experiment	23	-5.940033313665394	0.05996668633460622	84017	8	[[[ 0.77013129 -2.5        -0.32197124]
  [ 0.49693743 -2.09500306 -1.36675822]
  [ 1.18715714 -1.5305693  -0.65907069]
  [ 1.50076345 -2.5        -1.14890967]]]
Experiment	24	-5.908082506261727	0.09191749373827296	71186	8	[[[ 1.54981414 -1.53833298 -0.41434631]
  [ 1.48096258 -0.6508257   0.26179113]
  [ 2.5        -1.0783911   0.07023051]
  [ 2.01050569 -0.53900361 -0.75463275]]]
Experiment	25	-5.933495417108279	0.06650458289172079	91401	8	[[[-0.24914888  0.64191156 -0.97161928]
  [-0.39931471 -0.39805109 -0.47749808]
  [-0.76175182  0.56946988 -0.00184594]
  [ 0.32903393  0.3321941  -0.03889813]]]
Experiment	26	-5.905931223716983	0.09406877628301658	191144	8	[[[-1.26418989  0.23829591  1.13078115]
  [-1.72588507  0.24496946  0.08891078]
  [-0.56121928  0.16476611  0.25868472]
  [-1.11343973  1.12633733  0.41405959]]]
Experiment	27	-5.896980680757443	0.10301931924255658	15908	9	[[[-0.08127762  0.18993258 -0.34948842]
  [ 0.54482879  1.14121765 -0.07043669]
  [-0.05576045  0.59105827  0.71568485]
  [-0.57772135  1.12955613 -0.09529871]]]
Experiment	28	-5.868901275139999	0.13109872486000107	196695	8	[[[0.37555464 1.24726937 1.69784407]
  [1.11953094 2.04744511 1.44733553]
  [0.07653974 2.27811715 1.84500392]
  [0.82897904 1.8310623  2.5       ]]]
Experiment	29	-5.871561320023549	0.1284386799764512	232511	7	[[[ 0.72348563 -1.45003692  0.28596682]
  [ 0.86468893 -2.5        -0.00630579]
  [-0.0731714  -2.13941343  0.55474608]
  [ 0.97348652 -2.20922452  1.06963693]]]
Experiment	30	-5.940524081811164	0.05947591818883602	229133	7	[[[-0.76824787 -0.06736065  0.64272722]
  [-0.25724417  0.93555848  0.49008579]
  [-1.32388494  0.82808214  0.18426278]
  [-0.51266485  0.27616612 -0.36326005]]]
