Experiment	1	-5.889252401909236	0.1107475980907644	101889	7	[[[-2.15590021  2.5        -0.45305405]
  [-2.43553189  1.79197422 -1.22401532]
  [-1.45206117  1.63295362 -0.64945292]
  [-1.53911034  2.5        -1.3870836 ]]]
Experiment	2	-5.84454652529656	0.15545347470343973	165061	8	[[[-1.9180279   0.79075851 -1.88019663]
  [-2.00923074 -0.1369261  -2.5       ]
  [-1.36853468 -0.0738154  -1.5584912 ]
  [-1.01113921  0.45302734 -2.5       ]]]
Experiment	3	-5.659169570155131	0.34083042984486944	182568	7	[[[-1.69607993 -1.8968402  -2.1102832 ]
  [-1.15905044 -1.19477627 -1.49633845]
  [-2.29095476 -1.11462331 -1.60222576]
  [-1.80206258 -1.99729069 -1.06909473]]]
Experiment	4	-5.732866502775416	0.26713349722458357	216869	8	[[[-1.54640413 -0.15937828  0.33809645]
  [-2.5        -0.02629674  0.94182863]
  [-2.04807509 -1.09136615  0.83426706]
  [-1.46531679 -0.35170873  1.39061161]]]
Experiment	5	-5.825714494861343	0.17428550513865737	60671	8	[[[-0.20264496 -2.5         1.88915071]
  [-0.62686251 -1.70420807  2.5       ]
  [-1.11852997 -2.01552814  1.49854934]
  [-0.15130176 -1.4482312   1.5691791 ]]]
Experiment	6	-5.773431343338698	0.22656865666130166	345590	8	[[[-1.54358871 -0.61843986 -1.10228369]
  [-2.25883495 -0.10521873 -1.70643199]
  [-2.5        -1.13191994 -1.30753977]
  [-2.42552991 -0.17841687 -0.61325662]]]
Experiment	7	-5.802578657509352	0.1974213424906477	180541	7	[[[-1.36127879  0.3540739  -1.63893767]
  [-1.75561998 -0.17381858 -0.748111  ]
  [-1.60904714 -0.804876   -1.71151041]
  [-2.39461683 -0.01879629 -1.72186141]]]
Experiment	8	-5.879633657025889	0.12036634297411108	77718	8	[[[-0.82205922  1.61915133 -1.38959607]
  [ 0.06036604  2.23408851 -1.01925791]
  [ 0.10479441  1.80787675 -2.07408527]
  [ 0.1165084   1.09653566 -1.20923744]]]
Experiment	9	-5.733987481372784	0.26601251862721575	60363	9	[[[-0.29543376 -0.32204053  0.10459239]
  [-0.24601993  0.77148247 -0.09221705]
  [-0.01028512  0.33234146  0.89373766]
  [-1.04979545  0.33196306  0.50844405]]]
Experiment	10	-5.838863113072575	0.16113688692742478	187818	8	[[[-2.5         1.33400964 -0.72522285]
  [-1.51805553  1.63103948 -0.14071729]
  [-2.5         1.63207015  0.34557687]
  [-2.05993591  0.68346856  0.06526518]]]
Experiment	11	-5.854538552533753	0.14546144746624723	46330	8	[[[ 0.24155229 -1.57679184  0.23376168]
  [-0.24703604 -2.5         0.63336075]
  [-0.51228328 -2.21283375 -0.37239783]
  [-0.82282441 -1.57637499  0.49615162]]]
Experiment	12	-5.700478750475794	0.2995212495242061	244153	8	[[[ 1.00093762e+00  2.50000000e+00 -2.37917622e-03]
  [ 5.91599142e-01  1.55629754e+00  3.29683840e-01]
  [ 1.09944794e+00  2.36246956e+00  1.09965082e+00]
  [ 3.95546137e-02  2.50000000e+00  6.14108074e-01]]]
Experiment	13	-5.861417341125341	0.13858265887465926	350488	7	[[[ 2.21804796 -1.64345826  2.33366261]
  [ 1.58015176 -2.5         1.91029191]
  [ 1.77855717 -1.56068192  1.31640877]
  [ 1.06961701 -1.52555826  2.25825805]]]
Experiment	14	-5.800721195321499	0.19927880467850123	295861	8	[[[-0.67050653 -1.18476393 -0.90005984]
  [ 0.20082025 -1.25704211 -1.7167533 ]
  [ 0.37704704 -1.46801026 -0.64747985]
  [-0.33502951 -2.15983749 -1.27037083]]]
Experiment	15	-5.744864617574095	0.2551353824259053	398668	7	[[[-0.48935376 -2.08289208  0.50801577]
  [-1.61046815 -2.14463044  0.89690719]
  [-1.17906016 -1.20460576  0.38331655]
  [-1.4566279  -2.16861386 -0.18260641]]]
Experiment	16	-5.596041091116904	0.40395890888309616	149232	9	[[[ 2.5        -1.31268662 -0.45544152]
  [ 1.28292919 -1.11785011 -0.69688218]
  [ 2.01010483 -1.88581346 -1.28776226]
  [ 2.14191982 -0.7445693  -1.33702058]]]
Experiment	17	-5.776302885070892	0.2236971149291076	123846	7	[[[2.5        0.80784715 1.05551178]
  [1.5577683  1.01603723 1.60878282]
  [1.77561093 1.54608175 0.66290178]
  [1.61201211 0.41745503 0.5398118 ]]]
Experiment	18	-5.707575150406072	0.2924248495939281	103435	8	[[[ 0.7049666  -0.91076325 -0.20904021]
  [ 1.27220612 -0.9020038   0.75433208]
  [ 1.69731843 -1.3590515  -0.19045903]
  [ 0.82957742 -1.88473772  0.4773472 ]]]
Experiment	19	-5.7994439618613605	0.20055603813863954	75918	8	[[[-1.61846226  0.04903632  0.63814769]
  [-2.5        -0.35401381 -0.03516066]
  [-2.09651454 -1.00620513  0.81371944]
  [-1.49354279 -0.74792908 -0.12202751]]]
Experiment	20	-5.759799255187747	0.2402007448122534	178770	9	[[[ 0.26370625  2.16652566 -1.7049383 ]
  [ 1.18543268  1.55643757 -1.63453031]
  [ 0.57571363  1.70710418 -0.66873797]
  [ 1.15399219  2.5        -1.09912779]]]
Experiment	21	-5.8026388640537	0.19736113594630034	321775	7	[[[-0.99941338  1.13153256 -0.20925972]
  [-0.8394267   1.74435564  0.6652807 ]
  [-1.69883487  1.97363067  0.03438758]
  [-1.78073044  1.02693847  0.62702888]]]
Experiment	22	-5.726233105824885	0.2737668941751146	176149	8	[[[-2.22982788  0.71217461 -1.02828945]
  [-1.22664846  0.28254286 -0.92206676]
  [-1.28416026  1.1799959  -1.51638012]
  [-1.39083993  1.28523544 -0.38563212]]]
Experiment	23	-5.783791259022748	0.21620874097725196	242807	7	[[[ 1.65847090e+00 -1.94822594e+00 -9.44396120e-01]
  [ 6.40315804e-01 -1.40722415e+00 -9.42189730e-01]
  [ 6.48187958e-01 -2.50000000e+00 -8.72944768e-01]
  [ 1.08761318e+00 -1.78126294e+00 -1.57633499e-03]]]
Experiment	24	-5.796870608838706	0.20312939116129414	231055	9	[[[ 1.3769247  -0.9257843  -0.293501  ]
  [ 0.89390553 -1.08368351  0.7029196 ]
  [ 0.45128782 -0.29543362  0.01063309]
  [ 0.27759984 -1.42302172 -0.17372912]]]
Experiment	25	-5.83101767752228	0.16898232247771983	277850	7	[[[-1.68101125 -2.39495947  0.2521652 ]
  [-1.37105065 -2.09325652 -0.76915667]
  [-1.91267899 -1.39860175 -0.13884855]
  [-2.43604094 -2.31405276 -0.51133436]]]
Experiment	26	-5.762118388309184	0.237881611690816	100251	8	[[[ 0.51595157  1.19718883 -2.14070702]
  [ 0.02973619  0.18105006 -1.84546035]
  [-0.53725654  0.89506843 -2.5       ]
  [-0.33054402  1.06696628 -1.37318704]]]
Experiment	27	-5.724972727995902	0.27502727200409804	228750	8	[[[-2.32747094 -1.84510469 -2.5       ]
  [-2.14277105 -2.5        -1.6636252 ]
  [-1.91165309 -1.41071089 -1.50114702]
  [-1.23714619 -2.1285728  -2.16113133]]]
Experiment	28	-5.681534903999886	0.3184650960001143	336208	8	[[[-1.06728708 -1.09812611 -1.32205686]
  [-0.29383134 -1.38492846 -0.62795862]
  [-1.42142105 -1.49669332 -0.39481149]
  [-0.9265452  -2.24618929 -1.05252246]]]
Experiment	29	-5.8183779923427945	0.1816220076572055	103374	9	[[[-0.16781769 -0.1678081  -1.87041106]
  [-0.15409449 -0.667223   -0.87941974]
  [-0.68624648 -1.12493232 -1.75685151]
  [ 0.49368093 -1.09643665 -1.64454204]]]
Experiment	30	-5.785721827343414	0.2142781726565861	43640	8	[[[-0.24049334 -1.52524838  0.67216336]
  [-0.94401862 -2.06302337  1.476951  ]
  [-0.01718387 -1.37532139  1.73720498]
  [ 0.11851492 -2.38218623  1.25889798]]]
