Experiment	1	-5.891411699125513	0.10858830087448723	150454	8	[[[-1.43691163  2.29644798  0.7602932 ]
  [-1.57753626  1.4325054   0.12087479]
  [-0.52895833  1.77496507  0.39557026]
  [-1.14481181  1.30924871  1.17124651]]]
Experiment	2	-5.911783640087864	0.08821635991213572	47051	8	[[[-1.86491643  1.63010766 -0.04901855]
  [-1.0953254   1.57864357  0.73073817]
  [-1.13411837  2.5         0.08740263]
  [-1.98972555  2.3107772   0.83548312]]]
Experiment	3	-5.868619165210852	0.13138083478914808	179199	7	[[[-0.49413322  1.47768353  0.02227927]
  [-0.11491527  2.5        -0.3758843 ]
  [ 0.55946368  1.78783597  0.14639812]
  [-0.20747174  2.31228786  0.776732  ]]]
Experiment	4	-5.910193276015111	0.0898067239848892	259911	8	[[[ 0.65231091 -0.14084691 -0.07275763]
  [ 1.1170365  -0.12915736  0.95471023]
  [ 1.37817647  0.67457657  0.18851629]
  [ 0.36326382  0.61126301  0.72253582]]]
Experiment	5	-5.830928121501172	0.1690718784988281	127627	8	[[[-1.50548446  2.5        -0.94627479]
  [-1.90451045  1.50203706 -1.12094119]
  [-1.2031194   1.57702017 -0.25235563]
  [-2.23286907  2.03916381 -0.17489951]]]
Experiment	6	-5.855168487879636	0.14483151212036383	278178	8	[[[-2.57629140e-01 -2.03290807e-03  1.44729310e+00]
  [-7.66828684e-01  3.06874515e-01  2.47203082e+00]
  [-1.35336317e+00  6.48622716e-02  1.49794990e+00]
  [-7.60936866e-01  1.00428920e+00  1.57043810e+00]]]
Experiment	7	-5.941123129713476	0.05887687028652433	244562	8	[[[-0.2239481   0.40559235 -1.51281992]
  [-0.60615419  0.01747422 -2.5       ]
  [ 0.34684929  0.65239777 -2.42814964]
  [-0.63232443  1.11133574 -2.28035905]]]
Experiment	8	-5.915702413315376	0.08429758668462384	272568	6	[[[ 0.1625105   0.62845567 -1.63835341]
  [-0.87372597  0.27220837 -1.77944645]
  [-0.0636211  -0.45716124 -1.89597503]
  [-0.27180898 -0.01126574 -0.85270876]]]
Experiment	9	-5.892508621907175	0.10749137809282505	52584	8	[[[-1.07327522 -0.10262304 -0.15743889]
  [ 0.04471557  0.05621845 -0.44180471]
  [-0.27255919 -0.38833934  0.57729341]
  [-0.48757887  0.70773902  0.35976656]]]
Experiment	10	-5.865058298886204	0.1349417011137959	298585	6	[[[ 1.62340775 -0.16609879  0.26456856]
  [ 2.31258448 -1.02176052  0.5384245 ]
  [ 2.5        -0.38455574 -0.42562129]
  [ 1.68700646 -1.09203881 -0.37707674]]]
Experiment	11	-5.865094274021782	0.13490572597821782	143389	8	[[[ 0.54678163 -2.17763141 -0.08098303]
  [ 0.33143941 -2.17183066  1.08147332]
  [ 0.71802004 -1.27063667  0.53803842]
  [ 1.41691443 -2.13665842  0.68691552]]]
Experiment	12	-5.852730132405432	0.14726986759456828	289786	8	[[[ 0.67990036 -1.40804352  2.0960989 ]
  [ 1.01541364 -2.47885257  2.06459157]
  [-0.13422215 -2.21615134  2.19470205]
  [ 0.39359103 -2.10982186  1.2059736 ]]]
Experiment	13	-5.85223472058174	0.1477652794182598	211117	7	[[[-0.24170136  0.72292778 -0.71175186]
  [ 0.53814089  0.52712208 -1.55230194]
  [ 0.1546567  -0.31737985 -0.91622288]
  [-0.59792089  0.15868716 -1.59269621]]]
Experiment	14	-5.902303979408527	0.09769602059147342	58891	8	[[[ 1.02398474 -0.19323319 -2.12045108]
  [ 0.05287917 -0.66094337 -2.46065752]
  [ 0.50371018 -0.84997394 -1.43581888]
  [ 0.03750374  0.14120831 -1.64124654]]]
Experiment	15	-5.877779326330934	0.12222067366906586	328310	7	[[[-0.48350256  0.02861556  0.87918999]
  [-0.55405891 -0.48407313 -0.18095716]
  [-0.48164467  0.6251462  -0.0957231 ]
  [-1.41758659  0.11590622  0.1964137 ]]]
Experiment	16	-5.880454685322954	0.11954531467704577	207518	8	[[[-1.83612299  2.01446085 -1.38156315]
  [-1.61634207  1.19611063 -2.1884408 ]
  [-0.82628551  1.95389302 -1.87605031]
  [-1.16514068  1.14844951 -1.11804952]]]
Experiment	17	-5.845781682731253	0.15421831726874657	298185	8	[[[ 0.36150258  1.98248969 -1.11991954]
  [ 1.3024713   1.45381679 -0.72471247]
  [ 0.96469026  1.27889542 -1.79656317]
  [ 0.39591412  0.8091988  -0.9102632 ]]]
Experiment	18	-5.906016000515137	0.09398399948486258	294165	7	[[[-0.50370653  2.14980588 -0.09497451]
  [ 0.56005945  1.75132606  0.05948849]
  [-0.33488737  1.02345258 -0.06473683]
  [ 0.04104061  1.5815472  -0.93235145]]]
Experiment	19	-5.863632750422616	0.13636724957738444	117765	8	[[[ 1.20555872  0.91958184 -0.15954169]
  [ 0.89787986 -0.10058794 -0.44192169]
  [ 1.99260516  0.07673843 -0.15950622]
  [ 1.13633923  0.11651522  0.65241779]]]
Experiment	20	-5.858440074325949	0.14155992567405118	38314	9	[[[ 0.69806668 -1.49663334  1.57969779]
  [-0.41614829 -1.53520848  1.63179202]
  [ 0.1829261  -2.5         1.64626808]
  [ 0.14431415 -1.80880211  2.5       ]]]
Experiment	21	-5.902539948391988	0.09746005160801197	154332	8	[[[ 0.50107956 -1.86153635 -0.66089186]
  [ 0.69671406 -0.94475567 -0.02468444]
  [ 0.38792503 -1.85177925  0.48361389]
  [ 1.42433608 -1.81588695  0.01557942]]]
Experiment	22	-5.914572475400577	0.08542752459942271	379984	8	[[[-0.12873174  0.80703409 -0.44918951]
  [ 0.32870699 -0.17221406 -0.64169685]
  [ 0.64377116  0.68893552 -1.27754407]
  [-0.3563998   0.2173758  -1.38743227]]]
Experiment	23	-5.891919638140077	0.10808036185992265	253298	7	[[[ 1.4939757  -0.4643535  -0.47296182]
  [ 0.91517335 -0.04568151  0.42468996]
  [ 0.67083795 -1.07486782 -0.06917534]
  [ 1.57811703 -0.90520082  0.57854653]]]
Experiment	24	-5.883640090930384	0.11635990906961613	141088	8	[[[ 1.70086613  0.37571202  0.86044652]
  [ 1.44574981 -0.02615616 -0.13944179]
  [ 2.17403648  0.87371291  0.00573203]
  [ 2.5        -0.13185722  0.27764672]]]
Experiment	25	-5.915500392530368	0.08449960746963203	255793	7	[[[ 1.48295904 -0.80484607  1.03868614]
  [ 0.59881133 -1.48445146  1.20481318]
  [ 1.51758772 -1.94019988  0.71339459]
  [ 0.89017622 -1.20108527  0.17065324]]]
Experiment	26	-5.876031132135238	0.12396886786476191	384937	7	[[[ 1.16493906 -2.00525995  1.12820555]
  [ 2.25797076 -1.82299993  0.93089458]
  [ 1.47113205 -1.32799949  0.29128834]
  [ 1.66305827 -2.5         0.2178351 ]]]
Experiment	27	-5.895830001472817	0.10416999852718334	121277	7	[[[ 0.41228276  0.01691375  0.81475827]
  [-0.19443255 -0.84976651  0.4258744 ]
  [ 0.62304081 -1.01660378  1.19330789]
  [-0.31408216 -0.41897791  1.48774505]]]
Experiment	28	-5.917356379999192	0.08264362000080805	42385	8	[[[ 1.34983396 -0.06302562 -1.6474416 ]
  [ 2.03665248 -0.8666748  -1.91752645]
  [ 2.27690468 -0.18578513 -1.01939855]
  [ 1.43891131 -0.96375688 -0.9967156 ]]]
Experiment	29	-5.882683230998729	0.1173167690012713	304758	8	[[[-0.26310746  0.04622403 -0.91033143]
  [ 0.84263357 -0.22218293 -0.92527963]
  [ 0.12049914 -0.80503651 -0.34647592]
  [ 0.14346912 -0.86256536 -1.46051909]]]
Experiment	30	-5.9273160628907915	0.07268393710920851	2017	9	[[[-0.47246343 -0.11947368  1.44943444]
  [-0.30172314 -0.94915978  0.70441922]
  [ 0.33480984 -0.90786537  1.59889141]
  [ 0.42375547 -0.1377137   0.76263959]]]
