Experiment	1	-5.733740932108644	0.26625906789135634	62432	8	[[[-2.5         1.73377407 -1.2720248 ]
  [-1.60714896  1.47757765 -0.64407809]
  [-1.62231753  2.5        -1.21857883]
  [-1.54908023  1.5676873  -1.86299721]]]
Experiment	2	-5.8623889190028695	0.13761108099713049	235445	8	[[[-0.4053415  -1.28476188 -1.48560707]
  [-0.38600573 -0.25313387 -1.78263285]
  [ 0.22330362 -0.5751226  -0.86316373]
  [ 0.54645903 -0.883719   -1.92405323]]]
Experiment	3	-5.705984484430987	0.2940155155690132	196953	8	[[[-0.80941969  1.55619155 -0.00819227]
  [-1.77635887  1.97232101  0.31405491]
  [-0.75728668  2.38362996  0.79269793]
  [-1.2009079   1.37943339  0.99344283]]]
Experiment	4	-5.638665195890889	0.3613348041091111	109950	8	[[[-0.85701105  2.46875817  1.8421653 ]
  [-1.55698034  2.5         0.95742853]
  [-1.5378466   1.55296943  1.57923865]
  [-1.89189375  2.41220682  2.15770435]]]
Experiment	5	-5.822501340524227	0.1774986594757726	285490	7	[[[-0.8391709  -1.42652716 -0.69264889]
  [-0.89770195 -0.59365088  0.16564931]
  [-0.19351045 -0.45511793 -0.70629976]
  [-1.31755849 -0.39185936 -0.83582216]]]
Experiment	6	-5.799397201719289	0.20060279828071081	310050	7	[[[ 2.12543977  0.99603889 -0.88771483]
  [ 1.42294589  0.08678325 -0.73459564]
  [ 2.5        -0.07820457 -0.9762328 ]
  [ 1.92569456  0.39867224 -1.78582831]]]
Experiment	7	-5.785167678000048	0.2148323219999524	227465	8	[[[-1.87442335 -2.5        -1.66784078]
  [-2.5        -1.70470822 -2.23580338]
  [-1.69465457 -1.45850244 -1.51921947]
  [-1.44324323 -1.95095813 -2.5       ]]]
Experiment	8	-5.812069927544293	0.18793007245570692	197514	9	[[[ 0.84174674  2.10793067 -0.9422229 ]
  [ 0.31862218  1.1419637  -0.84998236]
  [ 0.19592725  1.89940493 -0.017343  ]
  [ 1.13568126  1.28213973 -0.09246771]]]
Experiment	9	-5.7661175335232855	0.2338824664767145	12891	9	[[[-1.14081627  0.72935764  0.44587815]
  [-0.85436953  0.61654629 -0.59434504]
  [-1.91334694  0.93788494 -0.45096136]
  [-1.10110013  1.6845197  -0.21326732]]]
Experiment	10	-5.862131532233989	0.13786846776601092	66032	8	[[[-2.17056566  0.74711436  0.74687428]
  [-1.08187347  0.62815283  0.40306799]
  [-1.32566617  0.9643121   1.49222894]
  [-1.53607265  1.63804028  0.55057751]]]
Experiment	11	-5.891987161389451	0.10801283861054856	28262	9	[[[ 1.37546783 -2.49704444  2.5       ]
  [ 1.88901778 -2.29970463  1.49700267]
  [ 2.5        -2.40982554  2.38886285]
  [ 1.82086001 -1.47805953  2.24402436]]]
Experiment	12	-5.631239547008713	0.3687604529912871	207894	7	[[[-2.23646001 -2.39136685  0.91108276]
  [-2.14944337 -1.46298475  0.29860696]
  [-1.84390539 -1.48175341  1.45239919]
  [-1.18309802 -2.09002456  0.80604289]]]
Experiment	13	-5.761741498179087	0.2382585018209129	389409	7	[[[-2.43274041  1.40028677  0.34368533]
  [-2.5         2.5         0.00658299]
  [-2.07202764  2.20379984  0.98317338]
  [-1.46466134  1.86234833  0.0859218 ]]]
Experiment	14	-5.755329465341285	0.2446705346587148	140764	7	[[[-2.21945631  1.75289029 -1.1852902 ]
  [-1.64157026  1.33281791 -0.33597954]
  [-2.5         0.7128266  -0.78688505]
  [-1.57782373  0.85575263 -1.46580942]]]
Experiment	15	-5.85549955412493	0.14450044587507005	95595	8	[[[-2.42182275  0.16179354  0.65143866]
  [-2.12338019  0.2191194   1.74783892]
  [-1.29172775  0.31104508  0.95696377]
  [-1.83652436 -0.6906546   1.16029006]]]
Experiment	16	-5.922703698099708	0.07729630190029191	28204	9	[[[-0.07523711 -1.22644859  0.11641104]
  [ 0.22472915 -2.27960617 -0.01515427]
  [ 0.3699102  -1.77460731  1.02477285]
  [ 1.00847467 -1.4917639   0.16151415]]]
Experiment	17	-5.820930558253133	0.1790694417468668	141578	9	[[[ 0.23488303  0.32094587  2.27081322]
  [-0.06313523 -0.39117234  1.39053567]
  [-0.45427211  0.65622038  1.44109757]
  [ 0.57411469  0.50070844  1.17955936]]]
Experiment	18	-5.803466267847185	0.19653373215281533	263796	9	[[[ 1.57327616  1.47644471  0.01241804]
  [ 1.84477021  2.42526193 -0.58155644]
  [ 1.1103348   2.5         0.22678302]
  [ 0.89445392  1.96961617 -0.76763145]]]
Experiment	19	-5.826398308541573	0.17360169145842708	307059	8	[[[ 1.90204279 -0.73168961 -1.57744181]
  [ 2.5        -0.77024283 -2.5       ]
  [ 1.60838012 -0.04202965 -2.5       ]
  [ 1.41510655 -1.14906262 -2.46016247]]]
Experiment	20	-5.864001130827268	0.13599886917273185	289859	7	[[[-2.2210031  -0.60780618 -2.02368455]
  [-2.5        -1.43360745 -1.36500382]
  [-1.57295842 -1.55129215 -1.93971072]
  [-2.5        -1.58231322 -2.5       ]]]
Experiment	21	-5.819589874038829	0.18041012596117056	398693	9	[[[-0.92240518 -0.11867613 -0.75272087]
  [-0.52941398 -0.98575781 -0.25845841]
  [-1.51136234 -1.09323987 -0.87392592]
  [-1.47277375 -0.55785806  0.14423094]]]
Experiment	22	-5.904656240264662	0.09534375973533837	34067	9	[[[-1.76125678  0.42736823 -0.61856508]
  [-2.1669586   0.0030613   0.36805848]
  [-2.5        -0.45436709 -0.5930131 ]
  [-1.43892636 -0.62948718 -0.230552  ]]]
Experiment	23	-5.7520859819480625	0.24791401805193747	304042	8	[[[-1.35506317 -1.52972585  2.39254776]
  [-0.59057119 -1.05947481  1.69685666]
  [-0.27676111 -1.97563487  2.29993817]
  [-0.94948648 -2.06468986  1.4804068 ]]]
Experiment	24	-5.778157623718782	0.22184237628121828	67024	8	[[[ 0.28745435 -1.71622614 -0.40910857]
  [ 0.0846681  -1.04837029  0.45533942]
  [-0.13769606 -0.63811531 -0.55261526]
  [ 0.99618925 -0.81127672 -0.20345087]]]
Experiment	25	-5.877992257322596	0.122007742677404	126668	7	[[[1.77739169 1.8526469  1.4546556 ]
  [1.74361827 1.2423832  2.42642415]
  [0.93562817 1.18637308 1.59040385]
  [1.9740582  0.74296851 1.44562676]]]
Experiment	26	-5.621787743472774	0.3782122565272257	321336	6	[[[-0.54126933  0.5521645  -0.93229652]
  [-0.76885886  0.95038761 -1.97890007]
  [-0.9435526  -0.09496726 -1.72691932]
  [-1.60520502  0.85532968 -1.19145026]]]
Experiment	27	-5.7168721432563245	0.28312785674367547	360022	8	[[[-2.5        -1.25204513  1.43692006]
  [-2.5        -0.88180589  2.5       ]
  [-1.56044991 -0.80264359  1.85345635]
  [-2.47085428 -0.10820993  1.54557008]]]
Experiment	28	-5.744417009843805	0.2555829901561948	106811	7	[[[ 1.04648486  2.5        -1.64200195]
  [ 1.75457455  1.62741833 -1.5261155 ]
  [ 1.95381784  2.5        -2.21876394]
  [ 1.24898374  1.66372777 -2.5       ]]]
Experiment	29	-5.84109793125567	0.15890206874432966	130491	7	[[[-2.24596477  0.83743101 -0.20696616]
  [-1.48728634  1.5974405  -0.65383378]
  [-1.11263334  0.71137203 -0.15299281]
  [-1.63319182  1.47841164  0.50250804]]]
Experiment	30	-5.736833878322326	0.26316612167767417	127308	7	[[[ 2.5        -0.73246909 -2.5       ]
  [ 1.57782962 -0.21516563 -2.00335626]
  [ 2.5         0.33418219 -2.16635939]
  [ 2.43118442 -0.51921036 -1.43738187]]]
