Experiment	1	-5.855909469240742	0.14409053075925815	211615	7	[[[-1.29914449  1.61100973 -1.411793  ]
  [-1.94304886  2.01141737 -2.17498772]
  [-0.95746764  2.5        -2.01366348]
  [-1.04277187  1.4366773  -2.5       ]]]
Experiment	2	-5.914591449839825	0.08540855016017534	188398	7	[[[ 0.59187945  1.44806279  0.89821641]
  [-0.14534854  1.99750786  0.31522882]
  [ 0.82227982  1.6555584  -0.19914048]
  [ 0.81621088  2.5         0.58362922]]]
Experiment	3	-5.8768966211569325	0.12310337884306755	149713	8	[[[ 0.66612807  1.12568997  0.20515873]
  [-0.00550428  0.23155456  0.5993466 ]
  [ 1.03516791  0.44008418  1.00033037]
  [ 0.23115001  1.13803034  1.24057339]]]
Experiment	4	-5.9165727299303885	0.08342727006961148	182912	9	[[[-0.06607473  0.27864355 -0.16461048]
  [ 0.18233683  0.35088288  0.92888237]
  [ 0.53304512  1.14757259  0.23369188]
  [-0.58269653  0.99383603  0.47275303]]]
Experiment	5	-5.924845873590737	0.075154126409263	239044	9	[[[-0.20987055  1.56252512  0.60817503]
  [ 0.5646106   0.8059643   0.40868818]
  [-0.54494815  0.54528739  0.41004249]
  [-0.0247632   0.75967209  1.38578989]]]
Experiment	6	-5.906292248971732	0.09370775102826823	104156	7	[[[-0.56520229 -1.39119557  0.40107212]
  [ 0.1462939  -2.05971318  0.94664589]
  [-0.50155126 -1.2915721   1.49663047]
  [ 0.33478391 -0.91641535  0.81849755]]]
Experiment	7	-5.9038303790061555	0.09616962099384452	330773	6	[[[-0.66792237 -1.98655586  0.3007069 ]
  [-0.5812857  -1.1859667  -0.47233989]
  [ 0.10559464 -1.17674921  0.37998648]
  [ 0.26697939 -1.98348839 -0.37272546]]]
Experiment	8	-5.8054862216178424	0.19451377838215755	373586	8	[[[ 1.28817969  0.96186207 -1.02508596]
  [ 0.51556591  0.07239544 -1.29032781]
  [ 1.62210583 -0.1206282  -1.10311899]
  [ 0.96841384  0.21148197 -0.22720088]]]
Experiment	9	-5.840102872959562	0.15989712704043768	244310	7	[[[ 0.579485   -0.21086039 -1.02877522]
  [ 1.62266338 -0.20218698 -0.57028751]
  [ 0.66106659 -0.29618131  0.06634757]
  [ 0.93459938  0.63293216 -0.40691858]]]
Experiment	10	-5.924408588058146	0.07559141194185415	97819	8	[[[ 0.33075427 -0.96289869  1.99976229]
  [ 0.75429912 -0.35207103  1.20020866]
  [ 0.28813679  0.18116855  2.07238207]
  [-0.38004572 -0.34579443  1.36748266]]]
Experiment	11	-5.9426169306043715	0.05738306939562854	272811	8	[[[-1.46014928 -1.71845618 -0.39629016]
  [-1.80526423 -0.95499223 -1.16901244]
  [-0.82799011 -0.7877773  -0.57305049]
  [-1.82354418 -0.71985371 -0.08405333]]]
Experiment	12	-5.8456497016104905	0.15435029838950953	60068	8	[[[ 0.7627958   0.81181144 -0.84233878]
  [-0.14157567  0.1232566  -0.72509221]
  [-0.23663196  1.11824979 -0.30862572]
  [ 0.44587905  0.40912627  0.18336699]]]
Experiment	13	-5.82849074798011	0.17150925201988976	15827	9	[[[ 0.8624029   0.63471369 -1.42400732]
  [ 0.517416    0.5714344  -0.38702917]
  [-0.24036808  0.89519289 -1.24934587]
  [ 0.58830997  1.57627349 -0.83843595]]]
Experiment	14	-5.921183432407183	0.07881656759281697	274240	9	[[[-0.92284691  0.78345045 -1.30005711]
  [-0.21667696  0.86891859 -2.21857339]
  [ 0.19914875  0.74028212 -1.15296666]
  [-0.32222803 -0.1204611  -1.65040701]]]
Experiment	15	-5.8890794144039305	0.11092058559606954	115231	8	[[[ 1.03857389 -1.93650545  1.54374855]
  [ 0.88135566 -1.30576006  0.65513402]
  [ 0.98963143 -0.81836242  1.63758182]
  [ 1.88068274 -1.23241462  1.11265124]]]
Experiment	16	-5.885507733365322	0.11449226663467815	120932	7	[[[-0.86071499 -0.14420218  1.71443759]
  [-0.85528564 -1.20677958  1.20910926]
  [-1.13762656 -0.29352403  0.64535234]
  [-0.04236781 -0.45286403  1.01986653]]]
Experiment	17	-5.952212075565987	0.04778792443401336	377329	8	[[[-0.22904375  1.40749071  1.78823105]
  [ 0.86084678  1.53288637  1.78070716]
  [ 0.37333602  0.96518864  0.93000463]
  [ 0.20702208  2.07717685  1.01243944]]]
Experiment	18	-5.880126134759507	0.1198738652404927	164678	7	[[[ 0.81867191 -1.69472895 -0.15137063]
  [ 0.60027304 -2.5         0.64808508]
  [ 1.39058983 -1.71517453  0.86723925]
  [ 0.25998023 -1.44575421  0.77995227]]]
Experiment	19	-5.946593171818317	0.053406828181683075	120686	8	[[[ 1.16152215 -0.16617263  0.37404183]
  [ 1.26905527 -1.23351113  0.05060733]
  [ 0.32028237 -0.71902003 -0.15812786]
  [ 0.58186211 -0.94624003  0.88921265]]]
Experiment	20	-5.907511262401762	0.09248873759823795	236919	7	[[[ 1.41189663 -1.46504689  0.93091207]
  [ 1.81171031 -2.11778739  1.77209518]
  [ 2.5        -1.62393471  1.01471295]
  [ 1.78299116 -2.486619    0.68253049]]]
Experiment	21	-5.885690921780272	0.11430907821972802	272594	8	[[[-0.312379   -0.29207294  0.25438151]
  [-1.28110702  0.045693   -0.16629783]
  [-1.05161972 -1.01620099 -0.29406029]
  [-1.27000034 -0.61665837  0.76255545]]]
Experiment	22	-5.8957065517329585	0.10429344826704146	340158	7	[[[ 0.30371382 -0.72763577  0.01799558]
  [-0.65841654 -0.92063041 -0.50497574]
  [ 0.10143644 -1.78977465 -0.24766206]
  [ 0.28490887 -1.06409634 -1.08684341]]]
Experiment	23	-5.8223194350275715	0.17768056497242846	299166	9	[[[ 0.11524715  2.3906687   0.23412147]
  [-0.10586526  1.89655552  1.23274574]
  [ 0.78131152  1.45687363  0.62605965]
  [ 0.84928426  2.47252358  1.09085246]]]
Experiment	24	-5.899094200568794	0.1009057994312057	175077	7	[[[-1.57777991 -2.5         1.1231088 ]
  [-1.21126759 -1.57253185  1.6888688 ]
  [-1.57345741 -1.50186632  0.60138847]
  [-2.31592472 -1.73429778  1.38148083]]]
Experiment	25	-5.887329396544562	0.11267060345543811	69989	8	[[[ 0.2247871   0.5568121  -0.38586877]
  [ 0.28100429  1.59655149 -0.77840072]
  [ 0.83471712  0.78766687 -1.37483911]
  [-0.30013512  0.79274818 -1.35249097]]]
Experiment	26	-5.900643445611286	0.09935655438871382	92885	8	[[[ 0.84113071 -0.03349572 -1.79701301]
  [ 1.31577505 -0.76011306 -2.5       ]
  [ 1.89250078  0.17693073 -2.221419  ]
  [ 1.77310231 -0.6816764  -1.50421872]]]
Experiment	27	-5.832687781259405	0.16731221874059532	132241	6	[[[ 0.5061207   1.88217191 -1.97671336]
  [ 1.11754198  0.98602714 -2.39012811]
  [ 1.2196686   1.3476017  -1.30332333]
  [ 0.21195395  0.84222351 -1.69400473]]]
Experiment	28	-5.799528674797283	0.2004713252027166	10377	9	[[[ 1.23928863 -1.93655478 -0.17362009]
  [ 1.44110041 -0.86871677 -0.15499699]
  [ 0.46852121 -1.24457605  0.35564026]
  [ 1.51522549 -1.37795962  0.81058257]]]
Experiment	29	-5.890832335464875	0.10916766453512494	297043	8	[[[ 0.97383846 -0.04965939 -0.21740459]
  [ 0.14106124  0.21206709 -0.9745938 ]
  [ 0.02815803  0.40086283  0.10326816]
  [ 0.70537106  1.03448553 -0.50748869]]]
Experiment	30	-5.818695836841465	0.1813041631585346	184745	7	[[[-1.56075182  1.86278106 -0.61933475]
  [-2.5         1.36972911 -0.35781652]
  [-1.93425738  1.1563812  -1.33355024]
  [-1.5331946   0.78752398 -0.37882871]]]
