Experiment	1	-5.886029846997714	0.11397015300228563	232556	7	[[[-1.47887734  0.26961249 -1.79218446]
  [-2.1991326   0.17747827 -0.94783498]
  [-1.14892489  0.54806363 -0.79562044]
  [-1.3885177  -0.56928536 -1.06411534]]]
Experiment	2	-5.919246965012249	0.080753034987751	208953	6	[[[-0.64459738  0.83708143 -0.1878794 ]
  [ 0.47627358  0.72589156 -0.22895606]
  [-0.16773304 -0.09584579  0.21011843]
  [-0.10594681  0.06073949 -0.8861763 ]]]
Experiment	3	-5.813875623272913	0.18612437672708726	147548	8	[[[ 0.00534434 -0.77665399 -1.78546356]
  [ 0.81541357 -0.61354796 -2.5       ]
  [ 1.02853974 -1.1904516  -1.55248044]
  [ 0.80960233  0.0042968  -1.56681042]]]
Experiment	4	-5.917106380871783	0.08289361912821658	245228	7	[[[-1.60615004  1.08159122 -0.24259221]
  [-1.00653723  0.43299983  0.43871809]
  [-0.77780447  0.48724999 -0.6452254 ]
  [-0.55438434  1.36210384 -0.03666865]]]
Experiment	5	-5.925511624391286	0.07448837560871358	86115	8	[[[ 2.5         0.20677911 -0.89603247]
  [ 1.81900812  0.94463827 -1.41120653]
  [ 1.58456073 -0.13712352 -1.55414733]
  [ 2.5         0.28143171 -2.02312999]]]
Experiment	6	-5.881130642616211	0.11886935738378934	260757	9	[[[ 0.54602485 -0.61798087  1.11777548]
  [ 0.3289727  -1.61589573  1.58055618]
  [ 1.06966342 -1.57913436  0.75130004]
  [ 1.28206524 -1.13510468  1.81699427]]]
Experiment	7	-5.8408480671764975	0.15915193282350248	103735	8	[[[ 0.96887109  0.85086023  0.17434415]
  [ 1.10161462 -0.09175969  0.81394737]
  [ 1.00044814  0.9464204   1.30998353]
  [ 0.11190616  0.48960274  0.88289874]]]
Experiment	8	-5.8506038135053515	0.14939618649464848	354426	8	[[[-0.16046901  1.09611033  1.43330668]
  [-1.21755076  1.32909383  1.24732396]
  [-0.78050769  0.37585573  0.88423738]
  [-0.56461222  1.38303475  0.38814834]]]
Experiment	9	-5.843834134025878	0.1561658659741223	195965	8	[[[-0.09858327  1.09298676  0.33577834]
  [-0.4645327   0.07070844  0.36239681]
  [-0.51873677  0.62179809 -0.59806725]
  [-1.23721815  0.94536115  0.18436605]]]
Experiment	10	-5.915472651114035	0.08452734888596503	125660	8	[[[ 1.01082885 -0.07224066 -0.67325311]
  [ 1.5163652   0.63557888 -1.42621674]
  [ 0.61738097  0.99715685 -0.8118404 ]
  [ 1.59254714  0.85498498 -0.32335982]]]
Experiment	11	-5.777170733485516	0.2228292665144842	333615	8	[[[-0.31779436 -0.66006796 -0.46924137]
  [-0.31874625  0.15795448 -1.21193551]
  [-0.71203669 -0.9058389  -1.44609151]
  [ 0.4247991  -0.7006619  -1.25303914]]]
Experiment	12	-5.8770636492957955	0.1229363507042045	84661	7	[[[-1.99289195  1.07769618 -1.04978537]
  [-1.05752834  0.39978152 -0.8372507 ]
  [-2.04341903  0.0957329  -0.45845474]
  [-1.90041332  0.10082094 -1.57315456]]]
Experiment	13	-5.890619040731453	0.10938095926854707	342904	9	[[[ 0.14188609  0.28512627  1.70271452]
  [ 0.52854343 -0.20438281  0.78732177]
  [ 0.53574626 -0.74002386  1.75489309]
  [-0.46808272 -0.547044    1.18297325]]]
Experiment	14	-5.86292956171293	0.13707043828707022	174201	7	[[[-0.74987134 -1.51488311 -0.66445788]
  [ 0.22377    -1.99470261 -0.29225172]
  [-0.83380322 -2.5        -0.12925619]
  [-0.35366814 -2.43892414 -1.18100825]]]
Experiment	15	-5.968755025685299	0.03124497431470097	149097	6	[[[-0.06102709 -2.10541242 -0.56344065]
  [-0.6828959  -1.44133087  0.05675292]
  [-0.55987309 -1.22767093 -1.02665815]
  [ 0.31392449 -1.09082411 -0.32313923]]]
Experiment	16	-5.885384467089542	0.11461553291045767	13422	9	[[[ 0.65233444 -1.30672332  0.64668787]
  [ 0.3642143  -1.8906992  -0.22557432]
  [-0.24313785 -2.05455563  0.7073524 ]
  [-0.34890679 -1.07819702  0.1816566 ]]]
Experiment	17	-5.858679225332435	0.1413207746675651	123314	7	[[[-0.00758276 -0.42017366 -1.41814641]
  [-0.79867852  0.02343784 -2.17540286]
  [-0.71414454 -1.11696934 -1.98208986]
  [ 0.10972848 -0.58602006 -2.5       ]]]
Experiment	18	-5.771189759176629	0.2288102408233712	295627	5	[[[-0.22333673 -0.82207056  1.44846705]
  [ 0.45545328  0.07830791  1.78318491]
  [-0.00998061 -0.60175395  2.5       ]
  [ 0.80080048 -0.94926021  1.87779768]]]
Experiment	19	-5.813150892433227	0.18684910756677287	43367	8	[[[ 1.33109333  0.00871701 -0.52120512]
  [ 0.46767793 -0.60776538 -0.40463774]
  [ 0.51963009  0.08477198 -1.29218024]
  [ 1.13501262 -0.85447042 -1.29230894]]]
Experiment	20	-5.849667737929336	0.1503322620706644	212275	6	[[[-0.48372648  0.35448525  0.4438774 ]
  [-0.03635643  0.25099383  1.51087725]
  [ 0.47241752  0.94635198  0.72939758]
  [-0.56236382  1.21696613  1.15941574]]]
Experiment	21	-5.920798044429608	0.079201955570392	1713	9	[[[-0.50251413  2.44111545  1.49987342]
  [-0.37297181  1.32413388  1.73416614]
  [ 0.40181616  1.84700694  1.13971278]
  [-0.57180577  1.69437775  0.65850766]]]
Experiment	22	-5.92826561129987	0.07173438870013005	43931	8	[[[ 0.12064774  0.27749643 -0.40457676]
  [ 0.0304646  -0.08919972  0.61592016]
  [-0.46686779  0.87726643  0.37674665]
  [-0.88081232 -0.07114581 -0.01841406]]]
Experiment	23	-5.914274402925819	0.08572559707418126	261293	7	[[[-0.70491568  1.7132144  -1.34747346]
  [-1.41943544  1.55517831 -0.53156416]
  [-0.57327611  2.31031754 -0.40699601]
  [-1.42153257  2.49655674 -1.11970715]]]
Experiment	24	-5.865991161755243	0.13400883824475684	10946	9	[[[-1.38067468  1.10651513  0.11137331]
  [-1.52123803  0.24862184  0.8170359 ]
  [-0.86349629  0.14879509 -0.12675322]
  [-0.51672977  0.67878951  0.80044545]]]
Experiment	25	-5.836577237884914	0.16342276211508633	197685	9	[[[ 0.34561874 -2.00978331 -1.20406372]
  [-0.03453591 -2.29819721 -2.24890796]
  [-0.13240258 -1.26102312 -1.82673058]
  [ 0.90376242 -1.62070256 -2.05421693]]]
Experiment	26	-5.875255725253316	0.12474427474668381	397219	8	[[[ 0.67004782  0.68192313  0.93614888]
  [ 0.43307181 -0.40413205  1.01424551]
  [-0.41495918  0.41016632  1.02328203]
  [ 0.32220303  0.24804518  1.92516174]]]
Experiment	27	-5.9012933676484085	0.0987066323515915	23048	9	[[[ 1.977304   -0.12673676 -0.98247469]
  [ 1.15807822  0.48310705 -1.4314004 ]
  [ 1.78312671 -0.19188077 -2.08368297]
  [ 1.06459587 -0.69379082 -1.4019946 ]]]
Experiment	28	-5.895165299854053	0.10483470014594687	137886	8	[[[ 1.0236679  -2.5        -1.26078266]
  [ 0.74906195 -2.27464631 -2.30784105]
  [ 0.97360289 -1.40738038 -1.52441919]
  [ 1.77807345 -2.05106504 -1.96650764]]]
Experiment	29	-5.895115962016563	0.10488403798343704	48018	8	[[[ 1.66375335 -1.07419033  1.46238513]
  [ 1.4839005  -0.49169268  0.49532804]
  [ 1.55354254 -1.60534742  0.46600905]
  [ 2.5        -1.00304363  0.75266333]]]
Experiment	30	-5.969470325488772	0.03052967451122779	204121	6	[[[ 1.14425805 -0.59072891  1.94037257]
  [ 0.15841764 -0.46274794  2.5       ]
  [ 0.62139202  0.38479781  1.91032481]
  [ 0.15045904 -0.4923779   1.38929471]]]
