Experiment	1	-5.837895059563783	0.16210494043621715	131305	7	[[[-1.45606506 -0.01354569  2.03183289]
  [-2.41369718 -0.36901514  1.47390393]
  [-1.98706141 -1.000741    2.33186217]
  [-2.5         0.04236587  2.5       ]]]
Experiment	2	-5.715865934701857	0.2841340652981428	337255	8	[[[ 2.07307412 -2.18607383 -1.27079615]
  [ 1.33812347 -1.59152333 -0.62539849]
  [ 2.5        -1.79681793 -0.35245271]
  [ 2.14987715 -1.0560791  -1.20997216]]]
Experiment	3	-5.794230730270365	0.20576926972963516	44286	8	[[[-0.30579905 -2.0654122   1.52558188]
  [ 0.48791245 -2.08275754  0.74145851]
  [-0.51513562 -2.33268506  0.36160416]
  [-0.36385103 -1.281682    0.70808064]]]
Experiment	4	-5.7180310237597585	0.28196897624024153	345574	6	[[[-1.05001398  1.52937131  1.33454132]
  [-1.83061877  0.90624693  0.65342646]
  [-1.81629081  2.00912596  0.71452047]
  [-2.20402319  1.41090064  1.54773982]]]
Experiment	5	-5.726340706116498	0.27365929388350185	138454	8	[[[ 0.03038936  0.42109434  0.25051696]
  [ 0.55687902 -0.57201239 -0.12679184]
  [ 1.13553553  0.26321211  0.41837044]
  [ 0.83362121  0.43071735 -0.591033  ]]]
Experiment	6	-5.884026309891931	0.1159736901080688	46451	8	[[[ 0.91842384 -1.77039964  1.88032086]
  [-0.02367816 -2.15435455  2.24201794]
  [-0.02491679 -1.37364455  1.3834149 ]
  [ 0.3001389  -2.41503236  1.19409817]]]
Experiment	7	-5.662674571570669	0.337325428429331	288492	7	[[[ 0.1573671  -1.07437351 -1.92410307]
  [-0.24875036 -2.07437684 -1.57307185]
  [ 0.78293553 -1.9682427  -2.25308789]
  [ 0.72969453 -1.79024154 -1.14730862]]]
Experiment	8	-5.6903973785425634	0.30960262145743656	384877	8	[[[-0.21881597 -2.26570389  1.51893738]
  [-0.86842238 -1.73152483  0.77165418]
  [-0.1796883  -2.5         0.43500695]
  [ 0.31511662 -1.53729748  0.70691318]]]
Experiment	9	-5.672145673871435	0.32785432612856535	73915	8	[[[-0.99249735  0.30587376 -1.08225427]
  [ 0.07339675  0.4332734  -0.54531359]
  [-0.07710598 -0.09766041 -1.53343169]
  [-0.18100748  1.05286045 -1.52689498]]]
Experiment	10	-5.779331109769367	0.22066889023063307	147698	8	[[[2.16688738 0.39627321 1.13036515]
  [1.41869699 1.22148832 1.40716773]
  [2.4527665  1.44623547 1.12540804]
  [2.35474778 0.89493208 2.09646778]]]
Experiment	11	-5.804758666519245	0.19524133348075523	91065	7	[[[ 0.64091599 -1.4480832   1.74949058]
  [ 1.46432493 -2.16746619  1.41498318]
  [ 1.33663487 -1.95451966  2.5       ]
  [ 0.45813313 -2.5         2.00165463]]]
Experiment	12	-5.88611852532217	0.11388147467782961	286310	8	[[[-0.35906001  0.64643021 -1.8739934 ]
  [-1.39746269  0.56680831 -1.40389383]
  [-0.71914032  1.52385557 -1.26779535]
  [-1.19066555  1.32359167 -2.24619665]]]
Experiment	13	-5.626664025146639	0.3733359748533607	290243	8	[[[-1.69339747  0.50378965 -2.11343682]
  [-1.98018216  1.19714187 -1.26551579]
  [-1.94318655  1.59203659 -2.32773379]
  [-0.88505453  1.20850742 -1.78186614]]]
Experiment	14	-5.80520492875715	0.1947950712428499	139050	8	[[[-2.5         0.10522567  1.43416452]
  [-2.5        -0.09077678  2.5       ]
  [-2.5         0.98640192  2.07190494]
  [-1.54797523  0.38170182  2.04338437]]]
Experiment	15	-5.729909596016544	0.2700904039834562	293712	8	[[[-1.63063589 -1.52612201  2.5       ]
  [-0.56082491 -1.47241425  2.20447319]
  [-1.3004327  -1.80838377  1.46728975]
  [-0.9780864  -2.5         2.43572639]]]
Experiment	16	-5.655707165045923	0.3442928349540768	30116	9	[[[ 0.97895137 -1.08969159 -0.26088466]
  [ 1.55217321 -1.72720661  0.40888558]
  [ 1.70779027 -0.69566523  0.51864272]
  [ 2.09337466 -1.18150351 -0.45041565]]]
Experiment	17	-5.70443776618561	0.2955622338143904	181738	8	[[[ 1.98226629 -2.24123388  0.21384082]
  [ 2.5        -1.26368675 -0.00888199]
  [ 2.5        -1.71318597  1.10617495]
  [ 1.59048582 -1.19010511  0.67500157]]]
Experiment	18	-5.7097088976397234	0.29029110236027655	274237	8	[[[ 1.23721356  1.41784279 -2.27124441]
  [ 1.65737707  2.5        -2.5       ]
  [ 0.48753964  2.1658249  -2.5       ]
  [ 1.11227914  2.28778836 -1.55656818]]]
Experiment	19	-5.789857773493145	0.21014222650685532	207478	7	[[[ 1.86576905  1.48168924 -2.27191666]
  [ 2.5         0.89851554 -1.41699143]
  [ 2.5         0.54568014 -2.5       ]
  [ 1.60236782  0.44275059 -1.8605459 ]]]
Experiment	20	-5.733038239167328	0.26696176083267176	136795	8	[[[ 1.99485175  1.58843585 -0.02244531]
  [ 2.03716526  1.15990979 -1.05152238]
  [ 1.18692803  1.74606161 -0.74206559]
  [ 1.29019405  0.76722753 -0.34049918]]]
Experiment	21	-5.80248383599967	0.19751616400033	294985	8	[[[ 1.96414362 -0.60961764 -1.16014754]
  [ 1.71227717 -1.71622123 -1.12288847]
  [ 1.07575    -1.02554202 -0.47773288]
  [ 2.15248613 -1.16109449 -0.17463353]]]
Experiment	22	-5.738076600640671	0.26192339935932907	149122	8	[[[-0.43309747 -1.1799965  -1.30741852]
  [-1.42669789 -1.51281985 -0.81869291]
  [-0.5206539  -1.01622876 -0.22053028]
  [-0.51588502 -2.05230255 -0.53510608]]]
Experiment	23	-5.836999064118784	0.16300093588121634	129539	7	[[[-1.89585578 -2.13228835 -0.73388843]
  [-2.24978012 -1.04610105 -0.5484503 ]
  [-1.33818885 -1.31457778 -1.24450496]
  [-1.23347174 -1.47452117 -0.1457253 ]]]
Experiment	24	-5.670126079992192	0.3298739200078078	373878	6	[[[-1.38808055 -1.18510702  1.75271538]
  [-1.12824144 -0.4695421   2.5       ]
  [-2.23513696 -0.960004    2.45661549]
  [-1.85024647 -0.1726015   1.75239573]]]
Experiment	25	-5.71285471037726	0.2871452896227398	187212	9	[[[-1.71758841  1.03167981 -0.62743204]
  [-2.31396891  0.92700322  0.26913718]
  [-1.17294593  1.02845401  0.46114396]
  [-1.7635775   1.87459104  0.06552178]]]
Experiment	26	-5.838882900269863	0.161117099730137	129879	8	[[[ 0.30666773 -2.13882467 -1.30353587]
  [-0.30788426 -1.75055254 -2.15370519]
  [ 0.58675214 -1.19432233 -1.77355251]
  [-0.36653823 -1.24647857 -1.08985347]]]
Experiment	27	-5.5004509858471735	0.4995490141528265	118157	9	[[[ 0.68589846 -1.41572132 -0.21311514]
  [ 0.5159063  -2.28989462 -0.97959068]
  [ 1.49160112 -2.12415748 -0.45290774]
  [ 0.63636936 -2.5         0.04269026]]]
Experiment	28	-5.658897900518058	0.34110209948194203	2046	9	[[[-0.15738976  1.14532528 -0.92067657]
  [ 0.85574003  0.60412704 -1.08401844]
  [ 0.47749943  1.00159761 -0.06396665]
  [ 0.02299177  0.05955587 -0.66575306]]]
Experiment	29	-5.815152956865618	0.18484704313438183	290823	6	[[[ 0.27317449 -0.35820307  0.74451686]
  [ 0.85291186  0.69239436  0.86300646]
  [ 1.0382541  -0.00943153  0.0385254 ]
  [ 0.07006855  0.55713864  0.07157212]]]
Experiment	30	-5.764378987446853	0.23562101255314705	252232	7	[[[-1.93542227  0.00860143 -0.23844108]
  [-2.5         0.11444797 -1.32519098]
  [-1.60869252  0.69119372 -1.03936444]
  [-1.53211845 -0.44293058 -1.20773445]]]
