Experiment	1	-5.757921516117031	0.2420784838829686	161844	7	[[[-2.5        -2.20682146  1.5707351 ]
  [-2.5        -1.1527963   1.45772546]
  [-1.72229608 -1.63081365  2.17905641]
  [-1.63310703 -1.69978069  1.07052646]]]
Experiment	2	-5.809735840927039	0.19026415907296101	17483	9	[[[ 0.54189462 -0.30333881  1.4748343 ]
  [ 1.64958682 -0.70485664  1.53673431]
  [ 1.04930515 -0.58143499  2.5       ]
  [ 0.81193152 -1.39575225  1.78605265]]]
Experiment	3	-5.749438828927185	0.25056117107281484	337296	6	[[[-1.39259965 -0.58873247 -2.19079939]
  [-2.22796291 -0.61255867 -1.35950139]
  [-1.91658012  0.37231181 -1.91514413]
  [-2.5        -0.41823727 -2.5       ]]]
Experiment	4	-5.771324685124902	0.2286753148750984	281801	7	[[[ 1.46329023 -0.82980058  0.14850521]
  [ 0.69971693 -1.60798408 -0.23905994]
  [ 0.58328262 -0.53726294 -0.62044918]
  [ 1.42979926 -1.12439276 -0.94364834]]]
Experiment	5	-5.776704084878487	0.22329591512151303	323545	8	[[[ 1.72048187 -1.45269779 -1.6971643 ]
  [ 0.90493129 -1.61345641 -2.48014023]
  [ 1.29671642 -0.57199556 -2.29564476]
  [ 0.74287909 -1.02412015 -1.50372073]]]
Experiment	6	-5.840058052141032	0.1599419478589681	338489	6	[[[2.07516307 1.36370591 0.64710065]
  [1.44770854 0.55586813 1.0756678 ]
  [1.68517433 1.47876405 1.67153106]
  [2.5        0.76355682 1.4173265 ]]]
Experiment	7	-5.736888036950456	0.26311196304954443	119917	9	[[[ 2.18020217 -0.22609962 -0.01347869]
  [ 1.52290047 -0.95900445 -0.5026646 ]
  [ 2.5        -0.68662078 -0.98279691]
  [ 2.5        -1.24463268  0.07116667]]]
Experiment	8	-5.667222439900808	0.332777560099192	57850	8	[[[-1.50524467 -0.23025331  0.06691825]
  [-2.45004683  0.43361937  0.16996715]
  [-2.30160043 -0.51257182 -0.66718135]
  [-2.5        -0.65716208  0.40400021]]]
Experiment	9	-5.664903595363652	0.3350964046363476	244447	7	[[[ 0.64949691 -1.42725458 -2.4012737 ]
  [ 0.72484645 -2.5        -2.5       ]
  [ 0.98028824 -2.04269127 -1.48880977]
  [ 1.64045219 -1.86693488 -2.29295139]]]
Experiment	10	-5.874164009861829	0.12583599013817093	18540	9	[[[ 1.48588019  0.44047376 -1.88293813]
  [ 0.7879798   0.82796331 -1.04763157]
  [ 0.84465187 -0.28675645 -1.32691164]
  [ 1.7445857   0.2388723  -0.79125954]]]
Experiment	11	-5.705250748572676	0.2947492514273238	33720	9	[[[ 2.5        -2.0809951   1.57600528]
  [ 1.54498184 -1.94170268  2.05868869]
  [ 2.09784092 -0.99917511  1.62566075]
  [ 2.5        -1.48512092  2.49284229]]]
Experiment	12	-5.765329760563648	0.234670239436352	76467	9	[[[ 1.70310862  2.5        -0.17105456]
  [ 1.59036966  1.42883863 -0.46892571]
  [ 0.69654398  2.13159535 -0.75716824]
  [ 1.70293211  2.21213296 -1.23815689]]]
Experiment	13	-5.64015811006708	0.35984188993291966	69591	9	[[[ 1.49892806 -1.61215925  0.53059727]
  [ 2.2951685  -0.90116929  0.33136107]
  [ 1.34774355 -0.4751665   0.07422139]
  [ 1.71135992 -1.35685713 -0.53710506]]]
Experiment	14	-5.65624016089127	0.3437598391087304	97696	8	[[[1.37311213 1.92871314 2.21154348]
  [0.26525695 1.9272175  2.24858602]
  [0.83196721 1.28940877 1.35901153]
  [0.82439825 2.38156822 1.34797072]]]
Experiment	15	-5.729770563231215	0.2702294367687852	40689	8	[[[ 2.5        -1.20591388  0.73194642]
  [ 1.73203232 -1.47746249 -0.02153936]
  [ 2.5        -0.73033104 -0.35904911]
  [ 1.70697251 -0.41265203  0.30333494]]]
Experiment	16	-5.655241279033441	0.344758720966559	297480	8	[[[ 0.31579002  2.23952517 -1.29312919]
  [ 1.39245308  2.34256529 -0.62674645]
  [ 1.20435261  1.50840571 -1.40856503]
  [ 0.60512991  1.57970161 -0.44042703]]]
Experiment	17	-5.706402644311463	0.2935973556885374	291364	8	[[[ 0.90791859 -1.36130048  1.57790856]
  [ 0.81285903 -2.5         1.81055215]
  [ 0.30602142 -1.810965    2.47415011]
  [ 1.49225509 -1.84738746  2.36604485]]]
Experiment	18	-5.738687906658557	0.26131209334144323	20775	9	[[[-0.97117509 -0.21540359 -0.38273434]
  [ 0.04917296 -0.59506781 -0.75325757]
  [-0.25683732 -0.79209786  0.24208203]
  [-0.85350492 -1.32459096 -0.57439259]]]
Experiment	19	-5.780125162842245	0.21987483715775458	151627	9	[[[-0.56414265 -0.25510201 -0.92783105]
  [-0.11342542 -0.80524739 -1.83542922]
  [ 0.52494359 -0.10272629 -1.25892414]
  [-0.42134951  0.24816615 -1.94376877]]]
Experiment	20	-5.795067549627655	0.2049324503723451	308771	6	[[[-1.64509386  0.34368731 -1.73808537]
  [-2.19125264  0.28353166 -0.7322244 ]
  [-1.1825229   0.74677492 -0.73455462]
  [-2.04425116  1.32565067 -1.16515148]]]
Experiment	21	-5.653240270004517	0.3467597299954832	118829	8	[[[ 1.08457591  2.37389919  0.54847898]
  [ 1.05267862  1.76565188 -0.36020323]
  [ 0.14342923  2.31371382 -0.01345489]
  [ 0.60510617  1.3789131   0.50653398]]]
Experiment	22	-5.784588157895416	0.21541184210458386	134792	8	[[[ 1.16830179 -1.6623306   2.5       ]
  [ 1.78965047 -1.01044675  1.81831297]
  [ 1.7735542  -2.1595281   1.58555814]
  [ 2.29049901 -1.70272768  2.5       ]]]
Experiment	23	-5.696357863789311	0.3036421362106889	225559	8	[[[ 1.49108711  1.10832136 -0.49440212]
  [ 0.93162619  1.79954754 -1.19044266]
  [ 0.46672677  0.8619223  -0.95895883]
  [ 0.58830645  1.72508018 -0.18431539]]]
Experiment	24	-5.766750675271526	0.23324932472847415	236739	8	[[[-0.1877708  -0.71810713  0.16686384]
  [-0.5800786   0.35183593  0.0426566 ]
  [ 0.50054749  0.11594     0.07566544]
  [-0.03903012 -0.06221819  1.0151892 ]]]
Experiment	25	-5.886530403856566	0.11346959614343444	282468	7	[[[-1.84835062  2.16897751  2.01625987]
  [-2.25145963  1.13497117  1.6808429 ]
  [-1.35439544  1.54184103  1.20740254]
  [-2.34190875  2.08129079  1.01062964]]]
Experiment	26	-5.649194605236749	0.3508053947632508	336164	8	[[[-0.15146844 -1.23201331 -1.93250275]
  [-0.23605545 -0.11283577 -2.21656083]
  [-1.03146269 -0.67518953 -1.61007544]
  [ 0.06679721 -0.4698411  -1.22956449]]]
Experiment	27	-5.740076938080953	0.25992306191904735	239862	8	[[[-1.26083841  0.19288402 -0.46273275]
  [-1.80065215 -0.33831773  0.49617646]
  [-0.75503188  0.1123206   0.49315309]
  [-1.01273028 -0.81455896 -0.10356658]]]
Experiment	28	-5.7790362869166945	0.22096371308330554	7971	9	[[[-0.86479082 -1.00107825  1.95597137]
  [-0.94518068  0.06714325  1.58600088]
  [-1.85178698 -0.56754335  1.83345592]
  [-1.24731858 -0.76889284  0.85143278]]]
Experiment	29	-5.855635594083444	0.14436440591655586	103401	9	[[[-1.60994914  0.09660473  0.09096114]
  [-1.18428221  0.75595166 -0.76900425]
  [-2.28333401  0.34869337 -0.81713997]
  [-1.96772157  1.1465034  -0.10587956]]]
Experiment	30	-5.830886229189697	0.169113770810303	44995	8	[[[-0.90144354 -0.89584949  1.58173631]
  [-0.34883781 -0.54557055  0.68842959]
  [ 0.16164965 -0.644025    1.66300428]
  [-0.56898673  0.18702326  1.61754188]]]
