7clusters.txt
2 0.48696257114049535
3 0.5106857584174717
4 0.5600784275159115
5 0.5762451809818667
6 0.5695476563612936
7 0.5786682874311846
8 0.6037426703909804
9 0.6019117466936263
10 0.5804914486157762
11 0.5720992135074578
12 0.5725941670097369
13 0.5357423690052845
14 0.5060183403327084
15 0.5078912293178639
16 0.5338143144779547
17 0.5066931530561575
18 0.4988869756633822
19 0.45446973561449927
20 0.44904042349422946
-----------------------
3wings.txt
2 0.39735576207520207
3 0.5454302669642086
4 0.4865686859687236
5 0.45040502076073774
6 0.4292994955790508
7 0.41083075600695174
8 0.3974740925940231
9 0.3793902111892236
10 0.3720066922031916
11 0.36912875853565796
12 0.36407558112999616
13 0.3504954712583381
14 0.3493652283653527
15 0.34890208705982606
16 0.35391322321628377
17 0.3556375609023762
18 0.3578502915752496
19 0.3609690616547386
20 0.3563861111244396
-----------------------
5Gaussians.txt
2 0.6523375435867358
3 0.6869652460106295
4 0.686649762315691
5 0.755177042673792
6 0.6965404815001692
7 0.605540780704161
8 0.5501032690717768
9 0.5555796492028922
10 0.5545166986800063
11 0.4323968709197496
12 0.4290183202492308
13 0.3295652749458407
14 0.4358488041352905
15 0.43027637876450875
16 0.33046755589151133
17 0.330785209635784
18 0.3241434119919473
19 0.3320775282366574
20 0.33395856659047335
-----------------------
4rectangles.txt
2 0.6439303703961847
3 0.6268658685616204
4 0.6769687393241283
5 0.6744350904741775
6 0.6412276600077713
7 0.6113854812193257
8 0.5745036778638896
9 0.5652796898905318
10 0.5257702533089194
11 0.4967060147878543
12 0.4730137464149204
13 0.4445683513118102
14 0.4488818829170284
15 0.41324077450790153
16 0.4036979746601211
17 0.40146514257004146
18 0.4093381657341779
19 0.37477680224245785
20 0.369476893160167
-----------------------
