Experiment	1	-12.52417291118087	7.29731608881913	511341	7	[[[-1.85966213 -0.36372654 -1.45726164]
  [-1.64719024  1.71998552 -1.22261862]
  [-1.53655435  1.22945635 -2.5       ]
  [-2.5         0.8157554  -2.5       ]
  [-1.49292547  2.35518088 -0.35997251]
  [-2.5         0.85542308 -0.65507061]
  [-1.91460351  0.69229549 -1.57935143]
  [-2.5         1.70584239 -1.87841466]]]
Experiment	2	-12.591959430536104	7.229529569463896	119480	8	[[[ 2.23326352  0.67723414 -1.5034088 ]
  [ 2.21121319  1.28819616 -0.30941793]
  [ 2.5        -0.40917163 -1.62848614]
  [ 1.92671788  0.01285443 -0.66900585]
  [ 1.45723774 -0.09411788 -1.85654208]
  [ 0.82338559  0.07167955 -1.0423763 ]
  [ 0.67275227  0.91321446 -0.2440771 ]
  [ 1.56127088 -0.98297084 -0.66826498]]]
Experiment	3	-13.48039991871909	6.341089081280909	653914	7	[[[ 1.90005237  1.93760688  0.62210881]
  [ 0.52948166  2.5         0.13975988]
  [ 0.37424801  1.43452147  0.59302804]
  [ 0.82634916  1.260159    1.58662657]
  [ 1.24213033  0.59032175  0.8087721 ]
  [-0.01269777  1.64208819 -0.37328773]
  [ 1.85756432  1.185775    1.71111184]
  [ 1.10696927  1.57029962 -0.18801715]]]
Experiment	4	-13.100647897192205	6.720841102807794	718373	7	[[[ 0.4347771  -0.34828053 -1.10175941]
  [-0.08415153 -0.07350644  0.78783784]
  [-1.29071196 -0.60991166  0.48351908]
  [-0.26101924 -0.79008186 -0.14022652]
  [-0.42640939  0.14778271 -0.86455742]
  [-0.53288113  1.37719162 -0.48187338]
  [ 0.24896518  0.36929101 -0.15132065]
  [-1.12408682  0.41130248  0.05363938]]]
Experiment	5	-12.859985344213767	6.961503655786233	70713	9	[[[-0.86175557 -0.57842948 -1.03687841]
  [-1.83315023 -0.21771015 -1.3913491 ]
  [-0.00461984 -0.88185314 -1.58022141]
  [-0.9847175  -1.63879783 -1.42774854]
  [-0.87365893 -0.79693677 -2.13813214]
  [ 1.05277005 -1.10258531 -1.01959522]
  [-0.04277434  0.06885428 -0.67748442]
  [-0.24498091 -1.63333952 -2.45147685]]]
Experiment	6	-13.086857167382098	6.734631832617902	624785	7	[[[-1.28953049  0.56928434 -0.61601555]
  [-2.2969349  -0.62832648 -1.61022018]
  [-2.26179023  1.25773215 -1.72876251]
  [-2.35267838  0.30600677 -1.21103764]
  [-0.52256415 -0.30828775 -0.53466843]
  [-1.1994071  -0.81858201 -1.15319485]
  [-2.18033992  0.37219866 -2.39615544]
  [-1.34071854  0.601455   -1.69001049]]]
Experiment	7	-12.778903435709495	7.042585564290505	102392	8	[[[ 2.5         2.02079327  1.36413138]
  [ 2.5         1.99467476  0.18418294]
  [ 0.5622596   2.5         0.50001542]
  [-0.16818515  1.5681413   0.3787161 ]
  [ 1.2002924   1.28872531  1.57145283]
  [ 2.33002105  1.00880228  0.87188069]
  [ 1.62088093  2.27583358  0.9009003 ]
  [ 1.19953483  1.46434564  0.33214693]]]
Experiment	8	-13.038906080746647	6.782582919253352	79105	9	[[[-0.63974327 -2.5         1.31511555]
  [ 0.17615641 -1.6463182   1.49306326]
  [-0.11583252 -1.0155045   2.36556845]
  [ 1.44075985 -2.5         1.28393093]
  [-1.06012329 -2.31329054  2.5       ]
  [-1.33796942 -1.05651204  2.5       ]
  [ 0.11464272 -2.5         2.09531274]
  [-0.87995544 -1.53076808  1.65905522]]]
Experiment	9	-13.783936820726941	6.037552179273058	563373	5	[[[ 0.52497577 -2.5        -0.48394494]
  [ 1.27271165 -1.4968044   0.09415638]
  [-0.43121008 -1.89284637 -0.09364071]
  [ 0.38857201 -2.5         0.62196092]
  [ 0.05927575 -1.2858713   0.72659496]
  [-0.34831345 -2.13487351  1.27375477]
  [ 0.37182457 -0.76356675 -0.23068005]
  [ 1.03055455 -1.89649619  1.11738233]]]
Experiment	10	-13.276158163986464	6.545330836013536	415533	7	[[[-0.8195583  -1.16115835  1.52376555]
  [ 1.52181227 -1.52279926  1.20869257]
  [-0.25475558 -0.80979297  2.5       ]
  [-1.45029535 -0.93875643  2.5       ]
  [ 0.35167533 -0.97141783  1.63168751]
  [-0.51283202 -1.90337954  2.5       ]
  [ 0.64698716 -1.69230632  2.5       ]
  [ 0.20906593 -2.5         1.73861062]]]
Experiment	11	-13.28830584902622	6.53318315097378	484374	7	[[[-1.34989642 -0.62036443 -2.5       ]
  [-1.66008358 -1.73919333 -0.63586883]
  [-0.84379005  0.42651928 -2.5       ]
  [-1.7772584   0.10922457 -1.71759108]
  [-2.5        -0.73447424 -2.5       ]
  [-0.3624723  -0.71364303 -2.13409016]
  [-1.05101419 -0.36463618 -1.12536157]
  [-1.95916406 -0.98427094 -1.45846153]]]
Experiment	12	-13.754060518181706	6.067428481818293	603673	8	[[[ 0.26971435  0.21429637  1.41692022]
  [ 0.50183118  1.38514813  1.70414073]
  [ 0.59799821  2.48476815  2.00633146]
  [-0.52829262  1.41333447  1.40850634]
  [ 0.04981131  2.27570814  1.14846354]
  [ 1.41559523  2.03171765  0.92806836]
  [-0.55502069  2.32283272  2.0185912 ]
  [-0.30769969  0.94802191  2.37237289]]]
Experiment	13	-13.016526433551142	6.804962566448857	604001	6	[[[-2.17201887  1.11224633 -0.15875001]
  [-1.85124766 -0.78054675  0.85366598]
  [-0.98057469  1.24947278  1.32785218]
  [-2.3240476   1.13482349  1.25323566]
  [-2.5         0.02209396  1.37532036]
  [-1.66921918  0.47982679  0.79752291]
  [-2.5         0.25297858  2.5       ]
  [-1.6915817   0.71876125  2.03756069]]]
Experiment	14	-13.402631320494832	6.418857679505168	139074	9	[[[-0.05030822 -1.82370466 -2.5       ]
  [-0.11348721 -1.20549937 -0.39814152]
  [ 0.24074659 -1.44274589 -1.4741109 ]
  [ 0.00748478 -2.35069531 -0.67213055]
  [ 1.2372121  -1.13576825 -1.15517336]
  [ 0.84737674 -1.27496158 -2.28221106]
  [-0.80022048 -0.99282952 -2.07341003]
  [-0.63883253 -2.17124521 -1.66178841]]]
Experiment	15	-13.034128074463817	6.787360925536182	654756	6	[[[-1.87226084 -1.46361333  0.97263927]
  [-1.16574936 -0.3568964   1.43841459]
  [-0.76225807 -1.49648302  1.04639488]
  [-1.14954904 -0.36148063  0.11769806]
  [-0.34609054 -0.86272667  2.33202985]
  [ 0.41391682 -1.04368636  1.57527094]
  [-0.11100347 -0.38151686  0.9171711 ]
  [-1.34769029 -1.33751785  2.13818347]]]
Experiment	16	-13.905532444778054	5.915956555221946	599680	7	[[[-0.70399369  0.2677284   0.39722279]
  [-1.22689263  0.13937745 -0.78307237]
  [ 0.49217844  0.80797364  0.48327629]
  [-1.22063043  1.10520893 -0.07738356]
  [-0.34558328  0.78073683 -0.78547416]
  [ 0.68681172  0.61186048 -0.78629438]
  [ 1.02314577 -0.44771788 -0.24028127]
  [-0.00609413 -0.14638735 -0.39806852]]]
Experiment	17	-14.448498230121952	5.372990769878047	487306	7	[[[ 1.73370296  2.30295697 -0.89683879]
  [ 2.14877709  1.58768216 -1.71872338]
  [ 1.0725452   1.54613558 -1.34324548]
  [ 2.23029774  1.20678783 -0.74670572]
  [ 0.75228648  0.94507193 -2.5       ]
  [ 1.72357054  0.14481076 -0.63107892]
  [ 0.88835449  0.51628108 -1.25680797]
  [ 1.22042146  1.12371799 -0.32255703]]]
Experiment	18	-12.918682998229377	6.902806001770623	190017	8	[[[ 2.11656691  1.94895019  0.72311024]
  [ 1.40070767  1.59825355 -0.43868504]
  [ 2.5         1.82040317 -0.47898545]
  [ 2.27803958  1.05196809  1.36321549]
  [ 0.84715535  0.87832714 -1.28626855]
  [ 1.98133492  0.81857395  0.21229298]
  [ 1.55834222  0.31346387 -1.87321652]
  [ 1.97551565  1.04372691 -1.14516036]]]
Experiment	19	-12.65728220249421	7.1642067975057895	96403	8	[[[ 1.312727   -0.76476564  0.40340194]
  [ 2.5        -0.41832956  0.80363315]
  [ 1.00211543 -0.53720716  1.62205699]
  [ 2.5         0.55239024  0.34875837]
  [ 2.28141974 -0.03432993  1.8446358 ]
  [ 1.55833341  0.14004751  0.91387685]
  [ 1.52211647  1.36853546  1.23630962]
  [ 2.16470471 -1.46062986  0.48384971]]]
