Experiment	1	-14.896564768210265	4.924924231789735	754876	7	[[[ 0.15193336 -0.06122827  0.8251418 ]
  [-0.70044679 -0.36976609 -0.02180409]
  [ 0.40627492 -0.66509193 -0.09799559]
  [ 1.21559409 -1.38556587  0.00414423]
  [-0.40081568 -1.37371101  0.24757847]
  [ 0.0502219  -1.16698932  1.25216646]
  [ 0.48785124 -1.82724153 -0.58161199]
  [-0.40825658 -1.06564855 -0.87672926]]]
Experiment	2	-14.42959850184511	5.39189049815489	205868	7	[[[ 0.68148699 -0.83194486  0.89201348]
  [ 0.0551778  -0.74303688  1.74738615]
  [ 0.40010826  0.17928915 -0.2911143 ]
  [ 0.51438601 -1.30317206 -0.03588511]
  [ 0.23560112  0.21182189  1.11690185]
  [ 1.36039395 -0.02042578  0.88443975]
  [-0.29988849 -1.62848004  0.85220613]
  [-0.34744047 -0.57089978  0.53267921]]]
Experiment	3	-14.24603131788036	5.575457682119639	791310	5	[[[ 1.36040934  0.23862137 -2.26821236]
  [ 1.59664294 -0.92088292 -2.04610737]
  [ 2.5        -1.49540853 -2.0360855 ]
  [ 2.5        -0.33044891 -1.98320077]
  [ 0.78205902  0.02458336 -0.83146127]
  [ 1.53045987 -0.81046781 -0.90473738]
  [ 0.54264187 -0.90493126 -1.44322288]
  [ 1.88536218  0.38006467 -1.34818506]]]
Experiment	4	-14.977942730500827	4.843546269499173	143898	8	[[[2.33868826 0.82522985 1.34682369]
  [0.98423428 1.26389171 2.14208774]
  [0.3159569  1.7937464  1.21127504]
  [1.99039918 0.97626142 2.5       ]
  [0.79968513 1.23152257 0.32684972]
  [1.88069014 1.09358701 0.28387715]
  [1.02178361 0.54172897 1.17672682]
  [1.58804968 1.64416911 1.30314324]]]
Experiment	5	-14.564015573986879	5.257473426013121	72764	9	[[[-1.38352944 -0.41320594 -0.53495511]
  [-1.40901439 -1.10725754  1.51824756]
  [-1.11081439 -0.36900081  0.49168655]
  [-1.61953897 -1.62945075 -0.62920522]
  [-0.78295943 -1.35879825 -0.06487972]
  [-0.24955847 -0.44459727 -0.76346903]
  [-1.72574743 -1.24288223  0.43106115]
  [-0.13343659 -0.76469757  0.59216574]]]
Experiment	6	-14.314896896887133	5.506592103112867	464185	7	[[[-0.46813763  0.13720902 -0.63991982]
  [ 1.65822942  0.73238782  0.48929113]
  [ 1.06890593  0.2514959   1.59430347]
  [-0.41661875  0.17882571  0.4640127 ]
  [-0.41997606  1.27260208  0.61806485]
  [ 0.57152777  0.09646519  0.71519519]
  [ 0.36380848  0.82568364 -0.11844939]
  [ 0.63311344  1.13584528  0.94925283]]]
Experiment	7	-17.257854669220755	2.5636343307792444	347408	6	[[[-0.65935222 -0.08403631 -0.83554658]
  [-0.58583505 -0.02933994 -1.87723926]
  [-0.47059133 -1.0351143  -1.45985187]
  [-1.48944782 -0.90825193 -0.95325336]
  [-1.5682659   0.07104245 -1.41921886]
  [-2.5        -0.61912031 -1.2742204 ]
  [-1.90664323  0.05024546 -0.3600233 ]
  [-1.34080935 -0.81298962 -2.23536401]]]
Experiment	8	-14.737935781677239	5.083553218322761	772635	7	[[[-1.14183848 -0.41931976 -1.3492942 ]
  [-0.31389898  0.14292065  0.72732379]
  [-1.664442   -0.98486979 -0.45069664]
  [ 0.1769275  -0.93665246  0.50332111]
  [-0.70514942 -0.587215   -0.15842323]
  [-1.49492333 -0.0371378   0.45284727]
  [ 0.23936388 -0.15558372 -0.23508649]
  [-0.78953798  0.35798385 -0.63701306]]]
Experiment	9	-14.01468225301896	5.8068067469810405	274281	8	[[[-0.29103947 -1.22089114 -0.24318685]
  [ 1.67805248  0.20902021 -1.31946439]
  [ 0.89577332  0.87821242 -0.96075558]
  [-0.20816937 -0.12028085  0.03382331]
  [ 0.80877575 -0.32787475 -0.81145738]
  [ 0.77891081 -0.94574792  0.18661287]
  [ 0.56837396  0.04082566 -1.85939432]
  [ 0.81527238  0.32869288  0.08699026]]]
Experiment	10	-15.069256169908892	4.752232830091108	666098	7	[[[-0.90286515 -2.42238151  1.32675664]
  [ 0.02261046 -2.26108663 -0.01513443]
  [-0.58898602 -1.30790381 -0.55008385]
  [ 0.18063177 -1.29738962  0.43503866]
  [-0.58974985 -2.00817592  2.26352716]
  [-0.9716595  -1.70005432  0.55697977]
  [ 0.15992827 -1.99914579  1.3370258 ]
  [-0.66861959 -1.2298933   1.41946277]]]
Experiment	11	-14.50295697326179	5.318532026738209	315828	9	[[[-1.41647567 -1.09784386 -0.77141921]
  [-1.3945032  -0.71653844  1.60215786]
  [-1.02450984 -0.0348562  -0.70724177]
  [-0.26447554 -1.01250851 -0.36565169]
  [-1.45885962 -0.14817245  0.25993527]
  [-0.97223039 -1.79022987  0.04106209]
  [-1.8112235  -1.29017866  0.37131199]
  [-0.7130395  -0.92228026  0.77616835]]]
Experiment	12	-14.484492554981259	5.336996445018741	426474	6	[[[ 0.21745919  0.33793665 -0.39381947]
  [ 0.17825193  1.07003707  0.41051213]
  [ 0.96539501  0.94547673 -0.93314506]
  [ 0.3712525   0.36556346 -1.62119084]
  [ 0.74728689  1.78518373 -0.08481359]
  [-0.14903048  1.21759677 -0.91350756]
  [ 1.57868353  0.05583288 -0.32057456]
  [ 1.65035528  1.21291474 -0.03389689]]]
Experiment	13	-14.546215123229732	5.275273876770267	631466	9	[[[-1.0568064   1.54879426 -1.19896997]
  [-1.59441939  0.51606522  0.62390685]
  [ 0.02003503  0.99813216 -0.15143463]
  [-0.51966011  0.81002758  0.78438341]
  [-0.4116763   0.66211277 -1.26945502]
  [-1.0007875   0.59368773 -0.28235192]
  [-0.52879616 -0.29783761  0.25783072]
  [ 0.19164138 -0.10416092 -0.72852701]]]
Experiment	14	-14.044835534204864	5.776653465795135	44794	9	[[[ 0.51087613  0.0463632   0.41763575]
  [ 1.04319182 -0.53237315  1.48432284]
  [-0.70200648 -1.05449002 -0.48395462]
  [ 0.90090141 -0.98908365  0.47565708]
  [-0.38759194 -0.7515569   0.44060081]
  [ 0.25308625 -0.47085628 -0.70397939]
  [-0.39067886  0.20768344  1.1392276 ]
  [-0.50096764  0.23241251 -0.14783646]]]
Experiment	15	-14.744456909794305	5.0770320902056945	591253	6	[[[-1.09240313 -0.17737708  1.24869939]
  [-0.8323713   0.57251384  0.2181019 ]
  [-1.36524798  1.17582387  0.92222137]
  [-1.9736395   0.439792    1.54639822]
  [-1.93357508  0.2398008   0.43651782]
  [-2.09918124 -0.79772934  0.7546332 ]
  [-2.5        -0.59543636  1.75070607]
  [-1.04568347 -0.59854633 -0.09929801]]]
Experiment	16	-14.288754224605377	5.532734775394623	389557	6	[[[-1.40952168  1.06496784  0.11520967]
  [-2.30024725  0.25425078 -0.01752539]
  [-0.94237474  1.74251486 -0.6994024 ]
  [ 0.1627772   1.65840625 -1.33046034]
  [-1.51715617  0.38119432 -1.01309304]
  [-0.48156385  0.83574477 -1.0823147 ]
  [-0.32149752  1.06544044 -0.05079664]
  [-1.19778125 -0.13632048 -0.03907645]]]
Experiment	17	-14.402906323151234	5.418582676848766	639847	7	[[[-1.73722135  0.91906754  0.21313494]
  [-2.12506451  0.01501274  1.12901801]
  [-1.75309602  1.08579095  1.4274854 ]
  [-1.36101045  0.07023146  1.91936424]
  [-0.59142663  1.45519504  0.5884734 ]
  [-1.06393178  0.39472952  0.94444   ]
  [-0.19796504 -0.26159205  1.35395647]
  [-0.88693312  0.94999578  2.17490593]]]
