Experiment	1	-14.800598990337432	5.020890009662567	440939	8	[[[-0.75146435 -1.71377808  0.86656547]
  [-0.40960922 -0.7850909  -0.22101223]
  [-1.38355309 -0.56316301  1.28150242]
  [-1.35639549 -0.12627624  0.14864699]
  [-1.6969014  -0.75526312 -0.69694991]
  [-0.78240928 -1.88949225 -0.3353444 ]
  [-1.46053105 -1.17738123  0.27550553]
  [-0.71607082  0.17126827 -0.74055791]]]
Experiment	2	-14.212039169784926	5.609449830215073	766000	6	[[[-0.44671559 -0.65433261 -0.24003679]
  [-1.11267955 -0.23999215 -1.13132262]
  [-2.02439461 -1.09349579 -1.02608565]
  [-1.76000395  0.48195605 -0.40576571]
  [-0.77871615  0.61082702 -0.02290009]
  [-1.61193989 -0.53513474 -0.26033846]
  [-1.50680609  0.17424601  0.76605633]
  [-1.20507397 -1.57438139 -0.39097397]]]
Experiment	3	-14.137889148209245	5.683599851790754	320456	7	[[[-0.27939851  0.3222847  -0.01722647]
  [ 1.31852825 -0.89244605  0.92834169]
  [ 0.56544097  1.01036204  0.42560946]
  [ 0.10159167  1.15611041 -0.63938739]
  [-0.65731082  1.48307808  0.30256107]
  [-0.26362737  0.53855509  1.15162235]
  [-0.29853392 -0.43596714  0.83515521]
  [ 0.65839863 -0.05714573  0.61001222]]]
Experiment	4	-14.264411902972448	5.557077097027552	784832	8	[[[-0.07740798  0.02576984 -1.23707519]
  [-0.07516679 -0.51546656 -0.22965527]
  [-0.21589064 -0.56309671  0.86588494]
  [ 0.78299579 -0.0927743   0.73338781]
  [ 0.39845794 -1.43100452 -0.68890161]
  [ 0.88146986 -0.02408034 -0.61752987]
  [ 1.11551888 -0.86636691  0.12279604]
  [ 0.62890903 -1.34167201  0.91030609]]]
Experiment	5	-14.229748187480059	5.591740812519941	127013	9	[[[-0.20096823 -1.45812065  0.2030339 ]
  [-1.14648367 -0.79057384  0.35803914]
  [-0.29041434 -0.37828001 -0.16041416]
  [ 0.45166096 -0.6119717   0.819777  ]
  [-0.04373829 -1.3667729  -0.84501203]
  [-0.930231   -1.01886556  1.52385642]
  [ 0.84268522 -0.82580954 -0.35662225]
  [ 0.16525735 -1.58294426  1.26571134]]]
Experiment	6	-14.600060932440119	5.221428067559881	639953	8	[[[-0.37508016 -0.33833313 -1.16251446]
  [-1.13779404  0.10501415 -0.0679275 ]
  [-0.69052802 -0.91137932 -0.2510345 ]
  [-0.14818486 -1.35771151 -1.53287153]
  [ 0.33676482 -0.64653584 -0.2139205 ]
  [-0.46821563 -0.43191821  0.68156177]
  [ 0.05157766  0.63096269  0.60702997]
  [ 0.11352315  0.38031776 -0.47051474]]]
Experiment	7	-15.462297459660327	4.359191540339673	551543	7	[[[ 1.53672033 -1.44138654 -1.09576193]
  [ 2.18150657 -1.40598346 -0.16322164]
  [ 1.80747103 -0.45098733 -0.55037489]
  [ 2.11088306 -2.5        -0.61514557]
  [ 1.33200069 -1.12902428  0.50176983]
  [ 1.04016973 -2.02370617 -0.18815522]
  [ 1.73155838 -2.5         0.54030734]
  [ 2.5        -1.79619817 -1.40473121]]]
Experiment	8	-14.764627868804567	5.056861131195433	188931	8	[[[ 0.46722185 -0.40716294 -0.96632411]
  [-0.55893544 -0.34685401 -0.6013412 ]
  [-0.76659845 -1.96155403 -0.32593399]
  [-1.04103773 -2.22141116 -1.38628549]
  [ 0.3284212  -2.30022414 -1.62213226]
  [-1.2162377  -1.11916079 -1.34745326]
  [-0.41925527 -0.41359457 -1.76026749]
  [-0.17092602 -1.3719645  -1.05968837]]]
Experiment	9	-15.129949209270801	4.691539790729198	732102	6	[[[-0.19826191  0.89024082  0.09101766]
  [-1.07773047 -0.70164247 -1.07430187]
  [-0.74975083  0.43336626 -1.26831037]
  [-0.57747936  1.45744536 -0.79576582]
  [-1.06629077  0.1836926  -0.26123838]
  [-1.92073068 -0.44616549 -0.36997474]
  [-1.658449    1.05203498 -0.84387321]
  [ 0.0033741  -0.10797378 -0.3859556 ]]]
Experiment	10	-14.283984077642723	5.537504922357277	687858	7	[[[ 0.9382199  -0.63665885  0.79320208]
  [-0.41916223 -0.70119613 -0.95524045]
  [-0.74164308  0.21526145 -0.0458427 ]
  [ 0.23357114 -0.46940713 -0.02876438]
  [ 0.90064109 -0.41634104 -1.09904706]
  [ 0.92459487  0.4929772  -0.20948008]
  [ 0.03926014  0.59082781  0.68792507]
  [ 0.10005394  0.25519009 -1.00254389]]]
Experiment	11	-14.366505936317123	5.454983063682876	279726	7	[[[-0.85581395 -1.91060846  0.95717864]
  [ 0.0064554  -2.01896431 -0.0251037 ]
  [ 0.7826913  -1.27909498  0.00215095]
  [-0.30410647 -0.99834716  0.68979137]
  [-0.13036356 -1.82748664 -1.00199766]
  [ 0.52888405 -1.58017609  1.13561141]
  [ 0.02494001 -0.62966611 -0.47852295]
  [-0.98291232 -1.31547484 -0.12821472]]]
Experiment	12	-14.393137399897372	5.428351600102628	207762	8	[[[ 0.16284828 -0.69760076  1.11962704]
  [ 1.39336806  0.63652309 -0.07241448]
  [-0.04478665  0.51580425  0.51313344]
  [ 1.0640776  -0.3043882  -0.63980684]
  [ 0.26923419  0.74752929 -0.6189837 ]
  [ 1.01002152 -0.17275669  1.70133587]
  [ 0.86171963 -0.184505    0.45406707]
  [ 1.07118715  0.69018763  1.05837586]]]
Experiment	13	-14.185704375428132	5.635784624571867	41432	9	[[[-1.87894588 -0.25575439 -1.67164847]
  [-1.70839736  0.26865644 -0.24133092]
  [-1.30244611  0.86942996 -1.18859281]
  [-0.35917989  1.08575634 -0.92023432]
  [-0.92293644 -0.14268477 -1.04786827]
  [-1.00884233  1.2155037   0.07447855]
  [-0.7122012   0.18616152  0.17152049]
  [ 0.09331507  0.05828187 -0.51615919]]]
Experiment	14	-14.505743215315515	5.315745784684484	436113	8	[[[ 0.77238135  2.08219069 -0.33689908]
  [ 0.30855744  1.17670381  0.00541722]
  [-0.55288898  1.4836767   0.74962303]
  [-0.78621462  0.3308081   0.45793611]
  [ 0.08773371  0.53146354  1.16962834]
  [ 1.05292669  0.85825855  0.63793801]
  [ 0.50534282  1.67250465  1.10956404]
  [-0.04554528  2.5         0.66090967]]]
Experiment	15	-14.152521179276356	5.668967820723644	98248	8	[[[-1.43544751  1.85261133 -0.10376843]
  [-2.5         1.2920569  -0.15768013]
  [-0.25226735  0.60369741  0.99254773]
  [-2.24476896  0.19945322  0.2739964 ]
  [-1.51470028  0.59152491 -0.3853523 ]
  [-0.52579377  1.0801432   0.11379553]
  [-1.02590697  1.56743423  1.17983009]
  [-1.65148773  1.03355828  0.59691818]]]
Experiment	16	-14.803209767078782	5.018279232921218	608250	7	[[[-0.20124003  0.48759798  0.35611082]
  [-1.01800333  0.1518088  -0.31952375]
  [ 0.59199965  0.41331624 -0.49810454]
  [-0.37993129  0.88880494 -0.9679043 ]
  [ 0.19285782  1.44963093  0.11152368]
  [ 0.62129897 -0.034021    0.64665165]
  [ 1.30444895  0.98824939  0.25719543]
  [-0.0275615  -0.57438454 -0.15122906]]]
