Experiment	1	-14.726025857294776	5.095463142705224	528397	8	[[[ 2.5         0.79135466  0.45356835]
  [ 1.40056524  1.00775266 -0.64752311]
  [ 1.56724984  1.14256743  1.23223029]
  [ 1.34763857  0.55467367  0.32264568]
  [ 1.75367666  0.05913855  1.16287615]
  [ 0.49587345  0.69968306  1.04400036]
  [ 0.53200138  1.82917498  0.5236841 ]
  [ 1.59109189  1.54158814  0.29428703]]]
Experiment	2	-14.991540385082661	4.829948614917338	224874	7	[[[-2.5        -0.19330977  0.7678292 ]
  [-2.25604769  0.59833593 -0.07410317]
  [-2.5        -0.03067212 -0.79025201]
  [-1.79748825 -0.49253511 -0.08352917]
  [-1.75528722  1.3029561  -0.71682623]
  [-1.01916472  1.03074794  0.07697758]
  [-1.16310712  0.33441064 -0.68071139]
  [-1.41150972  0.25089286  0.66103743]]]
Experiment	3	-15.557250835584421	4.264238164415579	558927	9	[[[-0.45163321 -2.04712569 -0.09706998]
  [-0.96897395 -1.14843751  1.58235884]
  [-0.22124691  0.0097701  -0.02725308]
  [ 0.20878366 -0.98016437 -0.1063179 ]
  [-0.27982889 -1.68085115  0.8965307 ]
  [ 0.60310659 -1.96229614  0.35535287]
  [-1.03147205 -1.03230002  0.24983901]
  [-0.24634476 -0.59981461  1.03577807]]]
Experiment	4	-15.152283319533534	4.669205680466465	563379	7	[[[-1.69531938e+00 -5.19055351e-05 -2.20546645e+00]
  [-1.02665354e+00  8.37715532e-01 -1.62969431e+00]
  [-6.67316073e-01 -1.01275151e-01 -1.76630075e+00]
  [-1.67024922e+00 -1.08054096e+00 -1.49373525e+00]
  [-1.71806650e+00  1.78552932e-01 -1.08170744e+00]
  [-1.09668620e+00 -5.64617909e-01 -6.93632744e-01]
  [-4.41765651e-01  3.98573136e-01 -7.69200500e-01]
  [-2.03398927e+00  1.08346783e+00 -2.34433471e+00]]]
Experiment	5	-13.885971340424799	5.935517659575201	394180	8	[[[ 0.22268372  1.93830546 -1.59626099]
  [-1.35451978  1.69082867 -1.7567736 ]
  [-0.63500562  1.41221338 -1.09194012]
  [ 0.72062576  1.1633779  -2.21956215]
  [-0.41525027  0.8389961  -2.27324189]
  [ 0.23953675  0.85480099 -1.29691546]
  [ 1.2899543   1.79949364 -1.50267461]
  [-0.32218198  1.83816246 -2.42158778]]]
Experiment	6	-14.766006481873186	5.055482518126814	472793	6	[[[ 0.34095533  0.83420644 -1.00764736]
  [-0.74431718  1.1737074  -0.93085877]
  [-0.45262757  1.39419611  0.07010699]
  [-0.91829279  0.69660507  0.72557636]
  [-1.56552349  0.74565331 -0.23043992]
  [-1.03591683 -0.28798649 -0.14162547]
  [-0.34815665 -0.089219   -1.08919644]
  [ 0.03163066  0.23546208  0.09811312]]]
Experiment	7	-15.388356738078555	4.433132261921445	203690	8	[[[ 1.70298922 -0.48170059 -1.72458378]
  [ 0.88436327  0.50293666 -0.49629666]
  [ 1.79159295 -0.11551996 -0.40821871]
  [ 0.6461482  -0.49365026 -1.18616337]
  [ 1.12405494  0.53444779 -1.7023465 ]
  [ 1.4474629   1.48137628 -1.12807419]
  [ 1.99511057  1.04411525 -0.08806647]
  [ 2.15583727  0.42348458 -1.30938084]]]
Experiment	8	-15.356578520848528	4.464910479151472	499301	7	[[[ 0.366081   -1.07201248  0.95408651]
  [ 1.19591584 -0.12788434  0.79605809]
  [-0.51279701 -0.51157008  0.62312905]
  [ 1.21987746 -1.30253987  0.44510174]
  [ 0.19925009 -1.65277198 -0.04939273]
  [ 0.54190809 -0.47951821  0.02456541]
  [ 0.31847998  0.16202317  1.2677078 ]
  [-0.44161447 -0.66985525  1.63823093]]]
Experiment	9	-14.472846383301313	5.348642616698687	400423	5	[[[-0.11811937  0.24920061  0.59131955]
  [-0.32467107 -0.55568398  0.02066368]
  [ 0.35543186 -0.61382896  0.88409003]
  [ 0.52952145 -1.12806484 -0.25610286]
  [ 0.29295435  0.41501262 -0.55525579]
  [-0.78731931  0.48082143 -0.47772211]
  [ 0.64433776 -0.4513504  -1.08716485]
  [ 1.12290585 -0.13380951 -0.09108612]]]
Experiment	10	-14.692220039839777	5.129268960160223	479393	8	[[[ 1.74890613 -0.31398187  0.45971148]
  [ 1.21639089  0.68362196 -0.1738678 ]
  [ 0.10626697 -0.6534392  -0.73434564]
  [ 0.47991925  0.10366993  0.29593267]
  [ 0.87114435 -0.99559113  0.62694304]
  [ 1.16433884 -0.41275241 -0.49949115]
  [ 2.00931435 -0.00699101 -0.89176605]
  [ 0.51028668  0.34597151 -1.10814692]]]
Experiment	11	-14.632700787949945	5.188788212050055	565163	7	[[[-0.55251773  0.09563806 -1.29640557]
  [ 0.6004178   1.00283659 -1.16511244]
  [ 0.71214923  0.9453408   0.00989254]
  [ 0.71426984 -0.00523906 -0.68405341]
  [-1.10934414  0.68575962 -0.61930859]
  [-0.24462595  1.32970219 -0.60024457]
  [-0.1851009   0.34384446 -0.10094635]
  [ 1.882277    0.50464849 -0.3013781 ]]]
Experiment	12	-14.358300631673481	5.463188368326518	396866	8	[[[ 1.25782081  1.27037072  0.17754782]
  [ 0.74878453  0.85277104 -1.1791703 ]
  [ 0.35435107  0.64755139 -0.15408697]
  [ 1.10913573  0.29836798  0.89150069]
  [ 0.43076461  1.14762548  0.85881975]
  [-0.27469854 -0.01588005 -0.74985074]
  [ 0.56110816 -0.55387625  0.39170869]
  [-0.14602357  0.1690689   0.79273044]]]
Experiment	13	-14.313550768411696	5.507938231588303	467665	9	[[[ 0.23603992  0.94248577  0.90019392]
  [-0.79579559  1.36474838 -0.49597205]
  [ 0.19924959  1.83073443  0.25398127]
  [-0.63710266  0.30592453  0.29063387]
  [ 0.37965453 -0.12147246  0.21792521]
  [-0.62454867  1.58871729  0.83618592]
  [-0.5444546   0.14254962 -0.81999857]
  [ 0.39108744  0.95451415 -0.2344929 ]]]
Experiment	14	-14.39132471903696	5.430164280963039	641926	7	[[[ 1.13237746  0.344375    0.21776771]
  [ 0.05505785  0.56451801 -0.48644003]
  [ 0.23433845 -0.6018136  -0.43027687]
  [ 0.85027802 -0.77040399  0.44711632]
  [ 0.15841939  0.01741943  0.56091445]
  [ 0.30592422  1.01424541  0.57870027]
  [ 1.44094771 -0.42584921 -0.59286825]
  [ 1.90752319 -0.14072021  1.05120317]]]
Experiment	15	-14.505508037694387	5.315980962305613	296283	7	[[[ 1.41809022  1.58620261 -0.06004993]
  [ 2.5         0.54792107 -0.84660091]
  [ 1.74691131  0.59894933  0.08800652]
  [ 1.1985995   0.86545965 -0.97336169]
  [ 0.66617754  0.381382   -0.1950196 ]
  [ 0.49717458  1.40652028 -0.55233468]
  [ 1.42596624 -0.27123207 -0.55787075]
  [ 0.66669627  1.26180739  0.67393617]]]
Experiment	16	-14.674931991495521	5.1465570085044785	492346	6	[[[-0.35571637 -1.25804996  0.80111585]
  [ 0.33022262 -0.47214789  0.19608985]
  [-0.61302856 -1.82560964 -0.16410248]
  [-0.0607855  -1.15921656 -0.85625197]
  [-0.76694126 -0.71304857 -0.05857778]
  [ 1.01005302 -0.9636363   0.78060093]
  [-0.28835312 -2.38683303  0.83694964]
  [ 0.73146588 -1.6720153  -0.13314864]]]
