Experiment	1	-12.869693897692985	6.951795102307015	783066	6	[[[ 2.43294099 -2.24652652 -1.23270923]
  [ 2.35782967 -0.10667809 -1.52972046]
  [ 1.29869563 -1.44205702 -0.60372574]
  [ 2.5        -1.30155866 -0.23987796]
  [ 1.64164242 -2.5        -0.53928336]
  [ 1.81143183 -0.4026532  -0.41405841]
  [ 1.07127705 -0.7799639   0.28464709]
  [ 2.05952084 -1.23776008 -1.20774847]]]
Experiment	2	-12.675930447535226	7.145558552464774	443533	7	[[[ 0.05542013  0.70530641 -1.0543832 ]
  [ 0.43916044  1.18989477  0.01796859]
  [ 0.46364039  2.21615923 -0.41584755]
  [ 1.92309897  1.68488019 -0.09258279]
  [ 1.10817025  0.32400923  0.1075451 ]
  [-0.10655378  1.82669647 -1.48601388]
  [ 1.21023747  1.31800622 -0.79865837]
  [ 0.91567867  0.01101606 -0.96043955]]]
Experiment	3	-13.213676670828022	6.607812329171978	59920	9	[[[ 2.24856397  1.46030764 -0.33527355]
  [ 2.5         1.72397456 -1.889431  ]
  [ 0.77666909  0.59272882 -1.2312375 ]
  [ 2.19758155  0.62535997  0.52113335]
  [ 1.03337145  1.49106318 -2.03424924]
  [ 1.19153154  1.49462025 -0.6489033 ]
  [ 1.43938759  0.54048455 -0.4061382 ]
  [ 2.01014108  0.85629243 -1.31645018]]]
Experiment	4	-12.924067909267112	6.8974210907328874	478516	7	[[[-1.43155824  1.52454136  1.02727015]
  [-0.69934924  2.23488328  0.4791747 ]
  [-1.18639628  1.30713507 -0.15650003]
  [-0.20961104  1.31169938  1.0644122 ]
  [-0.54688696  1.40034748  2.05484074]
  [-1.04457151  0.58118435  0.75684953]
  [-0.13880002  1.11399594 -0.35629927]
  [-1.36808723  2.25505957 -0.4935399 ]]]
Experiment	5	-13.342725328866846	6.478763671133153	50402	9	[[[ 0.19221809 -0.54862653 -1.53590387]
  [ 0.10859779  0.77999835 -1.88048202]
  [-0.96532985  0.87873477 -1.04040339]
  [-0.69634993 -0.43517893 -0.4077648 ]
  [-0.38167259  0.77863333 -0.02750716]
  [-0.33693481  1.72680603 -1.16698601]
  [-0.70542663 -0.08352693 -1.52620638]
  [ 0.27956565  0.20933022 -0.68856235]]]
Experiment	6	-13.299998016871465	6.521490983128535	605662	7	[[[-1.23181355  1.0023127   0.50175499]
  [-0.46308372 -0.34658102  2.3071935 ]
  [-0.334329   -0.04819118  1.22605065]
  [-0.59777126  1.43740849  2.5       ]
  [-0.27963061  1.45750318  1.46429682]
  [-1.01840448  0.59096924  1.61865325]
  [ 0.27831176  0.80904284  2.2901126 ]
  [-0.06634814  0.86844569  0.54528926]]]
Experiment	7	-13.107095799677522	6.714393200322478	32222	9	[[[ 1.04309336  0.36722153  2.5       ]
  [ 1.61406339  1.07393538  1.67262619]
  [ 1.4859855  -0.12537641  1.61282591]
  [ 2.04848656  0.10562693  2.45851132]
  [ 2.5         1.17373537  2.5       ]
  [ 2.5        -0.4592002   1.7681083 ]
  [ 0.88786932  1.49349279  2.5       ]
  [ 0.46013846  0.67057418  1.72998237]]]
Experiment	8	-12.630848593205359	7.190640406794641	446988	7	[[[ 0.32985498  0.35587005  2.05008539]
  [-0.15421664 -0.32293769  0.08217914]
  [-0.33725088 -0.05772381  1.25129143]
  [ 0.83004103 -0.19689141  0.96598174]
  [ 0.03814045  1.07880278  1.24831268]
  [ 1.49971776  1.54296837  0.7180845 ]
  [ 0.99714782  1.02514178  1.73468014]
  [ 0.71976982  0.6742643   0.31649968]]]
Experiment	9	-14.693844657318325	5.127644342681675	343592	8	[[[-0.56347031  1.6300599  -1.35120238]
  [-0.6847231   1.70654724  0.15561177]
  [-1.56106691  2.05227493 -0.66828956]
  [ 0.15375419  1.41486053 -0.46817831]
  [-0.26202955  2.5        -0.35180844]
  [-1.55017919  1.36018121 -1.73997738]
  [-0.91580204  0.86585588 -0.65660964]
  [ 0.29809934  2.38437218 -1.20974153]]]
Experiment	10	-12.940992857273379	6.880496142726621	755390	7	[[[-0.81450247  0.06727616  2.5       ]
  [-2.11691311 -1.06582187  1.03419185]
  [-1.4619557  -0.36652309  1.59873207]
  [-2.5         0.31060808  1.18830771]
  [-2.32347152 -1.85366504  2.37130902]
  [-0.78597247  0.6267228   1.44653546]
  [-2.5        -0.53393145  2.05230073]
  [-1.89918759  0.52281372  2.19498953]]]
Experiment	11	-13.656815954699539	6.164673045300461	83724	8	[[[ 0.51575803  2.21550946  0.98875095]
  [ 0.21071594  0.94951439  0.27264077]
  [ 1.21411227  0.60343101  0.26723336]
  [ 1.94222048  1.51472041 -0.74452211]
  [ 1.09105324  2.34892154 -0.78934553]
  [ 1.37456882  1.70526945  0.47523015]
  [ 0.94096889  1.29444545 -0.53154903]
  [ 2.32141946  1.08080763  0.40455639]]]
Experiment	12	-13.444458680432753	6.377030319567247	446562	7	[[[-0.50968048  2.42483841  2.5       ]
  [-0.22125576  0.7328695   0.45577668]
  [ 0.48214991  0.66005695  1.29650075]
  [ 0.39238579  1.58948821  0.75697073]
  [-0.67519862  2.01022482  0.50735904]
  [-0.81777112  1.8823382   1.58882975]
  [ 0.17159383  2.46156332  1.56992612]
  [ 0.59955727  1.6279145   2.13577403]]]
Experiment	13	-14.22084599485882	5.60064300514118	349198	8	[[[ 1.59720112  1.64328911 -0.29835523]
  [ 0.3226782   0.71102665 -0.95996534]
  [ 1.57697185 -0.00743812 -0.98845767]
  [ 0.48756308  1.59261352  0.07276825]
  [ 1.44832487  0.89065314 -1.74337176]
  [ 1.10751772  0.60859954 -0.18708903]
  [ 0.07288269  0.27185397  0.12114156]
  [ 0.69318289 -0.3510074  -0.49182674]]]
Experiment	14	-13.327377299121501	6.4941117008784985	585085	7	[[[ 1.2312433   0.66405933  0.65002193]
  [-0.15348998  0.61494698  0.49364561]
  [ 0.6588901  -0.31096751  0.59069021]
  [-0.35746241 -0.89540021  0.364698  ]
  [-0.7155803  -0.03317374 -0.46426504]
  [ 0.51687804  0.60177571  1.37215433]
  [-1.28303278  0.02739586  0.37771907]
  [-0.32738551 -0.31847859  1.29843628]]]
Experiment	15	-12.427288858469266	7.3942001415307335	429985	7	[[[-0.8548834  -2.09556731 -1.22540008]
  [ 0.30780211  0.55717121 -1.09958405]
  [ 1.75387575 -0.45372961 -0.57129298]
  [-0.68698773 -0.85060031 -1.94296042]
  [ 0.54922896 -0.5079228  -0.75230587]
  [ 0.17561183 -1.47980647 -1.59083822]
  [ 1.15882996 -0.87017036 -1.60156412]
  [ 0.2342012  -0.2060095  -1.81113315]]]
Experiment	16	-13.079544865711037	6.741944134288962	96733	8	[[[-1.54120573  1.46987308  1.57633   ]
  [-1.89490539  1.00403322  2.5       ]
  [-1.71056705  1.70510881  0.33678845]
  [-1.68430044  0.55861169  0.98477601]
  [-0.92266931  0.41691957  0.2975703 ]
  [-0.65822384  1.35031732  0.86155584]
  [-2.5         1.25781327  1.23582656]
  [-0.95993752 -0.23778027  1.10651095]]]
Experiment	17	-12.982583862915918	6.838905137084081	276054	8	[[[-0.70022488 -1.38223592 -1.58593021]
  [-1.24165521 -1.45676507 -2.46833764]
  [-0.62852895 -0.47883742 -0.19758585]
  [-0.38652279 -0.79551214 -2.3712846 ]
  [-1.20689401 -0.17895192 -1.48677844]
  [ 0.69430551 -0.87214102 -1.99497098]
  [-0.10722149 -0.5021142  -1.34084525]
  [ 0.39741174  0.16254982 -1.99075435]]]
