Experiment	1	-13.499283262651565	6.322205737348435	663476	8	[[[-1.82879759 -1.36355575 -0.02131528]
  [-2.09422825 -0.66354776  1.63920532]
  [-1.27703753  0.39554258  1.0540361 ]
  [-2.5         0.12801712  0.95697156]
  [-1.45401315 -0.66988388  0.72983233]
  [-2.5        -0.92338588  0.63139177]
  [-1.26908352 -1.97284561  0.89110349]
  [-2.25333663  0.24232767 -0.16889486]]]
Experiment	2	-13.3352031545008	6.4862858454992	316847	9	[[[ 1.45903735 -0.88674531  2.5       ]
  [ 1.49755075  0.22109825  2.26252608]
  [ 0.72172873  0.51299381  1.05996737]
  [-0.21845232  0.09249006  0.77015983]
  [-0.02994265  0.47026881  2.24614515]
  [ 0.59193058 -0.41082515  1.69097028]
  [ 1.15771536 -0.52240104  0.7701732 ]
  [ 2.00703722 -0.51610511  1.4963383 ]]]
Experiment	3	-13.111747535799356	6.709741464200643	365180	7	[[[-0.45063242 -0.49123195  0.3465137 ]
  [ 0.33163102 -1.30964943  0.32548674]
  [ 0.52835854 -0.29797093 -0.34447923]
  [-0.9334789  -2.36325175 -0.22936639]
  [-0.85788581 -1.50668597  0.49087549]
  [-0.27977077 -1.14793801 -0.62333984]
  [-0.27704163 -2.34384139  0.80438737]
  [ 0.02548231 -2.44475736 -0.17106615]]]
Experiment	4	-13.914724260199375	5.906764739800625	175388	7	[[[ 1.5451915  -0.8148038  -1.13163672]
  [ 0.35189175 -0.57497162 -0.90854481]
  [ 0.6013537  -0.07502662 -1.82385079]
  [ 0.59794791 -1.71481723 -0.86054167]
  [ 0.94996815  0.41037005 -0.90842168]
  [-0.29942845  0.39135119 -0.6223771 ]
  [ 0.29190465 -1.17971655 -1.78010562]
  [-0.71978654 -0.8470701  -0.77855946]]]
Experiment	5	-13.33488066087294	6.486608339127059	82947	8	[[[-0.18496845 -1.01355518  0.80150783]
  [-0.53980241 -2.5         2.06061684]
  [-0.77821204 -0.23346223  1.52026956]
  [-1.1368108  -2.23463343  1.05434125]
  [ 0.04881191 -1.66563667  1.72355886]
  [-1.34052406 -0.80290629  0.66550558]
  [-1.00244193 -1.29703171  1.63365152]
  [-1.29838582 -1.85680367  0.1615303 ]]]
Experiment	6	-13.526612160961603	6.2948768390383965	739975	6	[[[-0.85434029 -1.40878552  1.33266863]
  [-0.16197547 -1.97274192  2.00646254]
  [-0.96288533 -0.16952533  2.5       ]
  [-0.83986524 -1.31892832  2.5       ]
  [-1.49351518 -0.462014    1.21737458]
  [-1.81304016 -1.29268258  1.96854409]
  [-0.00500077 -0.23476501  1.88186458]
  [ 0.60163929 -1.17529062  1.8839768 ]]]
Experiment	7	-12.353446534509965	7.468042465490035	162215	7	[[[ 0.02154807 -1.46219255  1.32526881]
  [-0.26132151  0.93953653  2.36812957]
  [ 0.92416714 -0.44498807  1.34531442]
  [ 0.89278635 -2.0387943   2.01583937]
  [-1.02072015  0.10819501  2.30590564]
  [-0.10045271 -0.0747319   1.49779907]
  [ 0.67909829  0.31354839  2.27551181]
  [ 0.24348273 -0.68581911  2.41262902]]]
Experiment	8	-14.226890654090603	5.594598345909397	606783	7	[[[ 0.26923839 -1.97355591  0.8534385 ]
  [ 0.07056815 -2.35356913  2.5       ]
  [ 0.44307355 -0.9447139   1.19185218]
  [ 0.04957155 -1.24642304  2.15660156]
  [ 0.87826254 -1.79824755  1.74085497]
  [-0.99516927 -1.26332019  2.5       ]
  [ 1.05199688 -2.5         0.36677371]
  [-0.59003823 -2.00375709  1.69078422]]]
Experiment	9	-12.865660692155425	6.955828307844575	270917	8	[[[-1.29947763 -0.16069245 -1.14425676]
  [-1.03538007 -0.55286038 -2.28303962]
  [-1.10334665  0.4860028  -2.43105466]
  [-0.84280009 -1.26662717 -1.23973506]
  [-0.13931278 -0.12427537 -0.79180868]
  [-0.11670044  0.04993679 -1.82277772]
  [-0.48937261  1.23316233 -1.96071272]
  [-0.66103885  0.96840595 -0.74551514]]]
Experiment	10	-12.936744485305969	6.884744514694031	467049	8	[[[-1.76108168  0.81891154  0.94721645]
  [-0.12117453 -0.6950054   0.07378875]
  [ 0.81098641  1.12152494  0.08503551]
  [-1.01591178  0.06235452  0.82012597]
  [ 0.14989435  0.28512425 -0.43279609]
  [-1.00063188  0.41521056 -0.2302836 ]
  [ 0.10504726  0.33944178  0.83721445]
  [-0.39409442  1.33397154 -0.16962128]]]
Experiment	11	-13.749575268585083	6.0719137314149165	742882	8	[[[ 1.24386828  2.46850405  1.43077706]
  [ 2.25306682  0.8779445   0.80456259]
  [ 1.3986918   2.5         0.34362492]
  [ 1.45866952  1.09904909  1.7496558 ]
  [ 0.43079791  1.85425466  1.78297469]
  [ 1.72990822 -0.01838553  1.5786488 ]
  [ 0.93204359  1.60851037  0.8551951 ]
  [ 1.15235238  0.59633072  0.69656407]]]
Experiment	12	-13.523378646292299	6.298110353707701	473752	8	[[[ 1.67459551 -1.44885813 -0.98249998]
  [ 2.10757201  0.2802873   0.02254745]
  [ 1.01898981 -0.05074759  0.92752106]
  [ 1.19127737 -0.7201586  -0.29001488]
  [ 1.34702053  0.37993896 -0.79324359]
  [ 2.0867522  -0.37980987 -0.86354721]
  [ 2.06279784 -0.940277    0.13777173]
  [ 1.28817988 -1.3741378   0.80033208]]]
Experiment	13	-13.39739482296329	6.424094177036709	238229	9	[[[ 0.20258412  0.2407751  -1.99790894]
  [-1.76172397 -1.082108   -2.01058211]
  [-0.67387879 -0.61105128 -2.08821728]
  [-0.49680731  0.53202926 -1.15083158]
  [-0.81213133 -0.5448451  -0.89640816]
  [-1.45645479  0.02140424 -1.56087444]
  [-1.27635866 -1.59921806 -0.91156754]
  [-1.2105277   1.20597106 -1.61131079]]]
Experiment	14	-13.145020041253348	6.676468958746652	135809	9	[[[ 0.56233814  0.7285405   0.09513126]
  [ 1.83003534 -0.50294492 -0.15268025]
  [ 1.0304191   0.38632243 -0.83222053]
  [ 1.14543252  0.13348206  0.77478261]
  [ 0.45850222 -0.47703866  0.07939016]
  [-0.39292962 -0.90059367 -0.96248099]
  [ 0.88023543 -0.60699788 -0.84184753]
  [-0.0230321   0.32430138 -0.7619892 ]]]
Experiment	15	-13.216927095041504	6.604561904958496	668863	6	[[[ 1.2532747   0.50533979 -0.90077498]
  [ 2.02678824  1.23094109 -1.66285273]
  [ 0.99983161  1.881411   -0.51021229]
  [ 1.28874872 -0.51315725 -1.20749817]
  [ 0.82986336 -0.03127375 -0.07612826]
  [ 1.92496831 -0.12040002 -0.41269002]
  [ 1.62680094  0.54166515  0.39608074]
  [ 2.30374031  0.89433364 -0.4992387 ]]]
Experiment	16	-14.508631092017907	5.312857907982092	713231	8	[[[-1.91847504  1.00825096 -1.02344315]
  [-1.35093418  0.40525678 -0.32784253]
  [-0.32141337  0.03861723 -0.69332533]
  [-1.15731926  0.39772146 -1.40367014]
  [-0.06898555  0.68355299 -1.96460293]
  [ 0.35279238  1.45463842 -1.06369637]
  [-0.57244245  1.78387725 -1.51859368]
  [-0.69850092  1.08912898 -0.76277431]]]
Experiment	17	-14.003600364331406	5.817888635668593	397548	8	[[[ 0.65766348 -0.01665275  0.7139174 ]
  [ 1.2017193   0.48928709 -0.11529269]
  [ 0.98602367  1.13338948  1.63068245]
  [ 0.35307266  1.91694341  1.16116378]
  [ 0.77853467  1.15528836  0.56128728]
  [ 0.87256756  1.59218842 -0.4830402 ]
  [ 1.66820657  0.43685681  1.04510017]
  [-0.24392286  1.12550758 -0.02186176]]]
