Experiment	1	-14.41466424102082	5.40682475897918	147328	9	[[[ 1.49303219 -0.56961925  0.78739007]
  [ 1.74161314 -1.3167559   0.00454452]
  [ 0.46856095 -0.62788023  1.38303232]
  [ 0.58785475 -1.27571995  0.23200609]
  [ 2.29641233 -1.47468288  0.9206775 ]
  [ 0.94940115 -0.41098857 -0.49932615]
  [ 1.12173472 -1.56205507  1.11019582]
  [-0.52761367 -1.17498416  1.04257548]]]
Experiment	2	-13.939173087717373	5.8823159122826265	87478	8	[[[-0.72065317  0.51609294  0.26504521]
  [-0.35224633 -1.27055996  0.61103498]
  [ 0.0526605  -0.34236992  0.09805254]
  [-0.73423566 -0.21722028 -0.7262537 ]
  [ 0.1669027   0.47493187 -0.52739299]
  [-0.69290407 -0.10613222  1.47691028]
  [-1.14091689 -0.44265469  0.39219529]
  [ 0.72642625 -0.9221774   1.02651958]]]
Experiment	3	-14.468616845568008	5.352872154431992	246798	7	[[[-1.31055425  0.39601338  0.73692848]
  [-1.02094694 -0.70327231 -0.9276855 ]
  [-1.45808466  0.07314978 -0.35744934]
  [-0.42687881  0.58192078 -0.2497649 ]
  [-0.46446195  0.30754723 -1.24218032]
  [-2.23718036 -0.75724155 -0.70670596]
  [-0.36368182 -0.40088155  0.19151297]
  [-1.574149   -0.83674532  0.20788951]]]
Experiment	4	-14.388269195064979	5.433219804935021	551875	9	[[[-0.30624121 -0.3101104   0.57493711]
  [ 1.15811094 -0.34085689  0.16859593]
  [ 1.77496306  0.69198393  0.34777274]
  [ 0.5680742  -0.60188236  1.12501944]
  [ 0.25652874  0.29044379 -0.23461395]
  [ 1.1963313   0.05878278 -0.74599347]
  [ 0.28362384 -0.83210849 -0.66194643]
  [ 0.71387983  0.45421827  0.83622222]]]
Experiment	5	-14.460828465031902	5.360660534968098	145134	9	[[[ 0.83499899 -1.01486662 -1.3955011 ]
  [ 0.03839201 -2.5        -0.59310121]
  [-0.19420142 -0.77326147 -0.32325665]
  [-0.21249204 -1.45741177 -1.18376478]
  [ 0.51990024 -1.57055592 -0.28658568]
  [-0.71820713 -1.76670258 -0.0535419 ]
  [ 0.09252772 -1.33830062  0.88495876]
  [-0.81390934 -0.75497542  0.84519488]]]
Experiment	6	-15.128406885555673	4.693082114444326	248551	7	[[[-1.78924372 -0.80418425 -0.28680817]
  [-1.0655237   0.78981585  0.24403951]
  [-1.75318366 -0.1216992   0.52742138]
  [-1.88135394  0.43551759 -0.48361739]
  [-0.80551857 -0.00401068  1.07464564]
  [-0.81206633  0.90639215  2.00882476]
  [-0.89554719 -0.21264371 -0.16471053]
  [-2.17316437  1.0084912   0.50154672]]]
Experiment	7	-14.603394188001808	5.218094811998192	118768	8	[[[ 0.09276345 -1.15486943  2.13433502]
  [ 1.2688661   0.78225915  1.5913472 ]
  [ 1.83196934  0.42302514  2.5       ]
  [ 0.58470193 -0.04096845  2.15138607]
  [ 0.16775061  0.35610408  1.15550141]
  [ 0.85353083 -0.7747278   1.2848161 ]
  [ 1.84950392 -0.34569931  1.66363287]
  [-0.23860726 -0.67351618  1.24852489]]]
Experiment	8	-14.560549587251264	5.260939412748735	105128	8	[[[-0.85756208 -1.26406208  0.65151095]
  [-0.0577426  -1.99670711  0.73898731]
  [-0.08608346 -1.1630527  -0.0981159 ]
  [-1.06216521 -0.3245468  -0.03678259]
  [-1.49426224 -0.56201634  1.14633455]
  [-0.05343443 -0.41813113  0.76779063]
  [-0.81759326  0.54451417  1.16803806]
  [-0.36585995 -0.98288128  1.60826471]]]
Experiment	9	-14.355087586642878	5.466401413357122	426760	8	[[[ 0.01902684 -1.11965529 -1.20625028]
  [-1.58421934 -0.54024017 -0.61261141]
  [ 0.80186748 -0.60189411 -0.64363804]
  [-0.92132085 -0.60761277 -1.47995456]
  [-0.46371297 -0.76258748 -0.18149798]
  [ 0.16258398  0.38130647 -0.25628966]
  [-0.69576677  0.366422    0.40191283]
  [-0.80907408  0.3101894  -0.7946669 ]]]
Experiment	10	-15.208587858498563	4.612901141501437	387234	8	[[[ 0.24328391 -0.27320484  0.96888485]
  [ 0.08899093 -2.06023427 -0.00413213]
  [-0.35496434 -1.60280326  0.81327868]
  [-0.12979    -0.84347068  0.0655295 ]
  [ 0.59069298 -1.23843681  0.76838658]
  [-0.82360321 -0.75556924  1.18194567]
  [-0.71280836  0.01823372  0.35999051]
  [ 0.82124193 -1.13433808 -0.40791952]]]
Experiment	11	-14.43771152482781	5.38377747517219	164959	7	[[[ 1.24241299 -0.42256377 -0.84678986]
  [-0.18618511 -0.14044753  0.5144762 ]
  [ 0.52177297  0.70113102  0.52486478]
  [ 1.03139632  0.59149927 -1.09213257]
  [ 1.05442605 -0.4919072   0.67681552]
  [ 1.61324888  0.37721876 -0.17475997]
  [ 0.30927065 -0.07887591 -0.54152817]
  [ 0.26307234  1.09312946 -0.45177836]]]
Experiment	12	-14.998620164645926	4.822868835354074	147196	8	[[[-1.00758332 -0.83633491  0.67933155]
  [ 0.28897832 -0.59497082 -0.05246489]
  [ 0.77237225  0.13980483  0.47581626]
  [ 0.7579904  -1.32198153  0.58267599]
  [-0.01738983 -1.61854767  1.35060116]
  [-0.33476964 -1.56318451  0.17948674]
  [ 0.21029565 -0.525929    1.11423426]
  [ 1.11502139 -0.82751832  1.64187159]]]
Experiment	13	-14.577209156515808	5.2442798434841915	507785	7	[[[-1.30593198  1.02187004  0.95062589]
  [-1.18800013 -0.93329438  1.22022657]
  [-2.1928561  -0.67349333  0.78915704]
  [-0.18206118 -0.56987817  0.59581923]
  [-1.75737255 -0.01057264  1.44544721]
  [-1.99587172  0.31124811  0.23053986]
  [-2.5         1.00060629  0.87454915]
  [-1.04955129  0.04438007  0.68119584]]]
Experiment	14	-14.589858438637327	5.231630561362673	210935	9	[[[ 0.56205316  0.96442351 -1.11536758]
  [-0.8697869   0.90681362 -2.27651451]
  [-0.23142092  0.01526441 -2.08654533]
  [-1.40052135  0.37983595 -1.40012555]
  [-0.66035682  1.33013344 -1.2752648 ]
  [-0.36606387  0.09064304 -1.01753449]
  [-1.08055148  0.83289055 -0.40882297]
  [ 0.1328583   1.20836473 -0.08063134]]]
Experiment	15	-15.057119500322708	4.764369499677292	47915	9	[[[-1.24232417  0.74838315  0.55582311]
  [ 0.49282482 -0.44895562 -0.57333633]
  [-1.3488777   0.89162344 -1.42445125]
  [-1.47082635 -0.01948543 -0.26918689]
  [-0.84518519  0.9107448  -0.38161013]
  [-0.27078438  0.32280497 -0.99364131]
  [-0.56406642 -0.77355202 -0.89443684]
  [-0.41388514 -0.09490378  0.05677988]]]
Experiment	16	-14.690195790992902	5.131293209007097	288862	7	[[[-1.01157414  1.50928068 -0.0252477 ]
  [-2.20329604  1.02467777  0.49830819]
  [-0.65651693  2.5        -0.46898594]
  [-0.54366895  0.43109479  0.05919782]
  [-0.65021571  1.31924052 -1.04535992]
  [-1.5175912   0.60607409 -0.50142891]
  [-1.72324382  1.61009964 -0.89314994]
  [-1.78951229  2.5        -0.06659699]]]
Experiment	17	-14.374193753696254	5.447295246303746	151391	8	[[[ 1.65363511  0.94203779  0.21033542]
  [ 0.78404328  1.64303671  0.01173134]
  [ 1.29622278  1.01912873  1.40673827]
  [ 0.32115393  1.54378555 -1.0670386 ]
  [-0.28146875  1.24056365 -0.04696503]
  [ 0.46325533  2.5         0.93555952]
  [ 0.40970708  0.84373986  0.69727637]
  [ 0.63157983  0.65583218 -0.47072505]]]
Experiment	18	-14.361781750576254	5.4597072494237455	82883	8	[[[-1.03583555 -0.10845381 -0.87259054]
  [-0.69381571  0.91196562 -1.5067294 ]
  [-0.05155701 -0.50159692 -0.5382725 ]
  [-1.04912986  1.18008837 -0.47001899]
  [-0.50115468  0.30411211 -0.03829208]
  [ 0.24553023  0.83091108 -0.94864142]
  [-1.19645163  0.02333866 -1.89920569]
  [-0.08863491 -0.2707462  -1.82095053]]]
