Experiment	1	-13.992002357085589	5.829486642914411	437844	7	[[[ 2.28647854 -1.07203728 -0.95933884]
  [ 1.63087907 -0.14742439 -1.08231514]
  [ 2.15759797 -1.17039576 -2.05165223]
  [ 1.08329191 -0.75050146 -2.05454573]
  [ 1.06077399 -1.14875068 -1.08807843]
  [ 1.15352595 -1.98554137 -2.14175963]
  [ 1.79510256 -1.86393401 -0.3713945 ]
  [ 1.12827297 -2.5        -1.096192  ]]]
Experiment	2	-13.684994603157046	6.136494396842954	20193	9	[[[-1.03264608 -1.37449028 -0.15186436]
  [-1.67363599 -2.5        -0.29418399]
  [-1.59296034 -0.65086452 -0.90439079]
  [-1.61139295 -1.72016946 -1.3845763 ]
  [-2.3526781  -0.887563   -1.59694401]
  [-2.5        -1.39498851 -0.60851718]
  [-2.5         0.22395312 -1.28893213]
  [-0.56210852 -1.31882954 -1.13436367]]]
Experiment	3	-13.278272130680547	6.543216869319453	101960	8	[[[-0.72797506 -1.11305458 -0.69188213]
  [ 0.35519759  0.82942364 -1.30676472]
  [ 0.02656339 -0.07879844 -2.5       ]
  [-0.22140074  0.94244081 -0.42068244]
  [-0.01423264 -0.13425481 -0.68161965]
  [-1.08008021  0.23961097 -0.85383177]
  [-0.63521381  0.34925822 -1.78682698]
  [-0.88339535  1.41160528 -1.17553318]]]
Experiment	4	-13.370401102901367	6.451087897098633	608404	7	[[[ 0.3284311   1.38534526 -0.15858167]
  [ 0.90984095  0.49293418  0.21534975]
  [-0.08975765  0.28481843  1.61526678]
  [ 0.50367267  1.16552799  0.84619867]
  [-0.13853835  0.42602807  0.54762047]
  [ 1.25632049  1.80763794  0.11787025]
  [ 1.68038238  1.12051518  0.92925299]
  [ 1.40657898  2.09703805  1.33185973]]]
Experiment	5	-12.436030019499674	7.385458980500326	301280	8	[[[-0.64070555  0.2817541   1.67367342]
  [-1.917461   -1.42521285  0.97498827]
  [-1.84632536 -1.26170468 -0.06392751]
  [-1.52454777  0.72845554  0.76763183]
  [-1.85455012 -0.20614573  0.17861136]
  [-1.83821962 -0.49743386  1.34772094]
  [-0.90446672 -0.8759009   1.78963058]
  [-0.78259752 -0.57397272  0.80082474]]]
Experiment	6	-12.767546709980707	7.053942290019293	659976	7	[[[-0.72444652  0.52705742 -1.15589446]
  [ 0.41651973  0.79850572 -0.13959384]
  [ 0.19197971 -0.27600084 -0.83948571]
  [ 1.03500856  0.43742625 -0.94524628]
  [ 0.49513549  0.03790079 -1.88398158]
  [ 0.64271585 -0.91670933 -1.46068269]
  [-0.77354037 -0.61178203 -0.75597004]
  [-0.49518624 -0.24677011 -1.78532175]]]
Experiment	7	-13.391415744899195	6.430073255100805	652637	8	[[[-1.62835221  0.82933066  2.0960866 ]
  [-0.87291806  0.36128096  1.26822898]
  [-0.74729502  0.13993747  0.17908712]
  [-1.51047401 -0.37959108  2.5       ]
  [-1.87223793 -0.02540422  1.44670707]
  [-0.65910428 -0.82936431  0.8762301 ]
  [-0.43407566  0.25440741  2.29059163]
  [ 0.1966587   0.19109621  0.89843577]]]
Experiment	8	-12.656038422404107	7.165450577595893	519027	7	[[[-0.48991007 -0.09871891 -0.69624773]
  [ 0.61612744 -0.40863264 -0.85380775]
  [-2.03871819 -0.40825922 -1.66249192]
  [-1.03397535 -1.69668358 -1.31588554]
  [-0.90367766 -0.06002076 -1.68021108]
  [-0.37077292 -0.95510148 -1.24139726]
  [-0.85267121 -1.05907646 -2.22124952]
  [-1.10175275 -1.08066084 -0.45871673]]]
Experiment	9	-13.885871999563708	5.935617000436292	710454	8	[[[-1.47326584  0.78679727 -0.5692941 ]
  [-1.2959582   1.39297438  0.56487926]
  [-0.21590806 -0.01564542 -1.02452012]
  [-1.9650369   1.1397682   1.46964242]
  [-1.24286347 -0.37618179 -0.35708986]
  [-0.81153301  0.32384499  0.41262701]
  [-2.3386147   1.19396248  0.14828822]
  [-1.93353442  0.15872692  0.27842704]]]
Experiment	10	-14.674170088580814	5.147318911419186	738917	8	[[[-1.3140355   1.49951666 -0.0507796 ]
  [-0.51058885  1.76566243 -0.77251131]
  [-1.10064028  2.5         0.46028019]
  [ 0.27713641  1.15498247  1.23269469]
  [-0.77903086  1.40053781  0.97180865]
  [-0.24606035  1.93275781  0.2809898 ]
  [-0.48272046  0.78277195  0.11531114]
  [-1.21061059  2.5         1.50977326]]]
Experiment	11	-13.560309928792439	6.261179071207561	134324	9	[[[0.41667825 1.71411992 1.90460211]
  [1.13861977 1.31907007 0.92062155]
  [1.7945153  2.20510053 1.34354318]
  [2.06304733 0.96493023 1.4075002 ]
  [0.59804077 2.20376555 1.0512664 ]
  [1.3249232  0.45361368 2.13180896]
  [1.55757734 1.60705965 2.33586919]
  [1.61349007 1.98508519 0.27813713]]]
Experiment	12	-13.78091414105981	6.0405748589401895	386008	7	[[[ 0.48976385  0.72725729 -1.62456773]
  [-0.17358484 -0.34218696 -1.24903435]
  [-0.5710247   0.09613323 -0.34568783]
  [ 0.59661345  0.04657679 -0.67540795]
  [-0.5592763   1.00020985 -0.87904016]
  [-1.46944765 -0.76055782 -1.17694543]
  [-1.13024549  0.28581279 -1.53385149]
  [-1.4754816   0.74408558 -0.39751539]]]
Experiment	13	-12.823884141165573	6.997604858834427	465564	8	[[[ 0.00330799  0.38408748 -1.50902447]
  [ 1.89141902  0.80200738 -1.90057598]
  [ 0.9530242   1.49363029 -1.66673644]
  [ 0.6538599   0.91810408 -2.41773082]
  [ 1.10249019  0.08651311 -1.78275487]
  [ 0.0826262   1.53555626 -0.5874508 ]
  [ 1.01385817  0.71979672 -0.78725606]
  [ 0.52365267  2.08460316 -2.5       ]]]
Experiment	14	-13.153025124161154	6.668463875838846	541197	6	[[[-0.40981036  1.32423602 -2.21577655]
  [ 0.13522845  2.35091643 -0.98229863]
  [-0.5881962  -0.00835705 -0.76696343]
  [-0.37506736  2.5        -2.00859758]
  [ 0.27246837  0.68052395 -0.39249039]
  [-0.12579722  1.32414939 -1.15726806]
  [-0.40716656  1.50468585 -0.04859435]
  [-0.92627179  1.94523275 -1.17893548]]]
Experiment	15	-13.132027302592403	6.689461697407596	122374	8	[[[-1.21873404 -0.55612452  0.28842241]
  [-1.5801745   1.18396311  0.4398068 ]
  [-0.96676837 -0.21741807  1.34250976]
  [-0.54998685  1.14677126  0.94427491]
  [-1.79124117  1.38144122  1.57405687]
  [-0.92988671  0.37644205 -0.10764538]
  [-0.95836786  0.86873988  2.15727832]
  [-1.90211735  0.27065082  0.86047903]]]
Experiment	16	-13.29407391589093	6.5274150841090695	422221	7	[[[ 0.92167786  0.92657154  0.53795954]
  [ 0.74343039  1.50763632 -1.23481607]
  [ 0.39583584  1.57579916 -0.0928798 ]
  [ 2.43396921  1.27064195  0.56574152]
  [ 2.5         2.24639995 -0.38233417]
  [ 0.8452121   2.5        -0.58607419]
  [ 1.85522516  1.29402849 -0.56862572]
  [ 1.57212257  1.98171118  0.20947301]]]
Experiment	17	-12.795529457561987	7.025959542438013	68590	9	[[[ 0.54347243 -2.30602699  0.63020774]
  [ 2.24172894 -1.50241315 -0.40379055]
  [ 1.3743642  -1.19634866  0.83388112]
  [ 2.5        -1.14421021  0.86896041]
  [ 1.08626767 -1.25834611 -0.24504074]
  [ 1.70347117 -0.42894846  0.145638  ]
  [ 2.21717687 -0.07259329  1.00448971]
  [ 1.51802234 -2.5        -0.16764148]]]
