Experiment	1	-14.522900016037607	5.298588983962393	338594	6	[[[ 1.83681303 -1.36686793 -0.46712763]
  [ 1.09662957 -1.32702961  0.42444977]
  [ 1.24423742  0.23919839 -1.40978242]
  [ 0.40144443 -0.45694606 -1.05427222]
  [ 1.27346848 -0.36100399 -0.51586289]
  [ 1.33453561 -1.02839807 -1.30620164]
  [ 2.39437678 -0.5517257  -0.963768  ]
  [ 0.92637004 -1.9560873  -0.69131094]]]
Experiment	2	-14.297143353541692	5.524345646458308	700665	7	[[[-0.08582459  1.06844107 -0.59112529]
  [-0.30197536 -0.14754199  1.17802373]
  [-0.33341044  0.88512783  0.61485255]
  [-1.15849936  1.61179794  0.7592755 ]
  [ 0.18622131  0.75286401  1.51053747]
  [ 0.66495581  0.12517956  0.54189998]
  [ 0.03819463  1.89827948  0.93322205]
  [ 0.70695599  1.29808139  0.3542188 ]]]
Experiment	3	-15.24207693749371	4.5794120625062895	677316	6	[[[ 1.27428995  0.93458249  0.45217643]
  [ 0.88403232  1.70124114  1.30139989]
  [ 1.05067686 -0.19940878  0.20356697]
  [-0.2934311   1.36006933 -0.40602903]
  [ 0.12134826  0.6401069   0.46499856]
  [ 0.55038858  1.92763725  0.16407423]
  [ 0.61769518  0.637801   -0.51853996]
  [-0.29158197  1.54844836  1.01379327]]]
Experiment	4	-14.216053373560857	5.605435626439142	94816	8	[[[-0.03763908  0.05368695 -0.76090908]
  [-0.89218757  0.37215552 -0.0545418 ]
  [-0.29275564  0.66579505  0.97481916]
  [ 0.78836931  0.73223539  0.91112629]
  [ 1.14242517  0.32970854 -0.85242505]
  [-0.13513307  1.09971682 -0.29123352]
  [ 0.37620649  0.12423799  0.23994849]
  [ 1.01279603  1.12476732 -0.21463612]]]
Experiment	5	-14.3566754717014	5.464813528298599	266118	7	[[[-1.40323165 -0.79296603 -1.28205131]
  [-0.51151474 -0.00835104 -0.74963847]
  [-1.30793291 -0.58399582 -0.19127928]
  [-0.17684847 -1.03744389 -0.81273679]
  [-0.75992586 -1.62223169 -1.68536605]
  [-0.02402898  0.64340716 -1.74015576]
  [ 0.34569956 -0.26244535 -1.30332392]
  [-0.38330231 -0.49062027 -1.95758215]]]
Experiment	6	-13.691470488884171	6.1300185111158285	607438	5	[[[ 0.32062241 -1.10896692  0.1372964 ]
  [ 0.48564389  0.51015066  0.35884541]
  [-0.33887259 -0.05080613 -0.40502113]
  [-0.68381486  0.22213563  1.38657656]
  [ 1.16217688 -0.26050517  0.36420538]
  [-0.50128424  0.73851995  0.48116936]
  [-0.43209633 -0.35904562  0.52917072]
  [ 0.38675894 -0.17102638  1.28773567]]]
Experiment	7	-14.383794564078423	5.437694435921577	372162	6	[[[-0.05998067 -0.54103983 -0.76345659]
  [ 0.22893111 -0.95458464  0.28238745]
  [ 1.09613495 -0.54661995 -0.42371589]
  [ 0.6588203   0.3528139  -0.90373018]
  [ 0.67820757 -0.47104807  1.0953184 ]
  [-0.38894304 -0.19108383  0.68836048]
  [ 0.35425609  0.32157819  0.22311839]
  [-1.05091543 -0.1975591  -0.39252025]]]
Experiment	8	-14.433703399613856	5.3877856003861435	342483	8	[[[ 0.23460506 -0.89337839 -0.55838435]
  [-0.73989261 -0.47039595 -0.44188029]
  [-0.29072282 -0.48545435  0.63340878]
  [-1.39760622 -0.83740013  0.56898149]
  [-1.21275813 -1.60987408 -1.11924673]
  [-0.62787637 -1.37195027  0.05115089]
  [-1.26125615  0.34230194  0.3793695 ]
  [-1.95153044 -1.06773083 -0.35469367]]]
