Experiment	1	-14.151024562194733	5.670464437805267	51824	9	[[[-1.41369794  1.36691134  0.79684593]
  [-1.00460625  0.13001413  1.14292289]
  [-2.5         1.52138116  0.90871973]
  [-1.1893823   2.26469002  1.43044277]
  [-2.22626426  0.40793375  1.05650201]
  [-0.67559686  1.23014853  1.61720012]
  [-0.36671435  1.49463204  0.53338852]
  [-1.82059888  1.60085323  2.02587567]]]
Experiment	2	-14.070053079728849	5.751435920271151	108969	8	[[[ 0.49291175 -1.637568    0.30771292]
  [-0.49803392 -1.20818378 -0.26894212]
  [-0.67352352 -0.00760471  0.11565739]
  [ 0.95373325 -1.00377194 -0.55592191]
  [ 0.49597604  0.19246855 -0.44912481]
  [ 0.78432738  0.46497025  0.8971008 ]
  [ 1.34397143 -0.52051406  0.3180189 ]
  [ 0.24787741 -0.4761654   0.39060716]]]
Experiment	3	-13.414646458311223	6.406842541688777	297161	8	[[[ 0.3046246   1.63623077 -0.09803856]
  [ 0.14283289  1.58790644 -2.5       ]
  [-0.10491213  0.48110537 -2.37693067]
  [ 0.2946073   2.28889954 -1.37499916]
  [ 0.36607848  1.03267921 -1.40801404]
  [ 0.97041629  0.65975615 -2.5       ]
  [ 0.23305516 -0.20998118 -1.56308825]
  [ 1.10926943  1.73851085 -2.03630372]]]
Experiment	4	-13.229247276003333	6.592241723996667	612538	7	[[[-0.60041002  0.59169523 -1.87785224]
  [ 0.39862351  0.26355766 -0.17191203]
  [-0.83718655  1.26355297 -0.04784632]
  [-1.64835688  1.1785351  -1.76493948]
  [-1.01367528  0.5520065  -0.80617147]
  [-2.14750785  0.71138639 -0.62963793]
  [ 0.0426849   1.07080146 -0.78951724]
  [-0.89780013  1.79185041 -0.98471279]]]
Experiment	5	-12.55539121319031	7.26609778680969	413746	7	[[[ 0.54360283  2.08960019 -0.07861989]
  [-0.4992954   0.84064575 -0.81461307]
  [-0.39684429  1.22011193  0.32594384]
  [ 0.35996386  1.57529092 -0.93802767]
  [ 0.85806318  0.75206152 -0.48646777]
  [ 0.06440454  0.06765291 -0.27083595]
  [ 0.63130985  0.6869769   0.53621145]
  [-0.2455749   0.71113151 -1.95588256]]]
Experiment	6	-13.684104781101276	6.137384218898724	187432	8	[[[ 0.52457936  0.17199673  0.80654692]
  [-0.26453517 -0.35625355  1.38059899]
  [ 0.80307977  1.48058501  1.42670738]
  [-0.39439426  1.96171114  1.76165522]
  [ 0.605376    0.36115704  2.14364778]
  [-0.28906041  0.81818444  1.41942404]
  [ 1.07896075  0.96315235  0.22934059]
  [ 1.43897245  0.59868587  1.36683483]]]
Experiment	7	-13.018657098533028	6.802831901466972	619097	7	[[[ 0.97873081  0.94991853 -1.37222563]
  [-0.01051318  1.40896608 -1.29842819]
  [ 0.66188924  0.96837284 -0.29819035]
  [-0.50666785  2.377815   -0.76244639]
  [ 1.70251672  0.61992869 -0.40688675]
  [ 1.46477027  1.74098755 -0.95846505]
  [ 0.65008611  0.04810137 -0.93511297]
  [ 1.30443497  1.76037248  0.0810588 ]]]
Experiment	8	-12.711230840869487	7.110258159130513	686189	6	[[[ 0.56570218 -0.47266283 -2.15731114]
  [ 0.39618192  0.56911541 -1.8555857 ]
  [ 0.63271881 -0.69124928 -0.99454966]
  [ 1.55371124 -0.19687286 -1.20461176]
  [ 2.24018428  0.69863091 -1.51134688]
  [ 1.65044402 -1.18641824 -2.30277989]
  [ 1.50093323 -0.01801762 -2.27617514]
  [ 2.5        -0.36245168 -1.52679103]]]
