Experiment	1	-12.54071562408381	7.280773375916191	625330	7	[[[ 0.29532899  1.15451     0.77942295]
  [ 1.29455875  0.92778811  0.48558689]
  [-0.31994513  2.30294758  1.17147272]
  [-0.88330708  1.34683482  0.75702798]
  [ 0.90492731  1.50300246 -0.26883048]
  [ 0.53016117  2.5         0.68443008]
  [-0.28669636  2.22188957  0.01611929]
  [-0.17460299  1.10590793 -0.42108418]]]
Experiment	2	-12.796454365352178	7.025034634647822	119119	8	[[[-2.48330783  2.15379783  1.34869479]
  [-1.36647839  0.16106331  0.43623413]
  [-2.4582646   0.1721068   0.46141932]
  [-1.87310127  0.97562747 -0.23429328]
  [-1.47145838  1.27889671  0.82123413]
  [-2.5         1.73658099  0.17526812]
  [-2.27869171  1.26448628  2.08366063]
  [-1.89903358  0.33444447  1.59734324]]]
Experiment	3	-13.261053006914658	6.560435993085342	178860	7	[[[-1.90832923 -0.46113894  1.48555043]
  [-1.20795575 -2.36598787  0.86021324]
  [-2.18233567 -1.66563453  1.5674283 ]
  [-0.8804363  -1.11660907  2.5       ]
  [-1.18459004 -1.41565416  1.11909209]
  [-2.11368662 -0.99967531  2.5       ]
  [-1.43260502 -2.06343833  2.5       ]
  [-0.62780773 -2.15203613  1.74303447]]]
Experiment	4	-13.034506748661151	6.7869822513388485	360968	7	[[[ 1.22284045 -0.11748608 -1.31301716]
  [ 2.10239474  0.13217326 -0.59656174]
  [ 1.40292101  0.86335088 -0.9442172 ]
  [ 2.46933526  1.26199225 -0.43971638]
  [ 0.94998019  0.06679645 -0.12084958]
  [ 0.99497165 -1.04024309 -0.75014596]
  [ 1.58750652  1.21394103  0.16710466]
  [ 2.5         2.44090383 -0.30301103]]]
Experiment	5	-12.844677260066529	6.976811739933471	153185	9	[[[-0.21583465  0.72617974 -2.5       ]
  [-0.00581933  1.28981457 -1.29034352]
  [ 0.98646325  0.46484718 -2.5       ]
  [ 0.46584092  0.32816592 -1.47696742]
  [ 0.80406198  1.82842404 -0.60369713]
  [-0.57768239  0.28307208 -0.56695648]
  [ 0.81687474  0.6953834  -0.5331302 ]
  [ 1.37610482  0.81814979 -1.49064881]]]
Experiment	6	-12.364731745192085	7.456757254807915	442230	7	[[[-1.81988961  1.1771269  -0.67693823]
  [-0.22032716  0.75986364  1.0399215 ]
  [-1.85989321 -0.17983478 -0.28046083]
  [-1.44920034  0.47340017 -1.42014542]
  [-0.38917977  0.52586964 -1.06899885]
  [-1.1676174  -0.2439657   0.62228187]
  [-0.96288738 -0.52032051 -1.08632521]
  [-1.07875724  0.68517991 -0.13864514]]]
Experiment	7	-12.757428660306285	7.0640603396937145	518430	7	[[[-0.48592249  0.55166773  1.03746925]
  [ 0.73043404 -0.45807671  0.08749636]
  [ 0.85494662  0.647062    0.43148514]
  [-0.18636394  1.8254506   0.21776326]
  [ 0.18996492 -0.31708589  1.07420201]
  [-1.28217618  0.1238605   0.56848593]
  [-0.48504432  0.79817767 -0.14084685]
  [-0.40170776 -0.38845223 -0.01015318]]]
