Experiment	1	-14.541930093014182	5.279558906985818	319455	9	[[[ 1.12840218 -1.40387796  0.58384975]
  [ 2.48168842 -0.55039865 -0.4594275 ]
  [ 1.18117421  0.44940146  0.21264219]
  [ 0.97313184 -1.01755126  1.62569905]
  [ 1.78904951  0.70520721  1.13070739]
  [ 0.66977274 -0.40357781  0.75785427]
  [ 1.01757687  0.14341902  1.64000766]
  [ 1.76869506 -0.35163124  0.75370262]]]
Experiment	2	-14.608517988521212	5.212971011478787	52821	9	[[[-0.44958028 -1.65818676  1.54908647]
  [ 0.04874664 -0.79973828  0.99912009]
  [ 0.81779709 -0.17528818  0.66357189]
  [-0.29457981 -0.23268783 -0.18062751]
  [-0.32709878 -1.58762732  0.33466068]
  [ 0.59081157 -0.99805147  0.04971949]
  [ 1.21838613 -1.13926307  1.1939941 ]
  [ 0.8930929  -1.98127595  0.42919407]]]
Experiment	3	-14.061919247382676	5.759569752617324	30367	9	[[[ 0.79831529 -0.35091046 -2.08439204]
  [-0.51104018 -0.08296972  0.02706564]
  [ 1.1104214   0.40088848 -1.27370145]
  [ 0.56416463  0.82950649 -0.45651749]
  [ 0.16295671 -0.16595838 -1.09863826]
  [-0.41229159  0.83128585 -1.01692051]
  [ 0.21910953  0.75205429 -2.03763592]
  [-0.08859849 -0.99011269 -1.79627678]]]
Experiment	4	-14.628467692102769	5.193021307897231	480038	5	[[[ 0.33504017  0.63515573  2.0980581 ]
  [ 1.07378354 -0.10184581  0.28304891]
  [-0.02670074  0.29918843  0.80041784]
  [-0.14935325 -0.72559361  0.36414595]
  [ 1.66603306  0.8708268   0.1153666 ]
  [ 0.61938962  0.87746433  0.06870413]
  [ 0.85950049  0.91231815  1.05941315]
  [ 0.8166494  -0.26938341  1.39403822]]]
Experiment	5	-14.797720555137705	5.023768444862295	132776	8	[[[-0.54022212 -0.21795612  0.01189189]
  [-0.81231724  1.32502054 -0.69574147]
  [-1.10888398  0.70245927  0.11937579]
  [-0.96092167  0.92932041 -1.71193782]
  [-1.68446424  0.43070988 -0.84921774]
  [-0.78534878 -0.03030195 -1.25794702]
  [ 0.02249145  0.7977882  -1.25690001]
  [-1.6407973  -0.63879188 -0.22827249]]]
Experiment	6	-15.03459738442962	4.786891615570379	298737	7	[[[ 1.46278989 -1.07063813 -0.72614277]
  [ 1.1062204  -0.23237268  0.11362578]
  [ 1.32619797  0.7924149  -0.73767563]
  [ 0.39259798 -0.42641309 -0.71448943]
  [ 1.20105041 -0.12229263 -1.51464265]
  [ 1.96467167 -0.01592974 -0.55878499]
  [ 0.32218426 -1.26511475  0.11364861]
  [ 2.04041758 -0.97461256  0.18686631]]]
Experiment	7	-14.16509464433396	5.656394355666039	324909	7	[[[ 0.19242816 -0.48279837 -0.14660492]
  [ 0.92909167  0.33397743 -0.56475454]
  [-0.43599101 -0.09866491  1.03701507]
  [ 0.30667003 -0.95376185  0.93699035]
  [ 1.32988226 -0.40317063  0.42102569]
  [ 0.44686166  1.34856633 -0.26779276]
  [-0.17311849  0.59679289 -0.00707388]
  [ 0.76840827  0.66644361  0.52638472]]]
Experiment	8	-14.02183030495121	5.799658695048789	251383	6	[[[-0.44574387 -0.39396516  1.01870653]
  [-0.25444713  0.43866207  0.29898832]
  [ 0.46660358 -0.66625905  0.15241893]
  [ 0.24742887  0.22573764 -0.63599527]
  [ 0.44803894  0.25391401  1.06295926]
  [-0.45771226 -1.30380035  0.35172763]
  [-0.82782516 -0.43084878 -0.0055894 ]
  [ 0.20269482 -1.55530909  1.41791814]]]
