Experiment	1	-20.832751349723758	31.48987565027624	20901	8	[[[ 1.12107288  1.92957525 -0.53902041]
  [-0.67946585 -1.62615171 -0.4581717 ]
  [ 0.88090924  0.67970317 -0.77790967]
  [ 0.56834743 -2.09404473  1.61038215]
  [ 0.24233623  1.80432774  0.08044436]
  [ 0.25746029 -1.10196254  0.06177987]
  [-0.51664885  0.2858683  -0.54255066]
  [-1.4470799  -0.99675432  0.51207519]
  [-0.67194178  0.94371073  0.46248499]
  [ 0.34378848  0.74989234  0.22111908]
  [-0.96117015  0.0995098   1.18528083]
  [-1.17573798  1.94604309  0.03468758]
  [-0.70616036 -0.81677992 -1.14643516]
  [ 0.08077188 -0.23562486  0.67018128]
  [-1.69060857 -1.05907201  1.53494241]]]
Experiment	2	-21.240513922341457	31.08211307765854	48963	6	[[[ 1.27385313  1.10652552 -0.02534414]
  [-0.0901484  -0.63636726  1.49808926]
  [ 0.02650844 -1.61777538 -0.46680348]
  [-0.39920665  0.43870624  0.72103752]
  [-1.44379886  1.53593394 -0.22606302]
  [-1.05633747 -0.61888361 -0.02997776]
  [-1.51951497  0.39329634 -1.6140115 ]
  [-0.47806821 -1.29858543  0.7682668 ]
  [ 0.98662244 -2.08355142 -0.20879088]
  [-0.40947635  0.27045309 -0.48689619]
  [-0.95492886 -0.03601603  1.54657409]
  [-0.90261812 -0.37016857 -1.16884243]
  [ 0.10075217 -0.47798499  0.09373502]
  [-0.77069003  0.19883513 -2.39712856]
  [ 0.56856506  0.67480586 -1.29863372]]]
Experiment	3	-21.88273601619795	30.439890983802048	35537	8	[[[-1.03020847 -1.77343178 -0.5481087 ]
  [ 0.05614559  0.88858012 -0.38009368]
  [-0.93632057 -2.5         0.21595522]
  [-0.27528166  0.66141718  0.67726073]
  [ 0.81313758 -2.12193963  0.65937888]
  [-0.44347015  0.99624301 -1.39938782]
  [ 0.20979684 -1.65026002 -0.17915565]
  [ 1.13703659  1.04365347 -0.67039666]
  [-1.41533412  1.04453975  0.94735684]
  [ 0.57530297  1.47435602  0.30350418]
  [ 0.89434803  2.30855431 -0.37353761]
  [-0.91286981 -0.74972587  0.32272343]
  [ 0.34514295  0.26442281 -1.2276458 ]
  [-0.59670228  1.89333997 -0.20309614]
  [ 0.32703568 -0.35711723 -0.09981754]]]
Experiment	4	-20.5427653142555	31.779861685744496	55723	7	[[[ 0.93334859  0.8578488   0.36806964]
  [-0.10132623  0.70693777  2.0367738 ]
  [-1.43281846  0.78927995  1.30429654]
  [-0.66325767 -1.68892865  1.34145525]
  [ 0.84645525 -0.04573238  1.40219053]
  [-1.0626918   0.30935283  2.24481134]
  [-0.22762682 -0.02380674  1.17874061]
  [ 2.5         1.22634338 -1.32970094]
  [-0.6920116  -0.65531553  1.94294124]
  [-0.31205888  0.94325293  0.14987648]
  [ 2.15861377  1.03879687  0.21432498]
  [ 0.28134152 -0.56938192  2.08848102]
  [ 1.3422399   0.04851601 -0.01462259]
  [-0.37860511  2.33143745  0.7598978 ]
  [ 0.00973399  1.18519125  1.06582176]]]
Experiment	5	-21.74735110599441	30.575275894005586	144918	7	[[[ 0.13940435 -1.85654064 -0.57091326]
  [-1.16480912  1.54651369 -0.36550009]
  [-0.68659181  0.01993994  0.90389612]
  [ 1.19062234 -0.92725288  0.3790014 ]
  [ 1.0602187  -0.33261809 -0.53442533]
  [-1.55666633 -0.58920254 -0.83952903]
  [ 0.10419211 -0.88036311 -0.52986313]
  [-0.44123785 -1.40660136  0.32489344]
  [ 1.17042466 -2.00449025 -0.40402762]
  [-0.32023838 -0.74593621 -1.89264205]
  [-0.80901025 -1.254213   -1.08266515]
  [-0.48471742  0.06043664 -0.97847897]
  [-1.58057466 -0.77909812 -1.90465367]
  [ 0.98122794 -1.5043794  -2.5       ]
  [ 0.2255949   0.29191276 -0.25607607]]]
Experiment	6	-21.224479352819536	31.09814764718046	130039	6	[[[-1.92770172  0.26806518 -1.57083742]
  [-0.87405163 -1.41370185  1.08020138]
  [ 0.2038635   0.08631866  1.24993216]
  [ 0.45350042  0.40103841 -0.57332319]
  [-0.41611722  1.6062119  -0.7736703 ]
  [-1.04649106 -0.76141746 -0.26865498]
  [ 0.50965706 -1.45986284 -0.17814757]
  [ 0.14852225  1.36817854  0.19639139]
  [-1.60748389  1.71235857  0.0034008 ]
  [-0.73931816  0.5819192  -0.85506471]
  [-1.54483699  2.01579228 -1.27022878]
  [-0.44076738 -1.52000288 -0.83742372]
  [ 0.52681876 -0.21494638  0.30740927]
  [-0.06881903 -0.50235261 -0.4805556 ]
  [-1.33226203  0.24576545  0.17061544]]]
Experiment	7	-22.08129608703759	30.241330912962407	28539	8	[[[-3.45802898e-01  2.31526792e+00  3.05883090e-01]
  [ 2.36464701e+00 -1.50359174e+00  3.83071263e-01]
  [-2.08807847e-03  5.37486306e-01 -6.32844915e-01]
  [-1.60384441e+00  3.75624524e-02 -6.30580744e-02]
  [-6.36007359e-01 -1.59564059e+00  1.26530149e-01]
  [ 1.70340397e+00 -1.63965216e+00 -4.48005121e-01]
  [-4.68727772e-01 -6.72391147e-01  5.00809688e-01]
  [-6.42984003e-01  3.67555076e-01  5.19837749e-01]
  [-1.23532545e+00 -1.22041794e+00 -7.38745076e-01]
  [-1.98063406e+00 -3.55948625e-02 -1.30704397e+00]
  [-3.17942106e-01 -5.11287550e-01 -7.55324801e-01]
  [ 7.81346599e-01 -1.08646792e+00 -6.26582971e-01]
  [ 5.42331883e-01 -1.41472569e-01  3.44165947e-01]
  [ 1.69803588e-01 -2.30765653e+00 -2.12113577e-01]
  [ 8.04780128e-01 -7.99561813e-02 -1.03588416e+00]]]
