Experiment	1	-17.884516132979414	34.43811086702058	118733	8	[[[-1.48313592 -1.37512796  0.86392886]
  [-2.34179635  2.09285061 -0.20468461]
  [ 2.07974544 -0.48690434  0.85117335]
  [-0.57309551  0.45921169  0.52150848]
  [ 0.53510491 -1.24809403  0.0028897 ]
  [-0.34415727  1.993054    1.72278436]
  [-2.34030864  0.86663224  0.805047  ]
  [-1.9903315   0.98656951 -0.18651784]
  [-1.02656068  0.23195706 -0.5242817 ]
  [-0.97045989 -0.572336    0.20201554]
  [ 0.73715714 -0.53852986  2.18381701]
  [-0.15788558 -1.09208653  0.9486295 ]
  [-2.07431978 -0.03639293 -0.98219427]
  [ 1.89102002 -0.79133002  2.5       ]
  [-1.78489627 -0.05610418  0.63687415]]]
Experiment	2	-22.181764913277444	30.140862086722553	54035	7	[[[-0.10587725 -1.87119663 -0.62048989]
  [-0.36496729 -0.85486704  0.07179934]
  [ 1.63468058 -0.13320226 -0.13491851]
  [ 1.25371412 -1.24938911 -0.52664379]
  [-1.84573962 -1.23734871  0.46881884]
  [-1.33467703 -0.64788903 -0.47934686]
  [ 0.5861808  -0.03717812 -0.54775976]
  [ 0.49493643 -0.37024777  0.43675755]
  [-0.35219729 -0.9927233  -1.0733119 ]
  [ 1.30888512 -1.03057617  0.71395201]
  [-1.5851394  -1.11433549 -2.5       ]
  [-0.70731165  0.01011919 -1.43611405]
  [ 1.11085854  0.88885719 -1.57296921]
  [-2.21859017 -1.38593749 -1.6823254 ]
  [-0.48152496  0.38233792 -0.03087875]]]
Experiment	3	-19.383668331339493	32.938958668660504	16197	8	[[[-0.27399868 -0.92267489 -0.05611254]
  [-0.46111685 -2.28468128 -2.06335311]
  [-2.36533734  2.5        -1.43966538]
  [-0.3148696  -0.53954791 -1.61321036]
  [ 0.77471345 -0.38928011 -1.46254624]
  [-1.78180263  1.14718229  0.83877969]
  [-2.5        -1.40232163  0.87872826]
  [-2.39595616  0.07823034 -0.61308355]
  [-1.33879228  0.22452978  1.10010079]
  [-2.28288726  0.44673827  1.56070259]
  [-2.36092689 -0.77972757  0.09700247]
  [-1.24444136 -0.88228698  0.70456544]
  [-1.45489233 -0.3212419   2.01898968]
  [-1.1693217  -1.55828868 -0.33460106]
  [-1.40697266 -0.34737233 -0.34430623]]]
Experiment	4	-18.042425782754542	34.280201217245455	31213	7	[[[-1.04124922  1.40948755  1.4294804 ]
  [ 0.69217101  1.14547299  0.1176758 ]
  [-0.54051872  1.41847833  0.42548705]
  [ 1.29061824  1.84356032 -0.5547223 ]
  [ 0.93631246  2.25463162  0.84008882]
  [ 1.8313375   1.78628991  1.104315  ]
  [-1.94634056  1.09632866  1.89826429]
  [-1.51898228  0.51571861  0.9453964 ]
  [-0.96832967  0.50562621 -0.43679402]
  [-1.30822797  0.36955214 -1.6087416 ]
  [-0.22998774  1.11116322  1.98536701]
  [-2.5        -2.18141123  0.51051527]
  [-0.58307917  1.35309434 -1.41951584]
  [-1.95334217  0.69989608 -0.62268501]
  [-0.09676805  1.89972147 -0.5927867 ]]]
Experiment	5	-18.51536867532157	33.80725832467843	19198	8	[[[ 1.16517895  1.06399745 -1.17767417]
  [-1.65752934 -1.30207778 -1.23314723]
  [ 0.0944436  -0.69767021 -0.74530852]
  [-1.84919811 -2.25683895 -1.40556146]
  [ 1.77134238  0.1508473  -0.71548709]
  [ 0.14439746  0.22726036 -1.92965641]
  [ 1.87811018 -1.86114571 -0.68783085]
  [ 1.89538477 -0.85367621 -0.4124436 ]
  [ 0.80990718 -0.04958709 -0.24532732]
  [-0.38876711  1.13542262 -1.60254245]
  [ 0.53724468 -1.17145519  0.20903157]
  [-0.28777999 -0.59052399  0.5646935 ]
  [ 1.09887075 -0.85865166 -1.39143906]
  [ 1.56395077  0.98163679  0.03048485]
  [-1.16768205  0.1077067  -2.5       ]]]
Experiment	6	-17.375202149552422	34.947424850447575	77841	7	[[[ 0.6279269  -1.11204545  1.09413186]
  [-0.31052279  0.03976519 -2.21345243]
  [ 1.43162346 -0.11011776 -0.70963859]
  [ 0.96668155  0.89348304 -1.77615552]
  [ 1.69101944  0.26023932  1.42576942]
  [-0.06220861 -0.59267766 -0.25343247]
  [ 0.80802494 -1.00324971 -0.75942881]
  [-0.58720308 -1.3314358  -0.79068812]
  [ 1.81528614 -0.74658263  0.51916024]
  [-0.33618576 -2.32984118 -0.37074863]
  [ 0.7604189  -1.88581184  0.29243107]
  [-2.5        -0.42991645 -2.5       ]
  [ 1.23223634 -0.59481953  1.99633203]
  [-0.67943515  2.46026049 -2.5       ]
  [ 0.74059176 -0.29905512  0.34825773]]]
Experiment	7	-18.68563143503107	33.63699556496893	107201	6	[[[ 1.96680142  0.75512545  0.92082849]
  [ 1.55986353  0.66519563 -1.79595466]
  [ 0.59297099  2.15893778  0.84948121]
  [-0.63805182 -0.30735685 -0.99034726]
  [ 0.72079622  1.01560095  0.57436398]
  [ 0.26184018  1.30444634 -0.77446018]
  [ 0.83653024 -0.56412058  0.77615291]
  [ 0.06215326 -0.57846883  1.5624923 ]
  [ 1.4928779  -0.73969117 -0.17161384]
  [ 0.75100062  0.29012724  1.55973571]
  [ 1.14054934  0.52328852 -0.35064506]
  [ 2.18636994 -1.62399545  0.52757893]
  [ 1.5665045  -2.5         0.38732288]
  [ 0.45484372  0.77939725 -1.75925639]
  [-0.1092024   0.5030238   1.10591996]]]
