Experiment	1	-22.278467963462678	30.04415903653732	112094	8	[[[-1.03726445  1.4284404  -1.35690481]
  [ 0.92415225  0.78322797 -0.22312392]
  [ 0.59867507 -1.75900042 -0.18283595]
  [ 0.38744065  0.80236261  1.14996222]
  [ 0.57289194  1.84289228  0.12178766]
  [ 0.14822592  1.28206149 -0.75900191]
  [-0.2155816  -0.08679038  1.66337307]
  [ 1.44450357  1.98205652 -0.58697518]
  [ 0.31987471  0.13749625 -0.856342  ]
  [ 1.45563517  0.32596026  1.29782179]
  [ 0.00917863 -0.54350889 -0.03133869]
  [-0.11842597  0.92606743  0.1458418 ]
  [-1.31603222  0.11133871  0.19287688]
  [ 0.17285824  0.53262034  2.5       ]
  [ 1.33898908 -0.50964394 -0.25108158]]]
Experiment	2	-19.232440176750686	33.09018682324931	47321	6	[[[ 0.20752383 -0.48367807  2.5       ]
  [-0.20910253 -0.39219806  1.4029207 ]
  [-1.80186961 -1.42895928  2.5       ]
  [ 0.92031116 -1.38507001  1.01540473]
  [-0.35937873 -2.5         1.31266257]
  [ 1.16910783  1.46420653  1.06739004]
  [ 0.61146925 -0.52069697 -0.58180979]
  [ 0.09686707 -0.84478596  0.44705535]
  [-0.36560578  0.16928652 -0.20064373]
  [ 0.66375843  2.5         0.36864284]
  [ 0.43223617  0.45127572  1.87591897]
  [ 0.28430292  0.39850086  0.74735414]
  [-0.90092641 -1.45836814 -1.3256059 ]
  [-1.96204286 -2.12857084  1.43235123]
  [-0.05778502 -1.38968494  1.77261013]]]
Experiment	3	-17.119357784091605	35.20326921590839	138569	7	[[[-0.31585289  1.54983481 -0.49255134]
  [-0.66542534  1.85114033 -1.56744752]
  [-0.90646043  1.72345993  0.75936477]
  [-0.22881687  0.77271299 -1.19504734]
  [ 0.40394964  0.39101865 -1.92918482]
  [ 2.18221725 -0.39719773 -2.5       ]
  [ 0.60646287  1.04425452 -0.3094452 ]
  [ 0.24878774 -1.0436189  -0.97093936]
  [-0.35014332 -0.36674335 -1.8598581 ]
  [ 0.50281913  1.72963543 -1.58687885]
  [-1.68769063 -0.41214074  0.09753913]
  [ 1.85596903 -0.10835403 -0.700991  ]
  [-1.42211351  1.38910003 -0.66468749]
  [ 0.39951569  2.5        -0.89971225]
  [-0.80029584 -1.89463182  2.5       ]]]
Experiment	4	-17.88718864244009	34.4354383575599	57554	6	[[[ 2.5         0.05509105  1.7248716 ]
  [-1.17830567 -0.78955977  1.65725443]
  [-0.70618498  0.2958609  -0.48987677]
  [ 0.55184289  1.26376145  0.99840188]
  [ 0.20068746  0.45665292  0.10515308]
  [-0.71343146 -0.97964174  0.5273367 ]
  [-1.89890703  2.09248385 -0.73281978]
  [ 1.08787448 -0.72355615 -0.08874698]
  [-0.38286886  1.53275877 -0.59143958]
  [-0.82617232  2.5        -0.47848474]
  [-0.04814675  0.58666284 -1.39978496]
  [ 0.37872354  0.24310904  1.32008472]
  [ 1.06767703  0.90967854 -0.3508051 ]
  [-1.36838191  0.9731551   0.35675588]
  [ 1.40265482 -0.22892638  1.00641863]]]
Experiment	5	-18.790278941666834	33.53234805833316	82099	7	[[[ 7.29112313e-01 -5.25965380e-01 -1.10919244e+00]
  [ 1.75284666e+00 -8.48717741e-02 -1.56658082e+00]
  [-4.47704064e-01 -6.00640856e-01 -4.99887440e-01]
  [ 1.21094783e+00  1.34789657e+00 -2.33939737e-01]
  [-7.55780709e-01 -2.73453473e-01  4.84103498e-01]
  [ 1.82979252e+00 -1.33483813e+00 -1.71748973e+00]
  [ 1.12851593e-01  2.72961707e-01  5.25416879e-01]
  [-3.46007603e-01 -1.87472717e+00 -1.90858151e-01]
  [-1.22548295e+00 -1.25065195e+00 -1.11435582e+00]
  [ 4.81613064e-01 -5.07226562e-01 -1.48896566e-03]
  [ 3.05877001e-01  2.50000000e+00 -2.93470964e-02]
  [ 1.04926932e+00 -7.64610057e-01 -2.24835653e+00]
  [ 1.98401642e+00 -1.55335454e+00 -7.44432892e-01]
  [-3.30927634e-01 -6.70342466e-01 -1.56493925e+00]
  [ 2.50000000e+00 -7.24027488e-01 -2.09627396e+00]]]
Experiment	6	-18.164107456901018	34.158519543098976	127291	8	[[[-1.15596123  0.79781777 -0.06704193]
  [-1.96715639  1.09026333 -0.68091685]
  [-0.89464144 -0.05556984  1.93153134]
  [ 0.34861754  1.04599616 -0.77203524]
  [-2.5        -0.92975525  2.23759846]
  [-1.18659878  1.99150682 -0.68414538]
  [-0.74882504 -0.20699627  0.29692037]
  [-0.8376903   0.57023525  1.046772  ]
  [-0.52937634 -0.08741505 -1.12018092]
  [-0.09713201  1.51645605  0.09035471]
  [ 0.53141159 -2.5         2.13577163]
  [ 1.32583398  1.05717004 -2.5       ]
  [-0.62546655  1.23694061 -1.38633755]
  [ 0.2311383   1.08530599 -2.00028571]
  [-0.11560038  0.50150472  2.31755159]]]
Experiment	7	-18.57613800306597	33.746488996934026	49996	8	[[[-1.17346182  1.26783249 -1.83837717]
  [-2.0894485   1.27998911 -0.1109327 ]
  [-0.26098323  0.98328497  0.35234331]
  [-0.23274788 -0.15401287 -0.59777697]
  [-0.5894619  -1.13522668  0.88099388]
  [-1.91830931  0.13592043 -1.26767772]
  [-1.29551431  1.10700464 -0.83779681]
  [-0.93279348  1.81136967 -0.06480489]
  [ 1.31674023 -1.81110672  1.57684596]
  [ 0.69866243  0.80073126 -0.93937869]
  [-1.13249547  0.37279434  0.1150626 ]
  [-1.4218832   2.5        -2.47587457]
  [-0.34267287  0.71274387 -1.2481978 ]
  [ 2.09920755  1.597143    0.17502347]
  [-0.14003804  2.5        -0.36440505]]]
