Experiment	1	-22.871475775020194	29.451151224979803	123316	7	[[[-0.52497082  0.28646375 -0.10025053]
  [ 0.81749098 -2.5         1.37554352]
  [-0.81769889 -1.77865069  0.32317686]
  [ 0.38915542 -0.9584368   1.09201218]
  [-0.89041039 -0.39025872  1.38427764]
  [ 0.68871831 -1.76029273  0.51311651]
  [ 0.68764758 -2.07768985 -0.71295288]
  [ 0.76384352 -0.73864876 -0.07834782]
  [-0.44652618  0.35887601 -1.85764059]
  [-0.95243106 -1.52540697  1.35406489]
  [-1.26987015 -0.42533303 -0.19547198]
  [ 0.05379564  0.1160921   0.72961329]
  [-0.5102752  -0.67438421  0.41346854]
  [-0.48588804 -0.66826249 -0.8188711 ]
  [ 1.66491007  1.96346991 -1.16025717]]]
Experiment	2	-20.936522353041116	31.38610464695888	61897	7	[[[ 1.98392608 -0.60479619 -0.17950598]
  [ 0.74086919  0.50282478  1.38106985]
  [-0.07989086 -0.18594162 -0.89659101]
  [ 0.22979835 -1.11665856 -0.62542021]
  [ 1.77677285  0.42044476  0.07199858]
  [ 2.5        -1.42879652  0.65740733]
  [ 1.29272367 -0.10796089 -0.83408709]
  [ 0.72185741  0.29150537  0.28411688]
  [ 1.34654963 -0.14833069 -1.89744559]
  [-0.53110919 -0.64517844  0.66088991]
  [ 0.77763126  1.45189385 -2.05592314]
  [ 0.38611576  1.17473055 -1.02777804]
  [ 0.56687175 -0.85898723 -1.53387002]
  [ 0.77483282 -0.75883188  0.96800895]
  [ 2.44457314 -0.55669144 -1.28635777]]]
Experiment	3	-21.555180124408977	30.76744687559102	84983	7	[[[ 1.01922128  1.94548033 -0.92962006]
  [-0.35664401  0.91133162  2.10855671]
  [ 0.54850895  1.13843737  0.25331224]
  [ 0.40535924 -0.20467254  1.23461271]
  [-0.48868788 -1.32811399 -0.37196094]
  [ 0.59202238  0.813519    1.57319477]
  [-1.405463   -1.57016102  0.35209839]
  [ 0.07642762 -0.06134056 -0.5575513 ]
  [-0.12442966 -1.28180836  0.81882572]
  [-0.39104196  0.50476276  0.41416431]
  [ 1.14599431  0.01117216  0.23276453]
  [-0.71686871 -0.05592682  1.37221631]
  [-0.52644012  1.53460097  0.39031733]
  [-0.26926694 -0.35687563  2.5       ]
  [-2.31530987 -2.2452333   0.81638614]]]
Experiment	4	-21.71089952146233	30.611727478537667	63709	5	[[[-1.16077879  1.95037611  0.63583756]
  [ 0.10493742 -0.95912149 -1.20596524]
  [-0.67277625  1.72913576 -1.47664437]
  [ 1.03915608 -1.38299035 -0.67993433]
  [ 0.56077558 -0.16251332 -0.78686936]
  [-0.21318256  0.3456991  -1.18381665]
  [-0.46670329 -0.01444426  0.49405133]
  [ 0.46398362  1.03697    -0.44749982]
  [ 0.79677528 -0.7153297   0.09168452]
  [ 0.95354559  1.999671   -1.61122977]
  [-0.64787678  1.04894989 -0.25437018]
  [ 1.29898995 -1.83441481  0.53907332]
  [-0.15634606  1.27361154  0.7097702 ]
  [ 0.74295876  0.58929206 -1.46291652]
  [ 0.12941016 -1.11071197  0.80342719]]]
Experiment	5	-21.575094972641317	30.74753202735868	146643	7	[[[ 0.85372612 -0.06500593  0.23416075]
  [-0.78962191 -0.69101587  0.87016108]
  [-0.0780316  -0.2657084  -0.63016341]
  [ 0.03466173  1.18383486  1.05403597]
  [-1.27508774  0.48201117  0.4247951 ]
  [ 1.19054154  1.08491958  1.22468405]
  [-0.05919482 -1.6613394   0.17956115]
  [ 0.34195865  1.58412072 -0.73215789]
  [ 1.06388166  2.5        -0.13673296]
  [-0.68720024  0.57393796  1.59469214]
  [ 0.91570558  0.80121357 -1.23967876]
  [ 1.09944067  0.09171975  1.5308523 ]
  [-0.31475346  0.75134303 -0.02662295]
  [ 0.88550644  1.0099931  -0.06324841]
  [-0.23507704 -1.02865166  1.79750168]]]
Experiment	6	-20.96077353778959	31.36185346221041	103574	8	[[[ 0.4752489   0.57309946 -0.12284144]
  [ 0.94128665  0.15294488  1.84020117]
  [ 0.65651748  0.66526748 -1.27787289]
  [ 0.31532012 -1.5127437   0.18830159]
  [-0.08493052  1.74206502  0.93853152]
  [ 0.25430895 -0.27889223  0.86815011]
  [ 0.68775149 -2.12170816 -1.19207149]
  [-1.74102267 -0.46370402  0.57614032]
  [ 0.22063466 -0.71841695 -0.84271573]
  [ 0.97427567  0.85579979  0.90191944]
  [-1.01100041  0.74245674 -0.69016467]
  [-0.22864855  1.29551612 -0.01548163]
  [-0.48055082 -0.32912092  0.1097555 ]
  [ 1.25670124 -0.08670855  0.33403336]
  [-1.63409405  1.3658117   0.19852758]]]
Experiment	7	-21.993134568497474	30.329492431502523	32744	7	[[[-0.78901337 -0.15558817 -0.7057201 ]
  [ 1.1690313  -1.07144768 -0.18574435]
  [ 0.09811247 -1.99276319  0.09790987]
  [ 0.39409887 -1.80652224  1.78079555]
  [-0.68389791 -0.68643316 -1.92520227]
  [-0.02818653 -1.95332071 -0.90474041]
  [ 0.03126281 -0.85057295  0.03544371]
  [-0.9760095  -1.71713817 -0.12835468]
  [-1.08667596  0.00475016  2.00590824]
  [-2.10824684 -0.64449597 -1.40785036]
  [-0.16135611  0.70080327 -1.43356947]
  [-1.18929669 -1.39869955 -1.32548453]
  [ 0.03093861 -0.85840479 -1.06831407]
  [-0.51763699 -2.5         1.17018941]
  [-0.14539653  0.88399927 -0.25698956]]]
