Experiment	1	-21.042958008781227	31.27966899121877	147659	8	[[[-2.50000000e+00 -2.38728693e+00  4.14304731e-01]
  [-4.53290842e-02  1.83575693e-01 -1.92112755e+00]
  [ 2.37066741e-01  9.20222082e-01 -1.10802765e+00]
  [ 1.67390826e+00  1.34615437e+00 -1.86159410e+00]
  [ 1.20998967e+00 -2.68100106e-01 -9.46446738e-01]
  [ 2.29688791e+00  3.01692031e-01  1.28167911e+00]
  [ 4.47272410e-01 -2.22116806e-01 -7.27116526e-02]
  [ 1.13486535e+00  5.89372169e-01  7.98866155e-01]
  [ 1.42592894e+00  8.64416096e-01 -8.08309542e-01]
  [ 2.50000000e+00  4.84716289e-01 -1.50309733e+00]
  [ 1.03777596e+00  4.69917817e-01 -2.01543143e+00]
  [-1.13510164e-03  1.06074596e+00 -8.53341657e-02]
  [ 2.43006934e-01 -1.01696582e+00 -7.35955877e-01]
  [ 2.13510067e+00 -3.18367607e-01  6.85101301e-02]
  [ 6.17839085e-01 -1.00488693e+00  7.80228019e-01]]]
Experiment	2	-22.756013339393974	29.566613660606023	61077	7	[[[ 1.65181575  0.993011   -1.0120774 ]
  [ 1.03017446 -0.31786347 -0.27728708]
  [ 0.09053301 -0.40887695  0.82603552]
  [-1.17676179  0.02348468  1.68843643]
  [ 2.14117475  1.26119905  0.28477247]
  [-0.42648788 -0.85719179  2.21701277]
  [ 0.12658415  2.24340563 -0.02111641]
  [-0.51213407 -0.47685361 -0.34729248]
  [ 0.65354517  0.90751103  0.27522221]
  [-0.36016749  1.361291    0.58054529]
  [-0.94659955  0.16534178  0.32982003]
  [ 0.44879393  0.47027351  1.38512366]
  [-0.20985033  0.76118071 -0.28942787]
  [ 1.07745468  1.8632756   0.01295856]
  [-1.33647731  1.06367088  1.1244944 ]]]
Experiment	3	-21.47329449085087	30.84933250914913	95147	5	[[[-0.15431802 -0.30587154  0.1973153 ]
  [ 0.79856476  0.17957792 -0.12233959]
  [-0.7283524  -0.45010578  2.12505442]
  [ 1.1501872  -1.04927011 -0.87132301]
  [ 1.0877896  -0.86034901  0.18124225]
  [ 1.95565503  0.12054591  0.49267356]
  [ 0.98694686 -0.93123034  1.99580127]
  [ 1.38995846  0.09514062  1.52169303]
  [-1.06320683 -0.38466068 -1.67476672]
  [-0.69919765  0.69611161  1.64888164]
  [ 0.55053643  0.28004534  0.96449191]
  [-0.5083363  -1.33962334  0.34520033]
  [ 0.17121613  0.47219551  2.14493607]
  [ 0.38763236 -0.65738269  1.13507028]
  [-2.10112526 -0.48366592 -1.78497276]]]
Experiment	4	-21.18926735781768	31.133359642182317	133716	6	[[[-1.56667292 -0.20371307  0.03992834]
  [-0.14630126  0.72886128  0.49025801]
  [ 0.51251482  0.24829584 -1.07366697]
  [ 2.09804055  0.62458139 -0.66482251]
  [-0.9163387   0.69792324 -0.41658704]
  [ 1.15459857  1.0123535  -1.25971558]
  [-1.5255504   0.63295464  1.22300623]
  [-0.02504907 -0.3385687  -0.1218153 ]
  [ 1.67019832 -0.27432936 -1.43156483]
  [-0.33698604  1.8122462  -0.76501555]
  [-0.46730746  0.84907764 -1.71071279]
  [ 0.77180134  1.24547681 -0.18253004]
  [-0.28497548 -2.5         2.5       ]
  [-1.02889679 -0.97336262 -0.78024098]
  [ 0.87034729  0.25956523  0.20123465]]]
Experiment	5	-22.8773990353691	29.4452279646309	13907	9	[[[-0.73578839  0.27385992  0.03806781]
  [-0.21658962 -0.97244433  1.53105847]
  [ 0.77814789 -1.53352067  1.72634101]
  [-1.75227541 -2.5         1.08108157]
  [-0.89000711 -1.78707003  0.02720167]
  [-0.36783263 -2.30875892  2.16360516]
  [-0.5334139  -2.13573717  0.98569791]
  [-0.23177969  0.19066917  1.62540651]
  [-1.18196511 -1.73545239  2.05334963]
  [ 0.08261687 -1.27699018  0.4193687 ]
  [ 0.19766062  1.7800644  -2.1635469 ]
  [-1.02903182 -1.09479465  0.75622199]
  [ 0.90129059 -0.37386623  1.86463815]
  [ 1.10311932  0.14485837 -1.92046819]
  [ 0.47520161 -0.06080761  0.86706833]]]
Experiment	6	-21.67562801821254	30.64699898178746	124756	8	[[[-0.03059113 -0.22261196  1.3083113 ]
  [-0.29291563  0.81808677  1.10080628]
  [ 0.74871822 -1.71705468  2.22307575]
  [-1.22652089  0.19380041  1.60816695]
  [ 2.07811218 -0.86213837  1.70055459]
  [ 1.19504997 -1.12558022  0.85388658]
  [-1.65832319 -1.12381616  1.95703317]
  [ 1.13988334  0.05748846  0.78963991]
  [ 1.17774194 -0.48201284 -1.42862769]
  [ 1.51809796 -2.1649477   1.23784137]
  [ 2.09486399 -1.53405403  0.37735418]
  [-0.1953929  -1.8026186   1.52699704]
  [ 0.66339453 -0.22283668 -0.15497586]
  [-0.4700602  -0.18118849  0.37185607]
  [ 1.88065154 -0.48557477  0.27052179]]]
Experiment	7	-21.689762848721944	30.632864151278053	12873	9	[[[-1.00957403 -0.6854354  -2.46845823]
  [ 0.7599086  -0.47972167  0.72693719]
  [ 0.86078429  0.6447098   0.97630557]
  [-1.14066322 -0.57056775 -0.29881343]
  [ 0.36337331 -2.5        -1.24175137]
  [ 0.14319783  1.08172388  0.30884004]
  [ 0.60815967 -0.76003144 -0.45144975]
  [-0.83853025 -0.46439854 -1.29538021]
  [-0.11505304 -0.04473423 -0.08307634]
  [-1.10619381 -0.82054834  1.15816779]
  [-1.13312874  0.62711544 -1.32674455]
  [-1.49491436 -1.4283423   0.22803429]
  [-0.12881391 -1.06867603  0.48522748]
  [ 1.35767769 -1.4247885   1.21559167]
  [ 1.02409565  0.46246453 -0.58098155]]]
