Experiment	1	-21.94492058394814	30.377706416051858	76621	6	[[[-1.58693166 -0.15207384  0.58472808]
  [ 0.06931786  1.34915617 -0.57925784]
  [ 0.4223224   0.01838165  0.5712959 ]
  [-0.19022114  1.12833393  0.35274997]
  [-0.50774193 -0.58222299  0.6861941 ]
  [-2.37862466 -0.5952173  -0.37087578]
  [ 0.14322672  1.03502152  1.35036661]
  [ 0.53933543  0.11372681  2.5       ]
  [-2.12414002  0.46693409 -0.24704822]
  [-1.07267769  0.53006211 -0.09557527]
  [ 1.74055363 -0.84184757  0.25132622]
  [-1.19442497 -0.48275184 -0.7334051 ]
  [ 0.81089912  0.85763611 -0.00780274]
  [ 0.05691863  0.00526829  1.56294335]
  [-1.13196528  0.41946113 -2.5       ]]]
Experiment	2	-21.02079753907233	31.301829460927667	22959	8	[[[ 0.84132148 -1.02698518 -1.04828174]
  [-0.69640965  0.66170738  1.16127169]
  [-0.85389381  0.96047566 -0.06564604]
  [-1.5477472   1.01658301 -0.95990711]
  [ 1.19531608 -0.09553492 -0.31102909]
  [-0.13478395  0.12639373 -0.0125758 ]
  [ 0.244277    0.48121956  1.85586826]
  [ 0.69606869  0.92672528 -0.39537532]
  [ 0.94270505  0.06370645 -1.26261251]
  [-0.1776714  -0.47371698 -0.85992087]
  [ 1.28610393  1.0652018  -2.35504403]
  [ 1.57626241 -0.81279524  0.3638749 ]
  [-0.17575702  0.43174452 -1.38503325]
  [ 0.9333218  -0.86226267  1.26669396]
  [ 2.4317993  -0.54948398 -0.17014101]]]
Experiment	3	-21.354237615577446	30.96838938442255	148090	8	[[[-2.32335674 -0.07308843  0.06044226]
  [ 1.09555172  0.63788059 -1.50006909]
  [-0.81975064 -0.52113838 -0.7035604 ]
  [-1.90484228 -1.19470239  0.24298428]
  [-0.39978343  0.43269031 -0.89580735]
  [-0.18108598  0.78181551  0.14626968]
  [ 0.79326623  0.31548408  0.18465736]
  [ 0.08197783 -0.17206543  1.30886639]
  [ 0.06175853 -0.50827248  0.1659402 ]
  [ 1.24706664 -1.35285183 -0.71376241]
  [-0.58652903 -1.08968937 -1.75234585]
  [ 0.51793629 -0.1874466  -0.69691924]
  [ 2.42281941 -1.73047981  0.24939843]
  [ 1.33383543 -2.30123835  0.42979032]
  [-1.27528901  0.30682041 -0.02499375]]]
Experiment	4	-21.404216283510294	30.918410716489703	49603	8	[[[ 0.00420467 -0.60665372 -0.60201845]
  [ 0.92696448 -0.13328114  1.30421513]
  [ 2.0877854   0.37430697  1.69652029]
  [ 0.60401932  1.14772097  0.16564152]
  [-0.68418262  0.75872987 -0.72039625]
  [ 1.23757822  1.43111349  1.80473585]
  [-0.10088807 -0.45526079  0.51477973]
  [ 1.55405366  1.08943757  0.74463136]
  [ 2.25577781  1.45715416  1.33601376]
  [ 0.33442543  0.8245059   1.46129922]
  [-0.44605329 -0.04260743  1.43254378]
  [ 0.97426408 -1.3217339   1.19830275]
  [ 0.38880752 -0.30345567  2.5       ]
  [-1.92412159  2.5         0.32555117]
  [-0.64438527  0.743306    0.63882735]]]
Experiment	5	-23.787916675619694	28.534710324380303	114303	6	[[[-1.83965427  0.04876998 -0.42689198]
  [-0.72737522 -0.32960285 -1.13789207]
  [-1.38312131  0.73482484 -1.29839433]
  [-1.52971658 -2.17372408 -1.29855312]
  [ 1.18305881 -2.1908787  -2.5       ]
  [ 0.04012354  0.49205593  1.51152628]
  [ 0.99476248  0.98620163  0.54594519]
  [-0.77939808 -0.04018284 -0.11980062]
  [ 0.75320049 -0.20901178 -0.03272521]
  [-1.35999541  0.93485981  0.07727445]
  [ 0.39412826  2.0211528   0.0785767 ]
  [-1.2848619   1.1477913   1.22326061]
  [-0.20860379  0.83076471  0.45204806]
  [-0.70543272  1.74511755 -0.23203105]
  [-1.17226149  0.07194305  0.83638482]]]
Experiment	6	-20.763865882884954	31.558761117115044	97053	7	[[[ 1.26293056  0.77261782 -0.03200868]
  [ 0.24299546 -0.76618075 -0.53650115]
  [ 1.9099408  -2.01135162  0.47387521]
  [-1.88118489 -2.23987737 -0.60864121]
  [ 0.55691551 -2.00118301  1.4885326 ]
  [ 0.46103628 -0.02676192  0.26606659]
  [ 0.59543642 -0.66240655 -2.03769521]
  [ 1.76798569  0.11057822 -0.8534301 ]
  [ 0.30056897  0.60740178 -2.5       ]
  [ 0.92709461 -2.35944246  0.03326485]
  [-0.21159494  1.27185878 -0.26757968]
  [-0.31552052  0.22759829 -0.66316329]
  [ 0.68445722 -1.23999966  0.31268953]
  [ 0.61856674  0.60792774 -1.10833325]
  [-0.46927575 -0.57316801 -1.51772601]]]
Experiment	7	-21.1114922693616	31.211134730638395	49381	7	[[[ 0.99439258  2.16552244 -0.79448856]
  [-0.56053972  0.80710647 -0.47731876]
  [ 0.07288531  0.96677781  0.51987434]
  [-1.49495898  1.38696957 -0.15529636]
  [ 0.5799377   1.14032622 -0.99731517]
  [-0.52983132 -0.46227153 -0.06225336]
  [-1.06683506  0.55911016  0.3782612 ]
  [ 0.51716869  0.36549944 -0.14889772]
  [ 1.15598183 -0.5862919  -1.49456246]
  [-0.16087366  2.5         2.5       ]
  [ 0.09811018 -0.50826822 -1.83846827]
  [ 0.12310197 -1.1421305   1.59278165]
  [-0.49687805 -1.8154681  -1.32373026]
  [ 0.2613539  -0.58204036 -0.78697675]
  [-1.48047618  0.27096799 -0.5556488 ]]]
Experiment	8	-24.29182173037401	28.030805269625986	44855	7	[[[ 0.9232708  -0.82664766  0.03477419]
  [ 0.03673413 -0.10256448 -0.6419506 ]
  [ 1.65556998 -0.02411861  0.6517794 ]
  [-1.72794758 -0.39766638 -0.78593336]
  [ 0.48519101  0.02850128  0.43238182]
  [ 0.05753596 -0.14804375 -1.75739822]
  [ 1.02109919  0.82837361 -0.3094762 ]
  [ 0.98943739  0.58257856 -1.99681763]
  [-0.03284044  0.99675355  0.31471478]
  [-0.39923275 -0.99872428 -0.37081385]
  [ 0.67781731 -0.47696727  1.40588668]
  [-0.44466415 -0.33965191  0.82535252]
  [ 1.99061265 -0.65126302 -0.71257179]
  [ 0.44168699  0.6816506   1.41967964]
  [ 0.55558327  1.73666111 -0.7923367 ]]]
