Experiment	1	-17.43102917286982	34.89159782713018	26730	8	[[[ 1.21885499 -0.16011056  0.80645792]
  [-1.19413095  1.27610923  0.61276849]
  [-0.13829365  1.17838778  1.94442592]
  [-1.46041979 -0.9924798   1.82425755]
  [-0.68347225 -1.00243947  0.12519981]
  [-0.61267363  0.114651   -0.12748825]
  [-0.34889089 -1.75192695 -0.40941546]
  [ 1.23582922  0.91987741  0.47022241]
  [ 0.51047975  0.30993391  0.14057415]
  [-0.50169293 -0.35290872  1.87529432]
  [-2.5         0.34722326  0.07692513]
  [ 0.32205852  0.31265743  1.28659256]
  [ 0.22320492  1.35005997  0.86955993]
  [ 0.69540564 -1.14742447  1.17802935]
  [-1.99739631  0.87389305 -1.80816041]]]
Experiment	2	-19.5318576338234	32.7907693661766	30200	8	[[[-0.90794639 -2.31630373 -2.39285692]
  [ 0.57438889  0.57538527 -2.11526524]
  [ 0.08437956  0.5522769  -1.18072124]
  [-0.25313382 -0.01577769 -2.5       ]
  [ 0.31226768 -1.96869837 -1.43629866]
  [-0.54498285 -0.85255872 -1.26964101]
  [ 0.28838471 -1.1754474  -0.63366486]
  [-0.91174884 -1.96699681 -0.78960737]
  [ 0.83049411 -0.4579521  -1.08340611]
  [ 0.54167031  0.53287193  0.78942533]
  [-0.71440484  0.83093563  2.3974764 ]
  [-0.6829986   0.2658469   0.75241956]
  [-0.33419818  1.4452083  -1.66591728]
  [-0.01086915 -0.18472702 -0.20769948]
  [ 1.50983615 -1.27744667 -0.73331009]]]
Experiment	3	-20.551225501279266	31.77140149872073	41326	8	[[[-1.45275754 -0.59947326  2.31232223]
  [-0.92112298 -0.09595437  1.45064958]
  [ 0.59086707 -0.59922235  0.80760743]
  [-2.5        -0.60169494  0.14478177]
  [-0.03326676  2.5         2.0096036 ]
  [-2.5         0.44141741  0.55762974]
  [-0.89751551 -2.2210878   2.5       ]
  [-1.79040059  0.47609183 -0.36192088]
  [-0.24975633 -0.6125937   2.5       ]
  [-0.32393526  0.15066942  0.6141496 ]
  [ 1.07014915 -0.26958906  2.5       ]
  [-0.31665059  0.79505927  1.53943456]
  [ 0.4947992   0.0659247   1.54584585]
  [ 1.33859723  0.93607836  2.07903783]
  [-1.30833007 -0.23129581  0.36517552]]]
Experiment	4	-19.44808402648567	32.87454297351432	35416	8	[[[-0.55920509  0.01988413 -2.20421481]
  [-0.02312288  0.40092763 -0.76026425]
  [-1.22714005  1.06355094 -0.62591283]
  [ 1.0860401   1.41968648 -1.47124964]
  [ 1.05794732 -0.02671922 -1.14916887]
  [-0.63301923  0.25974384  2.5       ]
  [-0.02018159  1.1598442  -1.62852331]
  [ 0.62790929  0.4452261   0.25834063]
  [ 1.62212042  0.20086384  0.94675077]
  [-0.1614464  -0.71326502 -0.35738578]
  [ 0.5368676   1.57619397 -0.5451147 ]
  [ 0.73084545 -0.44116465  2.3488285 ]
  [-0.40923696  1.09416667  0.09976741]
  [-1.50307777  2.30812707 -1.28284152]
  [ 0.24864439  2.37483447 -1.45141133]]]
Experiment	5	-17.150300768005067	35.17232623199493	126489	7	[[[-1.30813386 -0.45657297 -0.97468063]
  [ 1.35611098 -1.22814382 -1.49289431]
  [-1.18498336 -0.33892719  0.13141836]
  [ 0.85071432 -0.84344947  0.24645571]
  [ 0.1612931   1.21173866  0.47631275]
  [-1.34045532 -1.5358878   0.36304545]
  [ 0.3880582  -0.65689775 -0.95364648]
  [-0.21743541  0.06131187  0.16306319]
  [-1.3284875   0.69783426 -0.60273608]
  [-0.49913615 -1.08754692  0.65130836]
  [ 1.36575315 -0.06002518  0.97953186]
  [ 0.20510759  1.79390225  1.50993714]
  [ 1.30290543  0.1824939  -0.76730375]
  [-0.92051013  1.26646949  1.58233539]
  [-2.08234568 -2.2103143  -0.19545962]]]
Experiment	6	-18.923451631844653	33.39917536815534	9628	9	[[[-1.05295856  2.32970812  0.09458288]
  [-1.78760369  0.84002916 -2.32063975]
  [-0.20828699  0.03835793 -1.05275121]
  [-1.24354401  1.91956722 -1.10425172]
  [-1.05454346 -0.3199076  -1.78380145]
  [-0.17554962  2.0779277  -0.53989643]
  [-0.37457975  1.1970129  -0.97094212]
  [ 0.14829565 -0.40717036 -2.28479375]
  [ 0.97751433 -1.30905403  0.10103035]
  [-1.28721293  0.17895941  0.02412174]
  [-2.5         0.07750541 -1.35917284]
  [-1.25938268  0.5467062  -1.13534765]
  [ 0.29395682  0.83033704  0.66537036]
  [-0.29642411 -0.20040215  0.13231382]
  [-1.28263955 -1.52746889  0.03266986]]]
Experiment	7	-18.462525785489028	33.86010121451097	79719	7	[[[-0.4067205   0.29893923  0.72068362]
  [-0.09673308  0.96094469 -0.99558286]
  [ 0.51949874  0.25418104 -0.00947636]
  [-0.4583632  -0.41572509 -0.58416891]
  [ 0.88212721 -1.59483287 -0.73457106]
  [ 1.68572816  1.93617264  0.6293983 ]
  [-1.00060283  0.48415162 -0.1974612 ]
  [ 1.70445045  0.93772797 -0.15552683]
  [ 1.38451123  0.04173871 -0.72482394]
  [-1.82934259  1.74328848 -0.83911322]
  [-0.82492641  2.24183573 -0.63878093]
  [ 1.32395005  1.84047701 -0.58331078]
  [ 2.03184639 -2.12270012 -1.76042578]
  [ 0.09355928  1.90606484 -1.24812587]
  [ 0.81533551  0.51327737 -1.50225124]]]
