Experiment	1	-18.311300373553248	34.011326626446746	60182	7	[[[ 1.40138288 -2.5         1.08422568]
  [-0.51405446  0.17679152  1.82530042]
  [-1.22187071  1.94011364  0.97205067]
  [-1.38397852  0.06299877  1.10732566]
  [-0.3012937  -0.64552336  2.5       ]
  [ 0.41988358 -0.62333225  1.04279074]
  [-1.52951416 -0.68286016  0.28115948]
  [-0.10362027 -2.5         1.34952487]
  [-0.6609541  -1.69272066  0.59481457]
  [-1.05375845 -1.60912813  1.74315815]
  [-0.53727346 -0.87551827  1.18469556]
  [ 1.02851359  1.79819004  2.46968338]
  [-1.54843788 -2.5         1.36546297]
  [-1.03355374  0.41220177 -0.01196183]
  [-2.5        -0.20790817  0.51381144]]]
Experiment	2	-18.868921851035402	33.453705148964595	110657	6	[[[ 1.48914197  2.19704766  1.15917139]
  [-0.17128804  1.68543675  0.44890894]
  [ 2.15387452  1.79143756  0.11410756]
  [ 0.96655322  0.35374844 -1.44485078]
  [ 2.5         2.36949353  0.99049875]
  [-0.82982202  0.75224559  1.41485439]
  [ 0.51682162  0.85854992  0.95883897]
  [ 0.26074424  2.24386248  1.36790615]
  [ 1.88048716  1.10956558 -0.86319577]
  [-0.69515747 -0.23313915 -0.71436608]
  [ 1.48802662  1.12275384  0.64707894]
  [ 0.06204344  1.16372724  1.82874618]
  [ 1.36481114 -1.25857819  0.25391181]
  [ 1.45503535  0.23203445 -2.5       ]
  [ 1.25683708  1.15109225  1.62038598]]]
Experiment	3	-18.34582387488727	33.976803125112724	53229	8	[[[ 0.52358782  2.5        -0.38042472]
  [ 0.30837464 -1.0913794   0.08243576]
  [-1.31531431  1.4984943   1.32066493]
  [ 1.51872129 -0.31435147 -1.17725642]
  [ 0.94253141  1.09875353 -0.63036703]
  [-1.22893333  1.99131405  2.5       ]
  [ 0.25761971 -0.10891174  0.4245766 ]
  [ 0.14578423 -1.87465218  1.02357228]
  [ 0.46917805  0.16114924 -1.02127341]
  [ 1.4066741  -0.08566753  0.32199176]
  [-1.29584122 -1.31927508 -1.56441101]
  [ 1.61963596 -1.35595016  0.25183106]
  [-0.32030314  0.78493714 -0.15356562]
  [-0.07605048  1.384656   -1.06059329]
  [ 0.49601576  1.00598905  0.42649566]]]
Experiment	4	-19.381117402534233	32.94150959746577	9579	9	[[[-0.31798797  1.30685265  2.5       ]
  [-0.36123087 -0.27371535  1.69644437]
  [-1.25056341  1.93677904 -1.11018349]
  [-0.89203349 -0.64017656  2.5       ]
  [ 0.5027965  -0.46156063 -0.77619318]
  [ 1.54504537 -2.5        -0.1930063 ]
  [-0.31483357  0.7006372   1.52171813]
  [-1.33728338  1.19709052  0.31809763]
  [-2.33168811  1.37582208  0.80250029]
  [-0.88612249  1.6679692   1.24278155]
  [-0.78757801  0.2049295   0.76143229]
  [-1.42904143  2.14608246 -0.02688956]
  [-0.32400768  2.46654444  2.1697685 ]
  [ 0.15376444  0.33409766  2.5       ]
  [-1.35124227  0.61236999  2.24113964]]]
Experiment	5	-18.003139156645975	34.319487843354025	89528	8	[[[ 1.18033429 -0.80112536 -0.28943531]
  [-1.15630611 -0.03252516 -0.21540263]
  [ 0.50201823 -2.15632253 -0.05441695]
  [ 0.1221565  -0.8686406  -0.38183463]
  [-0.72632471  1.17496938  1.48353216]
  [ 1.35134332 -1.99593368 -0.64237795]
  [ 0.9407534  -1.53088819  0.77448326]
  [-1.05868383  0.37892653  1.00050505]
  [ 2.1854406  -1.44238056  0.38559441]
  [-0.15477211 -0.98137291  0.87815407]
  [ 0.28263901  0.11769795 -0.53693351]
  [ 2.28553792 -2.5         0.86512673]
  [ 0.05444363 -1.95164362 -1.04099059]
  [ 2.5        -0.90395919 -0.4260109 ]
  [-1.98056429 -0.80664824 -0.61527477]]]
Experiment	6	-17.94176891126675	34.38085808873325	66431	7	[[[-2.30530542  0.62507219  1.62182561]
  [ 1.2775241  -0.11363492  0.86264562]
  [ 2.2577819   0.72832315 -1.55729007]
  [ 0.61843883  0.68437128  1.01253729]
  [-1.08894508  2.21715094 -0.1026853 ]
  [-0.49653937  0.61329178  0.50711184]
  [ 0.74314172  0.73326402 -0.20142203]
  [ 1.52720877  0.76628027  1.7120008 ]
  [ 1.13968441  2.5         1.31597202]
  [ 1.93807057  2.33597428  2.16675406]
  [ 1.59809705  1.03858911 -0.74530751]
  [ 1.40917338 -0.6168974  -0.12660618]
  [ 1.5221172   1.21717637  0.60499065]
  [ 2.5         1.8569669   0.98269375]
  [-1.34615345  0.07323959  1.59814941]]]
Experiment	7	-19.042384893616887	33.28024210638311	62795	8	[[[-2.5        -1.17656943 -0.32468551]
  [-2.00876772 -0.15613967 -1.42169754]
  [ 1.04498025 -2.3807228  -0.97404759]
  [-1.07697118 -0.99372081 -1.41046532]
  [-0.4377944  -0.09234866  0.26923361]
  [-0.0953044  -2.23626327  0.00899923]
  [-1.50920761 -0.64709187 -0.38660742]
  [ 0.2845292  -0.85524395 -1.91836275]
  [ 2.11162542 -2.5        -1.20644016]
  [-0.76786644 -1.12644796  0.16350879]
  [-0.11007645 -0.67162591 -0.94354955]
  [-2.5        -0.30009521  1.58001762]
  [-0.24622273 -1.85366104 -1.56589517]
  [ 1.21982723 -0.99230098 -1.27174264]
  [-1.52610139 -2.5        -0.45052268]]]
