Experiment	1	-20.661871931921205	31.660755068078792	32086	7	[[[ 1.20209494e+00 -8.97465671e-01 -3.34930442e-01]
  [-6.57247126e-01 -1.90919017e+00  7.29304029e-01]
  [ 9.99064258e-01  1.00347987e+00 -1.12426260e-01]
  [-1.02723879e+00 -1.00926731e+00  2.57455545e-01]
  [ 2.09882621e-02  3.58519935e-01  2.32683204e-02]
  [-5.77710568e-01 -2.82143711e-01 -6.22721354e-01]
  [-7.37805695e-03 -4.46165748e-01  1.18792214e+00]
  [-1.59292381e+00 -2.12563716e+00 -2.37286802e+00]
  [-6.52311952e-01  1.09073294e+00 -4.33175365e-01]
  [ 5.07529575e-01  8.43681307e-01  7.78225409e-01]
  [-1.08776022e+00 -2.37512249e-01  1.01818696e+00]
  [ 7.44334135e-01  1.09162668e+00  2.18856536e+00]
  [ 1.06432919e+00  5.22394793e-04  2.46089702e-01]
  [ 2.78127825e-01  6.17490575e-01 -1.00846179e+00]
  [-2.12336130e+00 -1.32061565e+00  1.47587763e+00]]]
Experiment	2	-21.620402601614348	30.70222439838565	101224	5	[[[ 1.26156297e+00  2.14824784e+00 -3.96317125e-01]
  [ 7.33482364e-01 -2.47834285e+00  9.37084904e-01]
  [ 8.22180131e-02  1.86417612e+00 -4.14607978e-01]
  [ 8.80897781e-01  9.98058076e-01 -3.36861137e-01]
  [ 5.13018167e-01  1.82163567e+00  1.22705339e+00]
  [ 1.68025882e+00 -8.26688702e-01  5.70642334e-01]
  [ 4.69348689e-01  5.08142804e-01 -1.64554371e+00]
  [-2.20796007e-01  6.55643718e-01 -8.29700201e-01]
  [-5.53975744e-01  1.55875756e+00  1.39807026e+00]
  [ 6.76551677e-01  1.41480377e+00 -1.29128424e+00]
  [ 4.20192297e-02  1.41064114e+00 -2.14954187e+00]
  [ 1.24848613e+00  9.39064927e-01  7.77394013e-01]
  [-1.33835964e-01 -2.99869965e-01 -1.22449257e+00]
  [ 1.37533344e+00 -2.28653504e-03 -1.09299797e+00]
  [ 1.97631490e-01  4.30035257e-01  8.67023669e-01]]]
Experiment	3	-20.848701757499704	31.473925242500293	47990	8	[[[-0.02781111  0.5633323  -1.10965798]
  [ 0.33205349  0.38727121  0.05465065]
  [ 1.06784217  1.71592458 -0.2003018 ]
  [-0.85648952  0.67724469 -0.32047701]
  [ 0.11374972 -0.79738381 -0.17385776]
  [-1.78828856  0.32407118  0.53134133]
  [ 0.25593213  2.5         0.35128336]
  [ 0.91941752  2.29702194  1.22868126]
  [ 1.31428988 -0.30444407  0.67234993]
  [ 0.83962083 -1.07767679  1.38287817]
  [-0.00863378  1.46467806  0.0049608 ]
  [ 0.98193117  0.87492173 -1.48916658]
  [-1.2140867  -1.52103138 -1.27713158]
  [ 1.21503165  0.39274038 -0.60235572]
  [-0.21554531  2.5         1.30198773]]]
Experiment	4	-20.661871931921205	31.660876068078792	32100	7	[[[ 1.20209494e+00 -8.97465671e-01 -3.34930442e-01]
  [-6.57247126e-01 -1.90919017e+00  7.29304029e-01]
  [ 9.99064258e-01  1.00347987e+00 -1.12426260e-01]
  [-1.02723879e+00 -1.00926731e+00  2.57455545e-01]
  [ 2.09882621e-02  3.58519935e-01  2.32683204e-02]
  [-5.77710568e-01 -2.82143711e-01 -6.22721354e-01]
  [-7.37805695e-03 -4.46165748e-01  1.18792214e+00]
  [-1.59292381e+00 -2.12563716e+00 -2.37286802e+00]
  [-6.52311952e-01  1.09073294e+00 -4.33175365e-01]
  [ 5.07529575e-01  8.43681307e-01  7.78225409e-01]
  [-1.08776022e+00 -2.37512249e-01  1.01818696e+00]
  [ 7.44334135e-01  1.09162668e+00  2.18856536e+00]
  [ 1.06432919e+00  5.22394793e-04  2.46089702e-01]
  [ 2.78127825e-01  6.17490575e-01 -1.00846179e+00]
  [-2.12336130e+00 -1.32061565e+00  1.47587763e+00]]]
Experiment	5	-21.620402601614348	30.70250439838565	101240	5	[[[ 1.26156297e+00  2.14824784e+00 -3.96317125e-01]
  [ 7.33482364e-01 -2.47834285e+00  9.37084904e-01]
  [ 8.22180131e-02  1.86417612e+00 -4.14607978e-01]
  [ 8.80897781e-01  9.98058076e-01 -3.36861137e-01]
  [ 5.13018167e-01  1.82163567e+00  1.22705339e+00]
  [ 1.68025882e+00 -8.26688702e-01  5.70642334e-01]
  [ 4.69348689e-01  5.08142804e-01 -1.64554371e+00]
  [-2.20796007e-01  6.55643718e-01 -8.29700201e-01]
  [-5.53975744e-01  1.55875756e+00  1.39807026e+00]
  [ 6.76551677e-01  1.41480377e+00 -1.29128424e+00]
  [ 4.20192297e-02  1.41064114e+00 -2.14954187e+00]
  [ 1.24848613e+00  9.39064927e-01  7.77394013e-01]
  [-1.33835964e-01 -2.99869965e-01 -1.22449257e+00]
  [ 1.37533344e+00 -2.28653504e-03 -1.09299797e+00]
  [ 1.97631490e-01  4.30035257e-01  8.67023669e-01]]]
Experiment	6	-20.848701757499704	31.473925542500293	47960	8	[[[-0.02781111  0.5633323  -1.10965798]
  [ 0.33205349  0.38727121  0.05465065]
  [ 1.06784217  1.71592458 -0.2003018 ]
  [-0.85648952  0.67724469 -0.32047701]
  [ 0.11374972 -0.79738381 -0.17385776]
  [-1.78828856  0.32407118  0.53134133]
  [ 0.25593213  2.5         0.35128336]
  [ 0.91941752  2.29702194  1.22868126]
  [ 1.31428988 -0.30444407  0.67234993]
  [ 0.83962083 -1.07767679  1.38287817]
  [-0.00863378  1.46467806  0.0049608 ]
  [ 0.98193117  0.87492173 -1.48916658]
  [-1.2140867  -1.52103138 -1.27713158]
  [ 1.21503165  0.39274038 -0.60235572]
  [-0.21554531  2.5         1.30198773]]]
