Experiment	1	-18.68996401240924	33.632662987590756	128199	6	[[[ 6.36595920e-01  1.48655715e+00  1.59897595e+00]
  [ 1.16540224e+00  1.25571756e+00  2.50000000e+00]
  [ 2.50000000e+00 -2.47539901e-03  1.95090457e+00]
  [ 1.53101257e+00  8.41993972e-01 -9.63446395e-01]
  [ 1.20655052e+00  2.12155068e+00 -9.44090222e-01]
  [ 1.39806969e+00  1.73086975e+00  1.28134978e-01]
  [ 2.24198284e+00  4.95951337e-02 -3.33239470e-01]
  [-4.13991814e-01  9.86895313e-01  1.39971844e-02]
  [ 2.50000000e+00  2.10370547e+00 -1.44235070e+00]
  [-6.50779810e-01  1.37318959e+00 -1.36724870e+00]
  [ 2.89917661e-01  2.02194969e+00 -2.69519035e-01]
  [ 5.86195925e-01  1.01051306e+00 -2.04689914e-01]
  [ 2.50000000e+00  1.37170714e+00 -2.87231222e-01]
  [ 1.05440654e+00  9.88495472e-02  1.37461674e+00]
  [ 2.50000000e+00  9.29426685e-01 -1.73918579e+00]]]
Experiment	2	-19.90259021770248	32.420036782297515	40084	7	[[[ 0.76148515 -0.59541882 -0.54313034]
  [ 0.08196965  0.27192395  0.03731521]
  [-0.14298848 -0.26055725  1.6913926 ]
  [-2.22654055  2.435128   -0.92519014]
  [ 0.81214889 -0.50021918  0.82820859]
  [ 1.28369171  0.57900699 -0.44093126]
  [-0.04737494  1.23568777  2.5       ]
  [-1.47802231  0.26042793  1.53727678]
  [-0.48576617  0.28371326  2.5       ]
  [-0.38882618  0.56223727 -0.87545354]
  [ 0.46999116  0.49443908  1.07302342]
  [-0.93389773 -0.17202337  0.05967324]
  [ 0.12792394 -1.66924379  1.17315399]
  [-0.29212214 -0.96550802  0.29372572]
  [ 0.82512619  1.64637468  1.07546731]]]
Experiment	3	-17.112908179048148	35.20971882095185	39148	8	[[[-2.5        -0.72595836 -1.20334715]
  [-1.74301504  1.49896465  0.31895524]
  [ 1.40478896  1.82844169  1.47284441]
  [-1.62911012  1.62652147  1.51953382]
  [-2.30418882  0.16362335  1.22936141]
  [-1.13423646 -0.37844029  1.40517746]
  [-1.96538793  0.35228764  2.5       ]
  [-0.62033534 -0.4878976  -0.7956127 ]
  [-0.63399028  1.82650109  2.44807212]
  [ 0.23910022  0.88706568  0.90803721]
  [-0.8882383   0.94171651 -0.35215184]
  [-1.32127811  0.46012189  0.6176279 ]
  [ 0.18083647  2.06631909  1.79741538]
  [ 1.95352509  0.89959527 -1.87651982]
  [-1.00415796  0.80080267  1.70453549]]]
Experiment	4	-18.68996401240924	33.512662987590756	128299	6	[[[ 6.36595920e-01  1.48655715e+00  1.59897595e+00]
  [ 1.16540224e+00  1.25571756e+00  2.50000000e+00]
  [ 2.50000000e+00 -2.47539901e-03  1.95090457e+00]
  [ 1.53101257e+00  8.41993972e-01 -9.63446395e-01]
  [ 1.20655052e+00  2.12155068e+00 -9.44090222e-01]
  [ 1.39806969e+00  1.73086975e+00  1.28134978e-01]
  [ 2.24198284e+00  4.95951337e-02 -3.33239470e-01]
  [-4.13991814e-01  9.86895313e-01  1.39971844e-02]
  [ 2.50000000e+00  2.10370547e+00 -1.44235070e+00]
  [-6.50779810e-01  1.37318959e+00 -1.36724870e+00]
  [ 2.89917661e-01  2.02194969e+00 -2.69519035e-01]
  [ 5.86195925e-01  1.01051306e+00 -2.04689914e-01]
  [ 2.50000000e+00  1.37170714e+00 -2.87231222e-01]
  [ 1.05440654e+00  9.88495472e-02  1.37461674e+00]
  [ 2.50000000e+00  9.29426685e-01 -1.73918579e+00]]]
Experiment	5	-19.90259021770248	32.420037522297515	40284	7	[[[ 0.76148515 -0.59541882 -0.54313034]
  [ 0.08196965  0.27192395  0.03731521]
  [-0.14298848 -0.26055725  1.6913926 ]
  [-2.22654055  2.435128   -0.92519014]
  [ 0.81214889 -0.50021918  0.82820859]
  [ 1.28369171  0.57900699 -0.44093126]
  [-0.04737494  1.23568777  2.5       ]
  [-1.47802231  0.26042793  1.53727678]
  [-0.48576617  0.28371326  2.5       ]
  [-0.38882618  0.56223727 -0.87545354]
  [ 0.46999116  0.49443908  1.07302342]
  [-0.93389773 -0.17202337  0.05967324]
  [ 0.12792394 -1.66924379  1.17315399]
  [-0.29212214 -0.96550802  0.29372572]
  [ 0.82512619  1.64637468  1.07546731]]]
Experiment	6	-17.112908179048148	35.20971883405185	39200	8	[[[-2.5        -0.72595836 -1.20334715]
  [-1.74301504  1.49896465  0.31895524]
  [ 1.40478896  1.82844169  1.47284441]
  [-1.62911012  1.62652147  1.51953382]
  [-2.30418882  0.16362335  1.22936141]
  [-1.13423646 -0.37844029  1.40517746]
  [-1.96538793  0.35228764  2.5       ]
  [-0.62033534 -0.4878976  -0.7956127 ]
  [-0.63399028  1.82650109  2.44807212]
  [ 0.23910022  0.88706568  0.90803721]
  [-0.8882383   0.94171651 -0.35215184]
  [-1.32127811  0.46012189  0.6176279 ]
  [ 0.18083647  2.06631909  1.79741538]
  [ 1.95352509  0.89959527 -1.87651982]
  [-1.00415796  0.80080267  1.70453549]]]
