Experiment	1	-17.3387358841168	34.983891115883196	85686	7	[[[ 2.5        -2.20525669  1.47218771]
  [-0.11195412 -0.70559274  0.37125891]
  [ 0.5884188   0.71079834  0.1569696 ]
  [ 0.11712841 -2.5        -2.5       ]
  [ 1.50881695 -1.5176498  -1.1866156 ]
  [-0.45174939  0.46147899  0.32863506]
  [-0.04302666  1.84367135  0.90880989]
  [-0.06949079  1.00643886 -0.7196431 ]
  [-0.03662189 -2.17709627 -1.34938334]
  [ 0.04887505 -0.32143159 -0.69062691]
  [ 0.94366421  1.93601436 -0.39292889]
  [ 1.51229882 -0.24719355 -0.0307648 ]
  [ 1.99854359 -1.03422836  0.63012872]
  [ 0.37539679 -1.38919152 -0.88101956]
  [ 0.92951892  0.40728013 -0.69323318]]]
Experiment	2	-17.878386206028765	34.44424079397123	60790	7	[[[ 0.97894533  2.5        -1.12991363]
  [-0.07626894  0.5327209   2.25983202]
  [ 2.22342473 -2.22713365  1.90819765]
  [ 1.36747699  2.5        -0.03618941]
  [ 0.28642064  0.05964075 -0.01658429]
  [-0.62312163  0.65246532  1.05390883]
  [ 0.87518961  0.89265551  0.23030303]
  [ 0.1746841   1.58701707 -0.21963327]
  [-1.77119458 -0.54500679  1.31632709]
  [ 1.34436253  1.57293047 -0.57007643]
  [ 1.35674813 -0.07797724 -0.03449104]
  [ 0.37865774 -0.21565034  1.20862666]
  [ 0.39361375  0.83402474  1.15436919]
  [-0.87778881 -0.26163789 -1.02595729]
  [-1.9546767  -2.45853206 -0.64858799]]]
Experiment	3	-19.85932560678123	32.46330139321877	25604	8	[[[ 1.59938932 -0.4835721   2.15500208]
  [ 0.01348975  1.43226416  1.02225278]
  [ 0.26888787 -1.10704302  0.9181044 ]
  [ 1.46634801  0.03053886  0.10659021]
  [ 1.58227165 -1.08190847  0.51483037]
  [ 0.76274057  0.82058418  1.80847602]
  [ 0.74452287  0.02915172 -0.70168607]
  [ 2.5        -1.17822539  2.36470488]
  [-1.48244763  0.97099256  0.90202572]
  [-0.47454392  0.67396081  2.1802204 ]
  [ 0.82381348 -0.01272878  1.22913384]
  [ 0.28492799  2.5         1.46718511]
  [-0.79464183  0.11490643  1.2522397 ]
  [ 0.4307462   0.0077503   0.28002887]
  [-0.86420741  1.96141459  1.65226779]]]
Experiment	4	-17.3387358841168	35.983891115883196	86086	7	[[[ 2.5        -2.20525669  1.47218771]
  [-0.11195412 -0.70559274  0.37125891]
  [ 0.5884188   0.71079834  0.1569696 ]
  [ 0.11712841 -2.5        -2.5       ]
  [ 1.50881695 -1.5176498  -1.1866156 ]
  [-0.45174939  0.46147899  0.32863506]
  [-0.04302666  1.84367135  0.90880989]
  [-0.06949079  1.00643886 -0.7196431 ]
  [-0.03662189 -2.17709627 -1.34938334]
  [ 0.04887505 -0.32143159 -0.69062691]
  [ 0.94366421  1.93601436 -0.39292889]
  [ 1.51229882 -0.24719355 -0.0307648 ]
  [ 1.99854359 -1.03422836  0.63012872]
  [ 0.37539679 -1.38919152 -0.88101956]
  [ 0.92951892  0.40728013 -0.69323318]]]
Experiment	5	-17.878386206028765	33.44424079397123	61090	7	[[[ 0.97894533  2.5        -1.12991363]
  [-0.07626894  0.5327209   2.25983202]
  [ 2.22342473 -2.22713365  1.90819765]
  [ 1.36747699  2.5        -0.03618941]
  [ 0.28642064  0.05964075 -0.01658429]
  [-0.62312163  0.65246532  1.05390883]
  [ 0.87518961  0.89265551  0.23030303]
  [ 0.1746841   1.58701707 -0.21963327]
  [-1.77119458 -0.54500679  1.31632709]
  [ 1.34436253  1.57293047 -0.57007643]
  [ 1.35674813 -0.07797724 -0.03449104]
  [ 0.37865774 -0.21565034  1.20862666]
  [ 0.39361375  0.83402474  1.15436919]
  [-0.87778881 -0.26163789 -1.02595729]
  [-1.9546767  -2.45853206 -0.64858799]]]
Experiment	6	-19.85932560678123	32.50330139321877	25704	8	[[[ 1.59938932 -0.4835721   2.15500208]
  [ 0.01348975  1.43226416  1.02225278]
  [ 0.26888787 -1.10704302  0.9181044 ]
  [ 1.46634801  0.03053886  0.10659021]
  [ 1.58227165 -1.08190847  0.51483037]
  [ 0.76274057  0.82058418  1.80847602]
  [ 0.74452287  0.02915172 -0.70168607]
  [ 2.5        -1.17822539  2.36470488]
  [-1.48244763  0.97099256  0.90202572]
  [-0.47454392  0.67396081  2.1802204 ]
  [ 0.82381348 -0.01272878  1.22913384]
  [ 0.28492799  2.5         1.46718511]
  [-0.79464183  0.11490643  1.2522397 ]
  [ 0.4307462   0.0077503   0.28002887]
  [-0.86420741  1.96141459  1.65226779]]]
Experiment	7	-17.3387358841168	34.983892225883196	85786	7	[[[ 2.5        -2.20525669  1.47218771]
  [-0.11195412 -0.70559274  0.37125891]
  [ 0.5884188   0.71079834  0.1569696 ]
  [ 0.11712841 -2.5        -2.5       ]
  [ 1.50881695 -1.5176498  -1.1866156 ]
  [-0.45174939  0.46147899  0.32863506]
  [-0.04302666  1.84367135  0.90880989]
  [-0.06949079  1.00643886 -0.7196431 ]
  [-0.03662189 -2.17709627 -1.34938334]
  [ 0.04887505 -0.32143159 -0.69062691]
  [ 0.94366421  1.93601436 -0.39292889]
  [ 1.51229882 -0.24719355 -0.0307648 ]
  [ 1.99854359 -1.03422836  0.63012872]
  [ 0.37539679 -1.38919152 -0.88101956]
  [ 0.92951892  0.40728013 -0.69323318]]]
Experiment	8	-17.3387358841168	34.983901115883196	85690	7	[[[ 2.5        -2.20525669  1.47218771]
  [-0.11195412 -0.70559274  0.37125891]
  [ 0.5884188   0.71079834  0.1569696 ]
  [ 0.11712841 -2.5        -2.5       ]
  [ 1.50881695 -1.5176498  -1.1866156 ]
  [-0.45174939  0.46147899  0.32863506]
  [-0.04302666  1.84367135  0.90880989]
  [-0.06949079  1.00643886 -0.7196431 ]
  [-0.03662189 -2.17709627 -1.34938334]
  [ 0.04887505 -0.32143159 -0.69062691]
  [ 0.94366421  1.93601436 -0.39292889]
  [ 1.51229882 -0.24719355 -0.0307648 ]
  [ 1.99854359 -1.03422836  0.63012872]
  [ 0.37539679 -1.38919152 -0.88101956]
  [ 0.92951892  0.40728013 -0.69323318]]]
Experiment	9	-17.878386206028765	33.44424079397123	60890	7	[[[ 0.97894533  2.5        -1.12991363]
  [-0.07626894  0.5327209   2.25983202]
  [ 2.22342473 -2.22713365  1.90819765]
  [ 1.36747699  2.5        -0.03618941]
  [ 0.28642064  0.05964075 -0.01658429]
  [-0.62312163  0.65246532  1.05390883]
  [ 0.87518961  0.89265551  0.23030303]
  [ 0.1746841   1.58701707 -0.21963327]
  [-1.77119458 -0.54500679  1.31632709]
  [ 1.34436253  1.57293047 -0.57007643]
  [ 1.35674813 -0.07797724 -0.03449104]
  [ 0.37865774 -0.21565034  1.20862666]
  [ 0.39361375  0.83402474  1.15436919]
  [-0.87778881 -0.26163789 -1.02595729]
  [-1.9546767  -2.45853206 -0.64858799]]]
Experiment	10	-19.85932560678123	33.46330139321877	25704	8	[[[ 1.59938932 -0.4835721   2.15500208]
  [ 0.01348975  1.43226416  1.02225278]
  [ 0.26888787 -1.10704302  0.9181044 ]
  [ 1.46634801  0.03053886  0.10659021]
  [ 1.58227165 -1.08190847  0.51483037]
  [ 0.76274057  0.82058418  1.80847602]
  [ 0.74452287  0.02915172 -0.70168607]
  [ 2.5        -1.17822539  2.36470488]
  [-1.48244763  0.97099256  0.90202572]
  [-0.47454392  0.67396081  2.1802204 ]
  [ 0.82381348 -0.01272878  1.22913384]
  [ 0.28492799  2.5         1.46718511]
  [-0.79464183  0.11490643  1.2522397 ]
  [ 0.4307462   0.0077503   0.28002887]
  [-0.86420741  1.96141459  1.65226779]]]
Experiment	11	-17.3387358841168	34.983891115883196	86066	7	[[[ 2.5        -2.20525669  1.47218771]
  [-0.11195412 -0.70559274  0.37125891]
  [ 0.5884188   0.71079834  0.1569696 ]
  [ 0.11712841 -2.5        -2.5       ]
  [ 1.50881695 -1.5176498  -1.1866156 ]
  [-0.45174939  0.46147899  0.32863506]
  [-0.04302666  1.84367135  0.90880989]
  [-0.06949079  1.00643886 -0.7196431 ]
  [-0.03662189 -2.17709627 -1.34938334]
  [ 0.04887505 -0.32143159 -0.69062691]
  [ 0.94366421  1.93601436 -0.39292889]
  [ 1.51229882 -0.24719355 -0.0307648 ]
  [ 1.99854359 -1.03422836  0.63012872]
  [ 0.37539679 -1.38919152 -0.88101956]
  [ 0.92951892  0.40728013 -0.69323318]]]
Experiment	12	-17.878386206028765	34.44424079397123	62090	7	[[[ 0.97894533  2.5        -1.12991363]
  [-0.07626894  0.5327209   2.25983202]
  [ 2.22342473 -2.22713365  1.90819765]
  [ 1.36747699  2.5        -0.03618941]
  [ 0.28642064  0.05964075 -0.01658429]
  [-0.62312163  0.65246532  1.05390883]
  [ 0.87518961  0.89265551  0.23030303]
  [ 0.1746841   1.58701707 -0.21963327]
  [-1.77119458 -0.54500679  1.31632709]
  [ 1.34436253  1.57293047 -0.57007643]
  [ 1.35674813 -0.07797724 -0.03449104]
  [ 0.37865774 -0.21565034  1.20862666]
  [ 0.39361375  0.83402474  1.15436919]
  [-0.87778881 -0.26163789 -1.02595729]
  [-1.9546767  -2.45853206 -0.64858799]]]
Experiment	13	-19.85932560678123	32.60330139321877	24704	8	[[[ 1.59938932 -0.4835721   2.15500208]
  [ 0.01348975  1.43226416  1.02225278]
  [ 0.26888787 -1.10704302  0.9181044 ]
  [ 1.46634801  0.03053886  0.10659021]
  [ 1.58227165 -1.08190847  0.51483037]
  [ 0.76274057  0.82058418  1.80847602]
  [ 0.74452287  0.02915172 -0.70168607]
  [ 2.5        -1.17822539  2.36470488]
  [-1.48244763  0.97099256  0.90202572]
  [-0.47454392  0.67396081  2.1802204 ]
  [ 0.82381348 -0.01272878  1.22913384]
  [ 0.28492799  2.5         1.46718511]
  [-0.79464183  0.11490643  1.2522397 ]
  [ 0.4307462   0.0077503   0.28002887]
  [-0.86420741  1.96141459  1.65226779]]]
Experiment	14	-17.3387358841168	34.980891115883196	85586	7	[[[ 2.5        -2.20525669  1.47218771]
  [-0.11195412 -0.70559274  0.37125891]
  [ 0.5884188   0.71079834  0.1569696 ]
  [ 0.11712841 -2.5        -2.5       ]
  [ 1.50881695 -1.5176498  -1.1866156 ]
  [-0.45174939  0.46147899  0.32863506]
  [-0.04302666  1.84367135  0.90880989]
  [-0.06949079  1.00643886 -0.7196431 ]
  [-0.03662189 -2.17709627 -1.34938334]
  [ 0.04887505 -0.32143159 -0.69062691]
  [ 0.94366421  1.93601436 -0.39292889]
  [ 1.51229882 -0.24719355 -0.0307648 ]
  [ 1.99854359 -1.03422836  0.63012872]
  [ 0.37539679 -1.38919152 -0.88101956]
  [ 0.92951892  0.40728013 -0.69323318]]]
Experiment	15	-17.878386206028765	34.44624079397123	60792	7	[[[ 0.97894533  2.5        -1.12991363]
  [-0.07626894  0.5327209   2.25983202]
  [ 2.22342473 -2.22713365  1.90819765]
  [ 1.36747699  2.5        -0.03618941]
  [ 0.28642064  0.05964075 -0.01658429]
  [-0.62312163  0.65246532  1.05390883]
  [ 0.87518961  0.89265551  0.23030303]
  [ 0.1746841   1.58701707 -0.21963327]
  [-1.77119458 -0.54500679  1.31632709]
  [ 1.34436253  1.57293047 -0.57007643]
  [ 1.35674813 -0.07797724 -0.03449104]
  [ 0.37865774 -0.21565034  1.20862666]
  [ 0.39361375  0.83402474  1.15436919]
  [-0.87778881 -0.26163789 -1.02595729]
  [-1.9546767  -2.45853206 -0.64858799]]]
Experiment	16	-19.85932560678123	35.46330139321877	24604	8	[[[ 1.59938932 -0.4835721   2.15500208]
  [ 0.01348975  1.43226416  1.02225278]
  [ 0.26888787 -1.10704302  0.9181044 ]
  [ 1.46634801  0.03053886  0.10659021]
  [ 1.58227165 -1.08190847  0.51483037]
  [ 0.76274057  0.82058418  1.80847602]
  [ 0.74452287  0.02915172 -0.70168607]
  [ 2.5        -1.17822539  2.36470488]
  [-1.48244763  0.97099256  0.90202572]
  [-0.47454392  0.67396081  2.1802204 ]
  [ 0.82381348 -0.01272878  1.22913384]
  [ 0.28492799  2.5         1.46718511]
  [-0.79464183  0.11490643  1.2522397 ]
  [ 0.4307462   0.0077503   0.28002887]
  [-0.86420741  1.96141459  1.65226779]]]
Experiment	17	-17.3387358841168	32.983891115883196	87086	7	[[[ 2.5        -2.20525669  1.47218771]
  [-0.11195412 -0.70559274  0.37125891]
  [ 0.5884188   0.71079834  0.1569696 ]
  [ 0.11712841 -2.5        -2.5       ]
  [ 1.50881695 -1.5176498  -1.1866156 ]
  [-0.45174939  0.46147899  0.32863506]
  [-0.04302666  1.84367135  0.90880989]
  [-0.06949079  1.00643886 -0.7196431 ]
  [-0.03662189 -2.17709627 -1.34938334]
  [ 0.04887505 -0.32143159 -0.69062691]
  [ 0.94366421  1.93601436 -0.39292889]
  [ 1.51229882 -0.24719355 -0.0307648 ]
  [ 1.99854359 -1.03422836  0.63012872]
  [ 0.37539679 -1.38919152 -0.88101956]
  [ 0.92951892  0.40728013 -0.69323318]]]
Experiment	18	-17.878386206028765	32.44424079397123	61000	7	[[[ 0.97894533  2.5        -1.12991363]
  [-0.07626894  0.5327209   2.25983202]
  [ 2.22342473 -2.22713365  1.90819765]
  [ 1.36747699  2.5        -0.03618941]
  [ 0.28642064  0.05964075 -0.01658429]
  [-0.62312163  0.65246532  1.05390883]
  [ 0.87518961  0.89265551  0.23030303]
  [ 0.1746841   1.58701707 -0.21963327]
  [-1.77119458 -0.54500679  1.31632709]
  [ 1.34436253  1.57293047 -0.57007643]
  [ 1.35674813 -0.07797724 -0.03449104]
  [ 0.37865774 -0.21565034  1.20862666]
  [ 0.39361375  0.83402474  1.15436919]
  [-0.87778881 -0.26163789 -1.02595729]
  [-1.9546767  -2.45853206 -0.64858799]]]
Experiment	19	-19.85932560678123	34.50330139321877	25004	8	[[[ 1.59938932 -0.4835721   2.15500208]
  [ 0.01348975  1.43226416  1.02225278]
  [ 0.26888787 -1.10704302  0.9181044 ]
  [ 1.46634801  0.03053886  0.10659021]
  [ 1.58227165 -1.08190847  0.51483037]
  [ 0.76274057  0.82058418  1.80847602]
  [ 0.74452287  0.02915172 -0.70168607]
  [ 2.5        -1.17822539  2.36470488]
  [-1.48244763  0.97099256  0.90202572]
  [-0.47454392  0.67396081  2.1802204 ]
  [ 0.82381348 -0.01272878  1.22913384]
  [ 0.28492799  2.5         1.46718511]
  [-0.79464183  0.11490643  1.2522397 ]
  [ 0.4307462   0.0077503   0.28002887]
  [-0.86420741  1.96141459  1.65226779]]]
Experiment	20	-17.3387358841168	34.983892225870196	85780	7	[[[ 2.5        -2.20525669  1.47218771]
  [-0.11195412 -0.70559274  0.37125891]
  [ 0.5884188   0.71079834  0.1569696 ]
  [ 0.11712841 -2.5        -2.5       ]
  [ 1.50881695 -1.5176498  -1.1866156 ]
  [-0.45174939  0.46147899  0.32863506]
  [-0.04302666  1.84367135  0.90880989]
  [-0.06949079  1.00643886 -0.7196431 ]
  [-0.03662189 -2.17709627 -1.34938334]
  [ 0.04887505 -0.32143159 -0.69062691]
  [ 0.94366421  1.93601436 -0.39292889]
  [ 1.51229882 -0.24719355 -0.0307648 ]
  [ 1.99854359 -1.03422836  0.63012872]
  [ 0.37539679 -1.38919152 -0.88101956]
  [ 0.92951892  0.40728013 -0.69323318]]]
Experiment	21	-17.3387358841168	34.983901165483196	85290	7	[[[ 2.5        -2.20525669  1.47218771]
  [-0.11195412 -0.70559274  0.37125891]
  [ 0.5884188   0.71079834  0.1569696 ]
  [ 0.11712841 -2.5        -2.5       ]
  [ 1.50881695 -1.5176498  -1.1866156 ]
  [-0.45174939  0.46147899  0.32863506]
  [-0.04302666  1.84367135  0.90880989]
  [-0.06949079  1.00643886 -0.7196431 ]
  [-0.03662189 -2.17709627 -1.34938334]
  [ 0.04887505 -0.32143159 -0.69062691]
  [ 0.94366421  1.93601436 -0.39292889]
  [ 1.51229882 -0.24719355 -0.0307648 ]
  [ 1.99854359 -1.03422836  0.63012872]
  [ 0.37539679 -1.38919152 -0.88101956]
  [ 0.92951892  0.40728013 -0.69323318]]]
Experiment	22	-17.878386206028765	32.44424079397123	62890	7	[[[ 0.97894533  2.5        -1.12991363]
  [-0.07626894  0.5327209   2.25983202]
  [ 2.22342473 -2.22713365  1.90819765]
  [ 1.36747699  2.5        -0.03618941]
  [ 0.28642064  0.05964075 -0.01658429]
  [-0.62312163  0.65246532  1.05390883]
  [ 0.87518961  0.89265551  0.23030303]
  [ 0.1746841   1.58701707 -0.21963327]
  [-1.77119458 -0.54500679  1.31632709]
  [ 1.34436253  1.57293047 -0.57007643]
  [ 1.35674813 -0.07797724 -0.03449104]
  [ 0.37865774 -0.21565034  1.20862666]
  [ 0.39361375  0.83402474  1.15436919]
  [-0.87778881 -0.26163789 -1.02595729]
  [-1.9546767  -2.45853206 -0.64858799]]]
