Experiment	1	-21.059450223353583	31.263176776646414	137281	6	[[[-0.78031257 -0.42765629  0.68478635]
  [ 2.21270268  2.21952812 -1.66345183]
  [-1.42221886 -0.13634298 -1.28859287]
  [ 1.62372037 -0.89832558  0.59200985]
  [ 0.45806915 -1.39825469  0.39731255]
  [ 0.85977773  0.06481312  1.21359512]
  [-0.57852781  0.50404818 -1.79602525]
  [ 0.77515168 -0.10367607 -0.05053866]
  [-2.06635392  1.30042523 -0.22191815]
  [-0.9282419   0.78279149 -0.02417826]
  [-0.48274006 -0.82932156 -0.38229265]
  [ 0.00853499  0.43617517  0.53701   ]
  [-2.28822875 -2.11461597 -1.90835204]
  [-0.36534986  0.16858603  1.54087966]
  [-0.26881869  0.22848743 -0.81086223]]]
Experiment	2	-25.37142821795028	26.951198782049715	29919	8	[[[ 0.5907683  -1.84180455 -0.70102831]
  [ 0.47135003  0.75303382 -0.78808817]
  [-0.47002863 -0.52293582  0.36074337]
  [-0.51834142  0.48843453 -0.11945425]
  [ 1.32080967 -0.09710937  0.20123592]
  [-0.07355957  1.76395685 -0.41670075]
  [ 0.28621348  0.33280015  0.84692182]
  [-1.06066859  1.78160679 -1.44282644]
  [ 1.54390513 -1.30152123 -1.51749791]
  [-0.59502522  0.21776535 -1.11270851]
  [ 0.29284168  1.96927932 -1.54395809]
  [ 0.53283176 -0.80451363 -1.80004826]
  [ 1.33529882 -0.36296739 -0.91489231]
  [ 0.98089414 -1.22365472 -0.03346471]
  [ 0.37802317 -0.43365113 -0.37735345]]]
Experiment	3	-20.436381459272383	31.886245540727614	6960	9	[[[-1.0502878   1.81886464 -0.2927295 ]
  [ 0.45591902  0.35497093 -1.44934529]
  [-0.09471036  1.27159987 -0.89790974]
  [ 0.81817492 -0.68318943  0.88553598]
  [ 0.3933399   1.17452179  0.17464442]
  [ 0.06173378 -1.42432804 -0.18096414]
  [ 1.00479659 -0.85797693 -0.15855195]
  [-0.38684126  0.30633124 -0.63808338]
  [ 2.49823221 -0.94588418  0.84365616]
  [ 1.37190636  0.52184163 -0.12615328]
  [ 0.71840061 -2.17168202 -0.48075151]
  [ 2.11076093  1.69778016 -2.29461436]
  [ 1.04150648  1.07500387 -0.8618813 ]
  [ 0.77406375  0.50981929  0.90740326]
  [ 1.13081576 -1.65710706  0.46419097]]]
Experiment	4	-21.059450223353583	30.263176776646414	138281	6	[[[-0.78031257 -0.42765629  0.68478635]
  [ 2.21270268  2.21952812 -1.66345183]
  [-1.42221886 -0.13634298 -1.28859287]
  [ 1.62372037 -0.89832558  0.59200985]
  [ 0.45806915 -1.39825469  0.39731255]
  [ 0.85977773  0.06481312  1.21359512]
  [-0.57852781  0.50404818 -1.79602525]
  [ 0.77515168 -0.10367607 -0.05053866]
  [-2.06635392  1.30042523 -0.22191815]
  [-0.9282419   0.78279149 -0.02417826]
  [-0.48274006 -0.82932156 -0.38229265]
  [ 0.00853499  0.43617517  0.53701   ]
  [-2.28822875 -2.11461597 -1.90835204]
  [-0.36534986  0.16858603  1.54087966]
  [-0.26881869  0.22848743 -0.81086223]]]
Experiment	5	-25.37142821795028	27.951198782049715	30919	8	[[[ 0.5907683  -1.84180455 -0.70102831]
  [ 0.47135003  0.75303382 -0.78808817]
  [-0.47002863 -0.52293582  0.36074337]
  [-0.51834142  0.48843453 -0.11945425]
  [ 1.32080967 -0.09710937  0.20123592]
  [-0.07355957  1.76395685 -0.41670075]
  [ 0.28621348  0.33280015  0.84692182]
  [-1.06066859  1.78160679 -1.44282644]
  [ 1.54390513 -1.30152123 -1.51749791]
  [-0.59502522  0.21776535 -1.11270851]
  [ 0.29284168  1.96927932 -1.54395809]
  [ 0.53283176 -0.80451363 -1.80004826]
  [ 1.33529882 -0.36296739 -0.91489231]
  [ 0.98089414 -1.22365472 -0.03346471]
  [ 0.37802317 -0.43365113 -0.37735345]]]
Experiment	6	-20.436381459272383	33.886245540727614	6990	9	[[[-1.0502878   1.81886464 -0.2927295 ]
  [ 0.45591902  0.35497093 -1.44934529]
  [-0.09471036  1.27159987 -0.89790974]
  [ 0.81817492 -0.68318943  0.88553598]
  [ 0.3933399   1.17452179  0.17464442]
  [ 0.06173378 -1.42432804 -0.18096414]
  [ 1.00479659 -0.85797693 -0.15855195]
  [-0.38684126  0.30633124 -0.63808338]
  [ 2.49823221 -0.94588418  0.84365616]
  [ 1.37190636  0.52184163 -0.12615328]
  [ 0.71840061 -2.17168202 -0.48075151]
  [ 2.11076093  1.69778016 -2.29461436]
  [ 1.04150648  1.07500387 -0.8618813 ]
  [ 0.77406375  0.50981929  0.90740326]
  [ 1.13081576 -1.65710706  0.46419097]]]
