Experiment	1	-10.787062771028285	5.718321228971714	36610	9	[[[-2.5        -0.93154653  0.7524519 ]
  [-0.68214889 -1.41247402 -0.01192004]
  [-1.85553492 -0.68432537 -0.72276223]
  [-1.67155965 -1.7492034   0.95235999]
  [-1.79747734 -2.06244037 -0.23080744]
  [-1.4675     -0.71875875  0.40915029]
  [-2.15059507  0.11991749  0.09499866]]]
Experiment	2	-11.998141038074014	4.507242961925986	378337	6	[[[-1.81081157  0.85813514 -1.13944988]
  [-1.24270158  1.00714708 -2.15165162]
  [-0.31794058  2.5        -1.29294748]
  [-0.93259333  0.21642985 -1.49461049]
  [-0.14762651  1.44113163 -1.80694274]
  [-0.64178696  1.0290337  -0.88378127]
  [-1.24851439  1.97702842 -0.97198236]]]
Experiment	3	-12.517557655388682	3.9878263446113174	13595	9	[[[ 1.44180904  1.37776612  0.61642399]
  [ 2.46489477  1.43747586  0.29856134]
  [ 0.88096188  2.5        -0.77292125]
  [ 0.60447685  1.6676951   0.00669461]
  [ 1.66276134  1.5956433  -0.47515927]
  [ 1.58624593  2.5         0.15828757]
  [ 0.56913507  2.16927004  1.183751  ]]]
Experiment	4	-11.527501526083418	4.977882473916582	422929	7	[[[ 0.57172415 -0.63516646 -1.34697681]
  [ 0.31680402  0.42158143 -2.38529711]
  [ 1.72774817 -0.46666344 -1.15282321]
  [ 1.34661179  1.6987439  -1.76389972]
  [ 1.17693563 -0.16187103 -2.15558568]
  [ 1.6448364   0.79707797 -2.49040452]
  [ 1.06111383  0.60061123 -1.39352503]]]
Experiment	5	-11.095605122635163	5.409778877364836	211641	7	[[[ 0.80743654  1.39284299  1.32413298]
  [ 1.65288534  0.93040189  0.7599619 ]
  [-0.14678897  1.33821751  0.67116582]
  [ 1.42034532 -0.24421234  1.37386068]
  [ 1.30386409 -0.01518017  0.35024292]
  [ 0.38520898  0.20163563  1.22117371]
  [ 0.99024978  0.54821285  1.98838295]]]
Experiment	6	-11.26143916722551	5.24394483277449	16199	9	[[[ 0.26240348  0.64405084 -1.47123021]
  [-0.74953909  2.06145637 -2.5       ]
  [-0.38727962  0.70638245 -2.47644596]
  [-0.24815221 -0.39549384 -2.48055897]
  [ 0.57887273 -0.467545   -1.66964353]
  [ 1.31017838  0.46571918 -1.55771795]
  [ 0.75403097  0.34461467 -2.5       ]]]
Experiment	7	-11.660031807872393	4.845352192127606	407186	6	[[[-1.13232235  0.95449349  0.58693152]
  [-0.62071488  1.59769464 -1.27808866]
  [-1.36997982  1.42298436 -0.31086255]
  [-0.230506    1.46919441 -0.07939618]
  [-0.44592521  2.5        -0.20858878]
  [-0.85868857  0.59659569 -0.96742663]
  [-0.58595918  1.92406258  0.83289632]]]
Experiment	8	-12.255808157816027	4.249575842183972	47739	9	[[[-1.60831813  2.38489656  0.15186259]
  [-1.88894834  0.69984763 -1.31987354]
  [-0.85387843  1.71726144  0.47025604]
  [-1.41264944  1.00687012 -0.47355838]
  [-2.05546631  1.35228373  0.43151329]
  [-2.32764474  1.70514459 -0.63641786]
  [-2.5         0.70415232 -0.37471143]]]
Experiment	9	-10.630092704482262	5.875291295517737	531167	8	[[[-1.42586823  1.61058586 -2.14249714]
  [-1.58340598  2.5        -1.45272925]
  [-0.43797666  1.24374399 -2.3843633 ]
  [-1.53648241  1.98056174 -0.19799937]
  [-0.47671154  0.60527139 -1.48177514]
  [-0.5385603   1.84613042 -1.56009872]
  [-1.47458592  1.11212147 -1.25346756]]]
Experiment	10	-11.047226530816086	5.458157469183913	427272	6	[[[-0.51201295  0.08934251  1.00185885]
  [-1.86593886  0.63281409  0.69395235]
  [-0.58675415  1.06618103 -0.64480254]
  [ 0.05462711  0.28961217 -0.23932455]
  [-1.15374797  0.11193452 -0.01467883]
  [-0.858092    0.97759177  0.51356687]
  [-1.07680272 -0.78391793  0.97334977]]]
Experiment	11	-11.769032529331287	4.736351470668712	150085	8	[[[ 1.80632461  0.23991896  1.95765279]
  [ 0.68228072  1.02776368  0.77119869]
  [ 1.53481802  0.67936091  0.26016274]
  [ 2.08301479 -0.07424002  0.80667893]
  [ 1.83046978  0.96861802  1.22658823]
  [ 1.11333108  0.06915308  1.00009627]
  [ 2.5         1.00423508  0.25414023]]]
Experiment	12	-11.324641533481229	5.180742466518771	295531	7	[[[ 0.32318648 -0.43592419 -0.88229355]
  [ 1.17563489 -0.97449753 -0.18514512]
  [ 0.18371216 -1.38853801  0.44605511]
  [ 0.50745679 -0.2533858   0.46939478]
  [-0.10552228 -2.09241369 -0.51927826]
  [ 1.05621413 -1.97891127  0.27991849]
  [ 0.69667876 -1.44284593 -1.05148339]]]
Experiment	13	-12.532620076252124	3.972763923747875	342757	7	[[[ 0.15159225 -0.17404609  0.88985193]
  [-0.150386    0.86041403  0.62185268]
  [ 0.40797492  0.80309433  1.70470598]
  [ 0.38546806  0.18774303 -0.16641173]
  [-0.65990401  0.50771685  1.6587293 ]
  [ 0.99710454  0.5337745   0.65427243]
  [ 1.27727319  0.08161805  1.49461031]]]
Experiment	14	-11.278917527324316	5.226466472675684	337263	8	[[[ 2.5        -1.23341104 -0.56587462]
  [ 1.55813369 -1.56098437 -0.94300395]
  [ 0.95376524 -0.88577927 -1.56893979]
  [ 1.81751262 -0.5070309  -0.98382379]
  [ 2.5        -0.72995181 -1.8195758 ]
  [ 1.72026095 -1.40830157 -2.1950562 ]
  [ 1.06363273 -2.5        -0.68886719]]]
Experiment	15	-11.348784829247503	5.1565991707524965	530399	8	[[[ 0.97622206 -1.23723984 -2.39410148]
  [ 1.81145459 -1.68584924 -1.02590563]
  [ 2.5        -1.43354072 -2.07064312]
  [ 1.67731545 -2.28401686 -2.2373053 ]
  [ 0.57537993 -1.896163   -1.60627675]
  [ 1.69774789 -0.73675119 -1.90452349]
  [ 0.95751064 -0.94435922 -1.17312697]]]
Experiment	16	-10.966974380173228	5.538409619826771	172765	8	[[[-0.71038457 -0.53489159  1.51368236]
  [ 0.67220973 -1.57268492  0.40879759]
  [ 0.37928852 -1.68050201  1.51678449]
  [ 0.85464916 -0.84576389  2.11113995]
  [-0.62816337 -2.04504285  1.12172564]
  [ 0.47804365 -0.57194096  1.11185669]
  [ 1.504381   -1.03887487  1.11161184]]]
Experiment	17	-11.301422410211906	5.2039615897880935	61206	9	[[[-0.03963367  1.64047432 -2.05277018]
  [ 0.91892178  1.37855517 -2.5       ]
  [-1.14701411  2.01674836 -2.33200265]
  [-0.61387089  2.5        -1.29945764]
  [ 0.67604485  2.49319335 -2.1248416 ]
  [-0.03955213  1.53233744 -0.90387484]
  [-1.11279037  1.43832704 -1.27792091]]]
Experiment	18	-11.044907496842379	5.46047650315762	609865	7	[[[-0.82874111  1.61923711  0.31261723]
  [-2.2427039   0.35687186  0.63551757]
  [-0.9721158   0.44362218  0.26403554]
  [-1.7907781   1.54142231  1.33976021]
  [-1.18014547  0.48653566  1.37407592]
  [-1.36923342  0.87884268 -0.73604623]
  [-1.96591816  1.33017271  0.04836613]]]
Experiment	19	-11.3300529596016	5.175331040398399	339316	8	[[[-0.75916841 -1.12354331  0.94979236]
  [-2.43137275 -0.86334749  1.30936284]
  [-2.5        -1.78698591  2.13410137]
  [-2.5        -2.04967106  0.70867361]
  [-1.55861686 -1.47531036  1.48568433]
  [-1.36943441 -2.12876429  0.27804878]
  [-1.79590217 -0.99904355  0.43019762]]]
Experiment	20	-10.900320854061132	5.605063145938868	153158	8	[[[ 0.10556177 -2.16514999  1.10631112]
  [-0.09036021 -1.17693482  0.5347999 ]
  [ 0.60595062 -1.82066214  0.03124807]
  [ 1.59834877 -2.08638819  0.72823918]
  [ 0.65564857 -1.35261624  1.50984443]
  [ 1.07772729 -0.59486877  0.70606051]
  [ 1.52824399 -1.29681026  0.07118491]]]
Experiment	21	-12.147222854428225	4.358161145571774	206554	9	[[[ 1.02585178  1.64896204  0.06343256]
  [ 0.3269674   1.44686916  0.8700964 ]
  [ 1.02083805  1.32015105 -1.10061644]
  [ 0.85437521  2.5        -0.62232054]
  [ 0.50706913  0.7894238  -0.30743657]
  [-0.05505652  1.63978982 -0.49119892]
  [ 0.94113772  0.48149236  0.72102052]]]
Experiment	22	-11.381311647312856	5.1240723526871435	688200	6	[[[-0.14573439  1.89716395  1.22734894]
  [-0.61960563  0.82654244  1.08066727]
  [-0.49299484  1.43897849  0.24008067]
  [-1.18116328  1.61133235  1.68710717]
  [-1.23335557  2.5         0.6475675 ]
  [-0.51765172  2.5         2.07274862]
  [-1.52076565  1.52803367  0.75277726]]]
Experiment	23	-11.61284510289103	4.89253889710897	479787	8	[[[-0.60245188  0.34448085  1.13335743]
  [-1.31304069 -0.49300162  1.61505371]
  [-1.25901563 -1.62191869 -0.36079625]
  [-1.11625568 -0.39973028  0.24687732]
  [-1.39268975 -1.48110712  0.84891022]
  [-0.33911703 -0.70193792  1.19297536]
  [-0.2466503  -1.05052868  0.10296141]]]
Experiment	24	-11.918051020149813	4.587332979850187	226147	8	[[[-0.9821136   0.08788939 -0.5463166 ]
  [-0.98898252 -1.2310644   0.42323849]
  [-1.0030586  -0.92646715 -0.89663903]
  [-2.21258019 -0.24564305 -0.6389936 ]
  [-1.55178758 -0.28850079  0.24099457]
  [-1.94870954 -1.41430165 -0.53082544]
  [-1.52263074 -0.10863204 -1.59453327]]]
Experiment	25	-11.412062877873689	5.09332112212631	84441	8	[[[ 0.48749012  1.99419681 -1.56423471]
  [ 2.00347593  0.74069358 -0.81093459]
  [ 0.65007191  0.75557221 -1.34256836]
  [ 1.51807154  1.40386351 -1.73031141]
  [ 1.23702614  1.85988792 -0.71933406]
  [ 2.27820611  2.43651166 -2.09790761]
  [ 2.26249914  1.97442012 -1.05635467]]]
Experiment	26	-11.302266122276238	5.203117877723761	264620	8	[[[-1.69613298  0.72135309 -0.28116905]
  [-0.87899948  0.10075464 -0.89956473]
  [-1.39249309  0.97191186 -1.43967206]
  [-2.5         1.54237853 -1.14015716]
  [-0.53765723  1.17317492 -0.63270639]
  [-0.89196765  1.91919112 -1.42242412]
  [-1.17371377  1.8108554  -0.05970584]]]
Experiment	27	-11.61284510289103	4.89253889710897	479787	8	[[[-0.60245188  0.34448085  1.13335743]
  [-1.31304069 -0.49300162  1.61505371]
  [-1.25901563 -1.62191869 -0.36079625]
  [-1.11625568 -0.39973028  0.24687732]
  [-1.39268975 -1.48110712  0.84891022]
  [-0.33911703 -0.70193792  1.19297536]
  [-0.2466503  -1.05052868  0.10296141]]]
Experiment	28	-11.918051020149813	4.587332979850187	226147	8	[[[-0.9821136   0.08788939 -0.5463166 ]
  [-0.98898252 -1.2310644   0.42323849]
  [-1.0030586  -0.92646715 -0.89663903]
  [-2.21258019 -0.24564305 -0.6389936 ]
  [-1.55178758 -0.28850079  0.24099457]
  [-1.94870954 -1.41430165 -0.53082544]
  [-1.52263074 -0.10863204 -1.59453327]]]
Experiment	29	-11.412062877873689	5.09332112212631	84441	8	[[[ 0.48749012  1.99419681 -1.56423471]
  [ 2.00347593  0.74069358 -0.81093459]
  [ 0.65007191  0.75557221 -1.34256836]
  [ 1.51807154  1.40386351 -1.73031141]
  [ 1.23702614  1.85988792 -0.71933406]
  [ 2.27820611  2.43651166 -2.09790761]
  [ 2.26249914  1.97442012 -1.05635467]]]
Experiment	30	-11.302266122276238	5.203117877723761	264620	8	[[[-1.69613298  0.72135309 -0.28116905]
  [-0.87899948  0.10075464 -0.89956473]
  [-1.39249309  0.97191186 -1.43967206]
  [-2.5         1.54237853 -1.14015716]
  [-0.53765723  1.17317492 -0.63270639]
  [-0.89196765  1.91919112 -1.42242412]
  [-1.17371377  1.8108554  -0.05970584]]]
