Experiment	1	-12.234940099566066	4.270443900433934	582214	7	[[[ 0.99981494 -0.71308345  1.38742209]
  [ 0.18869638 -0.36234871 -0.49828153]
  [ 0.66555     0.25631967  1.05013349]
  [ 0.94729672  0.44219298 -0.18968888]
  [-0.17213506  0.42679987  0.30554735]
  [-0.37702323 -0.28865361  1.09883066]
  [ 1.12756868 -0.50638564  0.29448945]]]
Experiment	2	-12.554134141594583	3.9512498584054168	152432	8	[[[-1.50036636 -0.48812898  1.15059778]
  [-2.5        -1.04671522  0.14217022]
  [-1.55583434 -0.76136326 -0.50955942]
  [-1.46740898 -1.31988904  0.48063934]
  [-2.00554526 -1.98560217  1.17483321]
  [-1.73751347  0.06301417  0.25707708]
  [-2.5        -0.98924301  1.28650875]]]
Experiment	3	-12.564837065866449	3.9405469341335504	494232	5	[[[ 1.37110455 -0.40611451  1.87143457]
  [-0.45045124 -0.53892045  1.06289957]
  [ 1.06146548 -0.98595366  0.36271126]
  [ 0.4840718  -1.13646021  1.34092415]
  [ 0.02707967 -1.18484384  0.27310206]
  [ 0.75990532 -0.01581357  1.1233357 ]
  [ 0.03602199  0.02492142  0.25137016]]]
Experiment	4	-12.650697134666109	3.854686865333891	581761	7	[[[-0.32382959  0.11329242 -1.36462776]
  [-0.49274001  1.08995751 -0.82334792]
  [ 0.16726248  0.21961772 -0.45382559]
  [-0.91302075  0.00253913 -0.4494907 ]
  [ 0.61670467 -0.83941774 -0.66449373]
  [-0.14067082 -0.43892392  0.37489896]
  [-0.58222611 -1.08301253 -0.68809799]]]
Experiment	5	-13.117576499771907	3.3878075002280923	350565	6	[[[-0.63499764  0.2139033   0.16031468]
  [-1.00545261  0.92278363  1.03259055]
  [-2.31828617  1.33352657  0.04982578]
  [-1.31118638 -0.29087177  0.89374399]
  [-1.66010367  0.27487735 -0.21102684]
  [-2.19680717  0.44347591  0.80518771]
  [-1.24398149  1.30993639 -0.09395642]]]
Experiment	6	-13.040324898838916	3.465059101161083	95292	8	[[[-1.03857925  1.96477592 -0.42553771]
  [-0.17584871  1.32732172 -0.7857122 ]
  [ 0.33184188  2.28253969 -0.26718844]
  [-0.20344637  1.57298613  0.35848299]
  [-0.18413795  0.52602871 -0.08292317]
  [ 0.78854804  1.04266558  0.37598549]
  [ 1.01708659  1.36540214 -0.63431946]]]
Experiment	7	-12.706175735156801	3.799208264843198	234078	8	[[[ 1.68056546  0.95811682 -0.75598002]
  [ 1.88652676  0.32695026 -1.68681053]
  [ 0.74218989  0.53650286 -1.49574562]
  [ 1.98191676 -0.17543679  0.19685767]
  [ 1.02491431 -0.46447349 -1.76978226]
  [ 1.41943088 -0.14780466 -0.78360847]
  [ 2.5        -0.50280387 -0.91408501]]]
Experiment	8	-12.9742001707293	3.5311838292706987	155366	7	[[[-2.02457878  1.20143141  0.63186886]
  [-1.88492571  2.49209101  0.60623614]
  [-0.88936906  1.99220113  0.80466442]
  [-2.44129278  1.89568847 -0.16401476]
  [-2.04862477  0.9352686  -0.46807858]
  [-1.32458043  0.39227815  0.28543776]
  [-1.15440659  1.57934643 -0.18417936]]]
Experiment	9	-13.301554202306015	3.2038297976939845	121203	9	[[[ 0.60335908 -0.97767608 -0.1930362 ]
  [-0.1403722  -1.81990918  0.07310934]
  [-0.40966264 -0.65775959  0.10757319]
  [-0.94343325 -0.2195462  -0.78596354]
  [-1.41876354 -1.48018793  0.07700164]
  [-0.47111935 -1.29017474 -0.86688715]
  [ 0.21220664 -0.33775348 -0.96696933]]]
Experiment	10	-13.281906729718333	3.2234772702816663	371488	7	[[[ 1.97277351 -0.34214897  0.85971068]
  [ 0.40786272 -1.33301299  0.9990986 ]
  [ 1.88331826 -1.13920437  0.14604982]
  [ 1.47255726 -1.39548485  1.2065353 ]
  [ 0.95135564 -0.3489487   1.520067  ]
  [ 0.84211201 -1.82817377  0.06774092]
  [ 0.84089732 -0.64249228  0.18676077]]]
Experiment	11	-12.358642204765228	4.146741795234771	405036	7	[[[ 6.68741870e-01 -1.52840551e-02  1.71190227e+00]
  [ 6.53921948e-01 -9.45718289e-01  1.26141426e+00]
  [ 1.56645552e+00  4.76606688e-01  1.05922140e+00]
  [ 1.69079914e+00 -8.13411070e-01  9.60412132e-01]
  [-2.07166281e-01 -9.06619554e-02  9.45782342e-01]
  [ 9.44870444e-02 -9.46603178e-01 -1.43652521e-03]
  [ 8.63789399e-01 -1.82759158e-01  5.08487222e-01]]]
Experiment	12	-12.195290450088235	4.310093549911764	190018	8	[[[ 0.65429467 -1.42112047  1.30463197]
  [ 0.62093394 -0.33723483  1.70170611]
  [ 0.2461434  -0.49380488  0.65551743]
  [-0.05365068 -1.09685873  2.15938527]
  [ 1.74114803 -0.82240364  1.77346834]
  [ 1.43562178 -0.87543642  0.69814074]
  [ 0.12075542 -1.66411483  0.39086207]]]
Experiment	13	-13.142928380206596	3.362455619793403	37031	9	[[[-0.72274945 -0.13617287 -0.19593715]
  [ 0.29765112  0.50567251 -0.51539711]
  [-0.0453186  -0.89944821  0.29074578]
  [-0.57326376 -0.13122646  0.97216233]
  [ 0.4786149  -0.03959936  0.48726385]
  [ 0.52646847 -0.54393334 -0.84755977]
  [-0.47183422  0.77817503  0.33681459]]]
Experiment	14	-12.549974020107804	3.9554099798921953	400390	8	[[[-1.51063739  1.6166482   0.37852175]
  [-0.60217037  2.5         0.21542488]
  [-0.23991634  1.56853856  0.78684687]
  [-1.11174236  0.60895757 -0.05956807]
  [-0.81256782  1.63805182 -0.50095312]
  [ 0.2496062   1.42714552 -0.1775353 ]
  [-0.22824724  0.66781478 -0.70334723]]]
Experiment	15	-12.960437087719367	3.5449469122806327	422674	7	[[[ 1.46285943e+00 -1.94398275e+00 -6.53526914e-01]
  [ 1.09918121e+00 -4.85776015e-01  4.26748781e-01]
  [ 7.63612679e-01 -9.22519042e-01 -5.34353362e-01]
  [ 2.28957349e-01 -1.14418970e+00  4.89757533e-01]
  [ 6.16693169e-01 -1.99322538e+00 -1.24324438e-03]
  [ 1.69311895e+00 -1.41098706e+00  6.58868715e-01]
  [ 1.77634183e+00 -9.15622275e-01 -2.99121838e-01]]]
Experiment	16	-12.467327034056307	4.038056965943692	525842	8	[[[ 0.17532644  0.37460844 -0.04282461]
  [ 0.71475198 -0.24612901 -0.80988816]
  [-0.33117506 -0.44444619  0.54185065]
  [ 0.88418783 -0.52721439  0.24111703]
  [ 0.20342427  0.88603555 -0.97292486]
  [-0.41429449 -0.09595696 -1.43785973]
  [-0.22330182 -0.59207387 -0.52592422]]]
Experiment	17	-13.02844479658944	3.4769392034105593	255289	7	[[[-0.85612939 -1.19029344  0.29705902]
  [-0.29815396 -2.42165765 -1.13664863]
  [-0.0161705  -1.66903225 -0.30987364]
  [-1.13031876 -1.4360282  -0.82242004]
  [-1.53241576 -2.5        -1.00380158]
  [-0.65722672 -2.5        -0.02851081]
  [-0.18758027 -1.28187073 -1.36007291]]]
Experiment	18	-12.555746223718138	3.949637776281861	193063	8	[[[-1.40002212  0.46330931 -1.28487808]
  [-0.45343182 -0.01688883 -0.93509974]
  [-0.028736   -0.23395541 -1.99037651]
  [-0.85045764  1.62417315 -1.18407591]
  [-0.58970574  0.75474552 -1.83673023]
  [ 0.21670474  0.9978104  -1.13795474]
  [-0.67570068  0.79912054 -0.21506263]]]
Experiment	19	-11.997369933847658	4.508014066152342	431426	8	[[[-0.77907701 -0.96426244 -0.42357588]
  [-1.11216713 -0.24012841 -1.29073049]
  [-0.75964007  0.73348502 -1.27129662]
  [ 0.19466134  0.16178647 -1.59811888]
  [-0.65859784  0.4508585  -2.29293438]
  [-0.2576522  -0.49234686 -2.38136749]
  [-0.09127897 -0.84095187 -1.29134121]]]
Experiment	20	-12.637812493996023	3.8675715060039764	685347	6	[[[ 0.10295606 -1.85373758  1.1182918 ]
  [-1.1013673  -2.38731837  0.42895482]
  [-0.97343764 -0.6339039   0.04506737]
  [-0.39810063 -1.62633822  0.15476371]
  [-0.40213292 -0.74433375  0.92895283]
  [-1.01124822 -1.52695454  1.2681418 ]
  [-1.47782387 -1.65932318 -0.37629006]]]
Experiment	21	-12.963167500039573	3.5422164999604266	551646	7	[[[ 0.14522989 -1.47522676  0.05475362]
  [-0.43446985  0.39339953 -0.50770429]
  [ 0.21293416 -0.14818002 -1.4239481 ]
  [-0.10764037 -1.08414416 -0.9740271 ]
  [-0.9546444  -0.24907769 -1.53341817]
  [-0.71029399 -0.59345298 -0.2390226 ]
  [ 0.38143852 -0.26898923 -0.19350597]]]
Experiment	22	-13.453776695479785	3.051607304520214	339034	7	[[[-0.33502145  1.69385621  0.93430964]
  [-0.29284214  0.97909008  0.12163422]
  [ 0.37529202  1.91105435 -0.03514819]
  [-0.42569722  0.66411172  1.31475111]
  [ 0.64908765  1.11732462  0.67850085]
  [-1.297495    1.12970414  0.55152228]
  [ 0.3838811   2.5         0.96304928]]]
Experiment	23	-12.776529441562552	3.7288545584374475	316589	8	[[[-0.48690236  1.56473763  0.66169522]
  [ 0.83155323  0.57459877  1.65625679]
  [ 0.700212    1.56661478  0.02874955]
  [ 0.47223844  1.44464263  1.11987693]
  [ 0.27338241  0.69582502  0.40341787]
  [ 1.32112932  0.87172374  0.56846995]
  [-0.11975062  1.22134799 -0.57607367]]]
Experiment	24	-12.59953061228615	3.905853387713849	692326	8	[[[ 1.40704372 -0.01999734 -2.5       ]
  [ 0.74117964 -0.65085801 -0.32701351]
  [ 0.74268415 -1.5180762  -1.17352418]
  [ 0.60940453 -0.79299037 -2.25653516]
  [ 0.40195878  0.26881158 -2.39459974]
  [ 1.46251751 -0.77851158 -1.53101219]
  [ 0.48190475 -0.22192401 -1.35399488]]]
Experiment	25	-12.225143815611013	4.280240184388987	214322	8	[[[ 1.27446143e-01 -1.31525715e+00 -2.20111167e+00]
  [ 1.26981562e-03 -1.36409368e+00 -9.12335827e-01]
  [ 8.48998608e-01 -1.88963878e+00 -1.55327752e+00]
  [ 5.98307048e-01 -6.58497033e-01 -1.49889380e+00]
  [ 1.81051326e+00 -1.48882873e+00 -1.69950557e+00]
  [ 1.28155696e+00 -9.17933555e-01 -2.50000000e+00]
  [-4.29779698e-01 -4.63777945e-01 -1.53833287e+00]]]
Experiment	26	-12.37164442566918	4.13373957433082	184358	8	[[[ 1.63355497  0.47141976  1.01587345]
  [ 0.0190585   1.12961594  1.6259611 ]
  [ 0.65034602 -0.12292272  1.08346975]
  [ 1.05640613  1.37138462  1.26449119]
  [ 0.49805636  0.83829427  0.54549379]
  [-0.27262602 -0.01935907  1.56448631]
  [ 0.85447555  0.42180529  2.179301  ]]]
Experiment	27	-13.095078469976682	3.410305530023317	87165	8	[[[-0.83325468  1.2426684   1.73161423]
  [ 1.01224339  1.33387153  1.62340916]
  [-0.62005148  2.16851722  0.82959769]
  [ 0.00839485  1.21418043  0.94793202]
  [ 0.56162635  2.33127183  0.69808579]
  [ 0.10063972  2.02374217  1.88394362]
  [ 0.19218809  0.9750073   2.28436054]]]
Experiment	28	-12.751421318788436	3.753962681211563	378586	9	[[[-0.06260348 -0.1650921   0.46777551]
  [-0.33764535 -0.45898468 -0.61920577]
  [-1.81726387  0.30151485  0.5185535 ]
  [-1.51230674 -0.23366593 -0.58872224]
  [-0.75798614  0.5222739   0.03307464]
  [-1.03900292 -0.59961124  0.38316657]
  [-0.38077251  0.70262085  1.23869226]]]
Experiment	29	-12.719370363520513	3.7860136364794865	155364	8	[[[-1.91538568 -1.29207533  0.38909022]
  [-1.08069411 -1.99342653  1.33816332]
  [-1.97105596 -2.5         1.58860619]
  [-0.93729962 -1.7146873   0.13485926]
  [-1.79998877 -1.97252522 -0.58693506]
  [-1.15124536 -0.93537986  0.99664608]
  [-1.64642564 -2.39883682  0.51126881]]]
Experiment	30	-12.179417165608504	4.325966834391496	495249	6	[[[ 1.74057379 -0.56389591  0.93731139]
  [ 0.77832133 -0.45261143  1.5338132 ]
  [ 0.17668147 -1.46967133  1.275613  ]
  [-0.46980533 -0.49205167  0.96719914]
  [ 0.95799779 -1.13531991  0.5309437 ]
  [ 0.67944595  0.11945052  0.56882145]
  [-0.11256783 -1.10373413  0.21775129]]]
