Experiment	1	-11.327747773135506	5.177636226864493	359288	6	[[[-2.5        -0.07842855 -2.00794083]
  [-0.77428807 -0.08134598 -0.19639712]
  [-1.73613818  0.6476054  -1.65642812]
  [-0.74748013  0.58668109 -1.20795928]
  [-1.63704489 -0.3489403  -1.27147857]
  [-0.92065684  0.10741265 -2.10499913]
  [-1.96250172  0.37535715 -0.36931821]]]
Experiment	2	-11.419008589215691	5.086375410784308	59949	9	[[[-2.13877896  0.09691    -0.21962549]
  [-1.58248193  1.28675266  0.06437053]
  [-0.50213479  0.15068198 -1.16213882]
  [-2.5         1.22554273 -0.40505879]
  [-1.75104281  2.02631525 -0.76389254]
  [-1.59337842  0.8416655  -0.87909315]
  [-0.58579423  1.22099146 -0.86307698]]]
Experiment	3	-11.414402905631363	5.090981094368637	583781	6	[[[ 1.58186356 -0.33912877  0.49969862]
  [ 0.47932524  0.06639255  0.5043913 ]
  [ 1.02753893  0.14248123 -0.43478285]
  [ 1.77117765  1.77201313  0.40867811]
  [ 0.95264216  1.37244234 -0.65701883]
  [ 1.44053113  0.73696288  0.81618301]
  [ 2.07271833  0.50952374 -0.17344649]]]
Experiment	4	-11.680995308916959	4.8243886910830405	644044	7	[[[ 1.27920745  1.39176522  0.8510614 ]
  [ 0.56906442  1.00345324 -0.52670303]
  [ 0.95069974  2.5         0.91276988]
  [ 0.36419138  0.61976581  0.52943078]
  [ 0.20166883  1.67978515  0.74166719]
  [-0.29704104  2.30974616  0.13267191]
  [ 0.91201029  1.86633297 -0.01436679]]]
Experiment	5	-11.191621116138	5.313762883861999	601336	7	[[[-1.40474509  0.62027415  0.94217313]
  [-1.84918509  0.84079514 -0.0867519 ]
  [-0.76793213 -0.05318532  0.2997452 ]
  [ 0.31812948  0.25098923  0.41056698]
  [-0.15458859  0.77494093  1.21744255]
  [ 0.24289692  1.57907195  0.35421031]
  [-0.90555704  1.3996437   0.38089558]]]
Experiment	6	-11.611132595065659	4.894251404934341	107002	8	[[[-0.52307237  1.34185947  0.26315917]
  [-1.04314789  0.38101183 -0.25460971]
  [-0.44227343 -0.13818793 -1.05908993]
  [-0.30026237 -0.58361899  0.04401608]
  [-1.79005454  1.02448729 -1.30081902]
  [ 0.1285107   0.44558586 -0.23419351]
  [-0.53890297  1.16295782 -1.04224754]]]
Experiment	7	-11.22539951661715	5.279984483382849	445923	8	[[[-1.4361637   0.03295989  1.69691089]
  [-1.58177874  0.74534642  2.46857805]
  [-0.99749714  1.50421923  1.49498164]
  [-2.01916766  0.7415816   1.0790155 ]
  [-2.5         0.01764897  1.73423434]
  [-2.26672093  1.38462856  1.86252786]
  [-0.4741211   0.93335525  2.19447108]]]
Experiment	8	-12.046427867241254	4.458956132758745	549336	7	[[[-1.03716349  1.15730028 -2.5       ]
  [-0.29833313  2.11661022 -1.84028958]
  [-1.65095786  1.89353894 -1.46581327]
  [-1.67748033  0.85454184 -1.61647368]
  [-2.5         0.46758881 -2.23654063]
  [-1.17934308  2.26402702 -2.45490899]
  [-2.0713715   1.66410273 -2.43188633]]]
Experiment	9	-11.361166050260962	5.144217949739037	518602	7	[[[ 1.16039673  1.84706298  0.62471253]
  [ 2.5         1.05182131  0.70375779]
  [ 1.18871964  0.98916142  1.27901958]
  [ 0.31811567  1.05964835  0.68811328]
  [ 1.97352429  1.97320793  1.33954481]
  [ 0.98218827  1.03127505 -0.27636923]
  [ 2.1884055   1.94963061  0.2426477 ]]]
Experiment	10	-10.91891051202057	5.586473487979429	176246	8	[[[ 0.1920834  -1.04306964  0.66162999]
  [ 1.67087068 -0.14602651  1.45139496]
  [ 1.01109194 -1.44206563  1.69666956]
  [ 0.91051164 -0.47705671  2.41437035]
  [ 0.54609034 -0.11735275  1.09535421]
  [ 1.14922568 -0.33305067  0.25539558]
  [-0.10297558 -0.92748227  1.77872602]]]
Experiment	11	-11.925545218235307	4.579838781764693	46969	9	[[[ 2.5        -0.65753981  0.12516679]
  [ 2.12467102  0.28728221 -0.31640779]
  [ 1.65680381  1.06810647 -1.02391975]
  [ 1.50522146 -0.37854971  0.13869975]
  [ 1.44094636  0.96607667  0.31205668]
  [ 0.92359489  0.38133656 -0.60000571]
  [ 1.9247487  -0.59999074 -0.98958823]]]
Experiment	12	-12.211615350421722	4.293768649578277	202388	8	[[[ 1.43830126  0.77909731 -0.46671373]
  [ 1.53278723  0.82961243  1.07954697]
  [ 1.41709872 -0.68777455 -0.53279888]
  [ 0.92928236  0.11399791 -1.18823617]
  [ 1.78912479  0.05961297  0.34028762]
  [ 0.70581022 -0.00397423 -0.15659724]
  [ 2.27780682  1.0496909   0.12912604]]]
Experiment	13	-11.412524997419155	5.092859002580845	154436	8	[[[-2.25732584  0.050959    1.03960007]
  [-2.5         0.96579944  1.79246948]
  [-1.29734932  0.71212175  1.64923799]
  [-2.15617927  1.04029725  0.64879294]
  [-1.52266105  1.91198992  1.84218238]
  [-2.5         1.93184926  1.24229518]
  [-2.29663299  1.98524538  2.5       ]]]
Experiment	14	-11.337337408028645	5.168046591971354	696807	8	[[[2.5        1.12327648 1.10834451]
  [0.63488423 2.28075574 0.95720298]
  [1.50360068 0.66759675 1.41700891]
  [0.47630314 0.31903227 1.6776272 ]
  [1.48765673 1.39629927 0.62689391]
  [1.38428818 1.81238097 1.69589413]
  [0.84936281 0.42258058 0.63210705]]]
Experiment	15	-10.987734972973632	5.517649027026367	380643	7	[[[-0.70548269  0.69314725  1.23353286]
  [-0.68794837  1.18797771  0.11989819]
  [-1.5076499  -0.03088309  0.64463769]
  [-1.61497045 -0.69247939 -0.15551613]
  [-0.5582804  -0.06053739  0.03925372]
  [-2.5        -0.12975629  0.03887015]
  [-1.45508749  0.46393801 -0.62244062]]]
Experiment	16	-11.764472929450484	4.740911070549515	579227	6	[[[-2.5        -0.83556975 -0.62919566]
  [-1.3360552   0.61020617 -1.03081718]
  [-2.38786669  0.21280973 -0.97152857]
  [-1.87492897  0.24283841 -1.87902507]
  [-1.98652285  1.11845304 -0.24300799]
  [-1.89620507 -0.86059375 -1.61808037]
  [-1.89281629 -0.16112986 -0.07458653]]]
Experiment	17	-11.863440230865638	4.641943769134361	157412	7	[[[ 0.68937018  0.90173769 -1.98222633]
  [ 1.82015907  1.97545335 -0.47592232]
  [ 1.59126909  0.81663314 -1.25332835]
  [ 0.85364979  1.57666394 -1.10237116]
  [ 1.5558474   1.73126676 -1.92169674]
  [ 2.48391978  1.93733385 -1.52623756]
  [ 2.29757147  1.08032723 -2.17457217]]]
Experiment	18	-11.864037480791735	4.641346519208264	550627	8	[[[ 0.55102126 -1.37415104  0.57536749]
  [ 0.96522559  0.07183098 -0.482393  ]
  [ 1.8241425   0.29029203  0.16426866]
  [ 1.23207154 -0.97685344 -0.70397679]
  [ 0.76637141 -1.86426109 -0.36324517]
  [ 0.10049551 -0.98853139 -0.61949279]
  [ 1.32831034 -0.66392979  0.38059278]]]
Experiment	19	-11.132815159279062	5.3725688407209375	139727	8	[[[ 2.5        -0.54006808  0.0908058 ]
  [ 1.32061561 -0.13817406  0.05184493]
  [ 1.37036751 -2.19450376 -0.15351908]
  [ 1.60586388 -1.5402739   0.84616159]
  [ 2.5        -1.7109625   0.20935891]
  [ 1.07481213 -2.46887923  1.06332859]
  [ 1.71622732 -1.2190871  -0.36170083]]]
Experiment	20	-12.351076892526295	4.154307107473704	344341	6	[[[ 2.27929358  1.2747234   0.30219929]
  [ 0.72595883  1.84748803 -0.49759734]
  [ 2.5         1.51484931 -0.72106938]
  [ 1.11773495  1.04080393  0.13368025]
  [ 1.77776914  2.12191426 -1.22212825]
  [ 1.57575711  1.07604097 -0.88201979]
  [ 1.61652142  2.27903602  0.13574169]]]
Experiment	21	-11.035315839403262	5.470068160596737	601274	8	[[[-0.16038839 -0.57436132 -2.29607122]
  [-2.39462206 -1.0229111  -2.11720571]
  [-0.6611748  -1.53036028 -2.38145518]
  [-0.848618   -0.55512084 -1.07345139]
  [-0.82801759  0.33491227 -2.28232158]
  [-1.22808288 -0.71498414 -2.1321032 ]
  [-1.28472743 -1.53882999 -1.47046775]]]
Experiment	22	-11.164190841274264	5.341193158725735	683372	6	[[[-1.369466   -0.40925159 -0.20447629]
  [-1.35189759 -0.77099507 -1.27236301]
  [-1.2406109  -1.49395133 -0.38742565]
  [-2.1205682  -2.15273361 -0.85667448]
  [-2.5        -0.91892114 -1.35841971]
  [-2.5        -0.99173602 -0.10987375]
  [-0.38884252 -0.53339012 -0.73782127]]]
Experiment	23	-11.309968940285255	5.195415059714744	120796	8	[[[-0.53159744  2.5        -0.72785223]
  [-2.40924583  2.08803775  0.43043898]
  [-1.08833826  1.58885419 -0.16571824]
  [-0.48038697  1.26332021 -1.08381158]
  [-1.71496472  1.50254415 -1.01664066]
  [-1.79620626  2.5        -0.61270026]
  [-1.32513538  2.5         0.52684226]]]
Experiment	24	-11.351774629816449	5.153609370183551	557690	8	[[[ 2.06820368e+00  4.59246857e-01 -3.30049857e-01]
  [ 2.50000000e+00  1.44154063e+00 -1.11022502e-01]
  [ 1.17474843e+00  9.99049202e-01 -6.43275690e-01]
  [ 1.02864139e+00 -9.57871869e-02  5.42315484e-04]
  [ 3.68358593e-02  1.25348436e+00 -6.39202746e-01]
  [ 1.75021424e+00  9.00930159e-01  6.88282037e-01]
  [ 5.81708006e-01  8.03999843e-01  3.66205755e-01]]]
Experiment	25	-11.932851077999251	4.5725329220007485	411867	9	[[[-0.32671557 -1.92615833  0.24371195]
  [-1.38237273 -2.24635875  0.27364551]
  [-1.76631609 -2.5         1.5223534 ]
  [-1.15292089 -1.64936518  1.16456651]
  [-1.6396308  -1.24209524 -0.01150079]
  [-0.58914658 -2.5         1.63547426]
  [-2.29393951 -1.99163346  0.68812078]]]
Experiment	26	-11.563454991867763	4.941929008132236	640983	8	[[[-0.68337943 -0.62606876  1.47726498]
  [-2.06207589 -0.63564883  1.32646907]
  [-1.4297347  -0.09078714  2.17174315]
  [-2.30855671 -0.66413931  2.5       ]
  [-1.47924569  0.63965282  1.19649235]
  [-1.38379536 -1.10430332  2.5       ]
  [-2.5         0.36814827  1.5800071 ]]]
Experiment	27	-11.309968940285255	5.195415059714744	120796	8	[[[-0.53159744  2.5        -0.72785223]
  [-2.40924583  2.08803775  0.43043898]
  [-1.08833826  1.58885419 -0.16571824]
  [-0.48038697  1.26332021 -1.08381158]
  [-1.71496472  1.50254415 -1.01664066]
  [-1.79620626  2.5        -0.61270026]
  [-1.32513538  2.5         0.52684226]]]
Experiment	28	-11.351774629816449	5.153609370183551	557690	8	[[[ 2.06820368e+00  4.59246857e-01 -3.30049857e-01]
  [ 2.50000000e+00  1.44154063e+00 -1.11022502e-01]
  [ 1.17474843e+00  9.99049202e-01 -6.43275690e-01]
  [ 1.02864139e+00 -9.57871869e-02  5.42315484e-04]
  [ 3.68358593e-02  1.25348436e+00 -6.39202746e-01]
  [ 1.75021424e+00  9.00930159e-01  6.88282037e-01]
  [ 5.81708006e-01  8.03999843e-01  3.66205755e-01]]]
Experiment	29	-11.932851077999251	4.5725329220007485	411867	9	[[[-0.32671557 -1.92615833  0.24371195]
  [-1.38237273 -2.24635875  0.27364551]
  [-1.76631609 -2.5         1.5223534 ]
  [-1.15292089 -1.64936518  1.16456651]
  [-1.6396308  -1.24209524 -0.01150079]
  [-0.58914658 -2.5         1.63547426]
  [-2.29393951 -1.99163346  0.68812078]]]
Experiment	30	-11.563454991867763	4.941929008132236	640983	8	[[[-0.68337943 -0.62606876  1.47726498]
  [-2.06207589 -0.63564883  1.32646907]
  [-1.4297347  -0.09078714  2.17174315]
  [-2.30855671 -0.66413931  2.5       ]
  [-1.47924569  0.63965282  1.19649235]
  [-1.38379536 -1.10430332  2.5       ]
  [-2.5         0.36814827  1.5800071 ]]]
