Experiment	1	-12.543725670714357	3.961658329285642	126719	8	[[[ 1.74101741  0.99716382  0.92454219]
  [ 0.78685383 -0.3193703  -0.01069798]
  [ 1.00057353 -0.35611134  1.21561159]
  [ 1.77805088 -0.14726133  0.44057691]
  [ 0.67044796  0.5915681   0.75306566]
  [ 1.40513521 -1.26290234  0.34677152]
  [-0.06968051 -0.13286276  0.66908777]]]
Experiment	2	-12.478723209213134	4.026660790786865	418852	7	[[[-2.04164957 -0.57002057 -0.45764815]
  [-0.58683652 -0.71439251  0.44828048]
  [-0.26486963  0.42802867  0.46435803]
  [-1.03165243 -1.04922679 -0.60461436]
  [-1.02309618  0.48779323 -0.85755273]
  [-1.37667358  0.04702692  0.13361918]
  [-0.16331276 -0.15031002 -0.53035047]]]
Experiment	3	-13.452297258650699	3.0530867413493006	656893	7	[[[-1.0250908   0.06003406 -0.4270043 ]
  [-0.60206285  0.34582567 -1.41694478]
  [-0.76660286  1.13283267 -0.71341692]
  [ 0.11965705  0.28541096 -0.51505339]
  [-1.10668989  1.38185594 -1.72137119]
  [ 0.24309892  1.08134951 -1.26239339]
  [-0.63804828  0.67627749 -2.5       ]]]
Experiment	4	-12.614033547150962	3.8913504528490375	104059	8	[[[-1.59614034  2.42080011 -0.53279592]
  [-0.5979835   2.27014101 -1.00961234]
  [-1.06887153  1.7780035   0.75799136]
  [-0.30975744  2.27787014  0.1232609 ]
  [-0.05680253  1.21906639  0.60220143]
  [-0.89522019  1.15764873 -0.19301676]
  [ 0.18405552  1.46973215 -0.61802612]]]
Experiment	5	-12.535105706818193	3.9702782931818064	574176	6	[[[ 0.73545278  0.81912665 -0.73400651]
  [ 0.63192665  0.6182913  -1.78809433]
  [-0.29880504  1.28640424 -0.52565554]
  [-0.26528391  2.15731586 -1.89339321]
  [ 0.05532948 -0.03177737 -0.98292196]
  [ 0.44677664  1.63228589 -1.32189535]
  [-0.35117181  0.94080441 -1.74739573]]]
Experiment	6	-13.28108722864821	3.2242967713517903	495970	8	[[[-0.04023342 -0.64572831  0.68808936]
  [-0.15672989 -0.15805704  1.96774281]
  [ 0.21971573  0.5840794   1.23538452]
  [-0.86224497 -0.17065998  1.20013179]
  [ 0.02757939  0.44754549  0.01180942]
  [-0.77360545  0.78637395  0.68944811]
  [-0.66716603  0.83104507  1.81744485]]]
Experiment	7	-12.709425222758426	3.795958777241573	215866	7	[[[-0.94510599  0.08653724 -0.86437473]
  [-0.81278245 -2.29339107 -0.59031633]
  [-0.85077684 -0.92565774 -0.20109814]
  [-0.90595882 -0.60179586 -1.99972003]
  [-0.9462582  -1.66688532 -1.48976207]
  [-1.52602287 -0.75901912 -1.07470573]
  [-0.20290454 -0.75575098 -1.08547045]]]
Experiment	8	-12.811185246591098	3.6941987534089016	199477	7	[[[-0.10389264  0.98773162  0.82700787]
  [-0.8928228   1.7153944   0.49807022]
  [-0.61070942  0.08501764  0.5555229 ]
  [-0.97169267  1.71543413 -0.67256052]
  [-0.07854183  0.88921967 -0.2666428 ]
  [-1.40103171  0.73367477 -0.13206259]
  [-1.42271441  0.74648847  1.00031986]]]
Experiment	9	-12.712165790663626	3.7932182093363735	315147	7	[[[ 1.33693518 -0.04590535 -1.79249546]
  [ 0.56759209 -0.3320034  -0.97399777]
  [ 1.90279641 -0.6267092  -0.89752556]
  [ 0.37325682  0.52047972 -1.66384727]
  [ 1.12653147  0.8214933  -0.94862424]
  [ 0.179492    0.56828689 -0.43803766]
  [ 1.15744168  0.17953788  0.11610276]]]
Experiment	10	-13.230942569629663	3.274441430370336	62634	9	[[[ 0.12636335  0.12349497  0.50908826]
  [-0.50143529  1.95259581  0.2520178 ]
  [-0.40786497  0.72519862 -0.3127893 ]
  [-1.34629214  0.25345716 -0.63077925]
  [-0.94523013 -0.06947855  0.3358944 ]
  [-1.19624883  1.42589452 -0.48022438]
  [-1.0771439   1.0185605   0.48752216]]]
Experiment	11	-12.543534984283413	3.961849015716586	538882	5	[[[-0.68130874 -0.02313082  1.1720702 ]
  [ 0.58897229  1.28472589  1.61373887]
  [-0.11436614 -1.04012162  1.05169801]
  [-0.50793055  0.90457818  1.85287855]
  [ 0.34138844  0.2087869   1.77261937]
  [ 0.31185939 -0.18086314  0.57940186]
  [-0.27190705  0.92041074  0.65347342]]]
Experiment	12	-12.405859500997257	4.099524499002742	610065	8	[[[-0.37281942 -0.59236784  0.00937922]
  [ 0.30744039 -2.06286911  0.82750587]
  [-1.43427911 -1.57472454  1.24356984]
  [-0.43897915 -1.77162508 -0.37449715]
  [-1.40318186 -1.92273152  0.08191798]
  [-0.7570132  -2.5         0.71065632]
  [-0.53454683 -1.41904898  0.70275093]]]
Experiment	13	-12.427870235383082	4.077513764616917	319445	8	[[[ 0.40346495 -1.76610228 -0.57363353]
  [ 0.12243971 -0.94273898 -1.37970312]
  [ 0.73351589 -0.11856345 -1.75679751]
  [-0.03027529 -0.67272453 -0.30937145]
  [ 1.17862153 -0.85170364 -0.80105957]
  [-0.61735359 -1.745966   -0.91668087]
  [-0.28618647  0.10324631 -1.06051438]]]
Experiment	14	-12.239557909124898	4.265826090875102	75648	8	[[[-0.79971386 -0.44515852 -1.60332708]
  [-0.39589227 -1.16709161 -0.10894263]
  [-1.27611711 -0.7921456  -0.63977487]
  [-1.36499454 -0.81459767  0.46486788]
  [-0.11439105 -0.27167906 -0.69721598]
  [-1.11673835 -1.48883849 -1.41206693]
  [-1.58380475 -1.82405525 -0.3217926 ]]]
Experiment	15	-12.45538331787158	4.05000068212842	489286	7	[[[-0.66964212 -1.0757317   1.50660766]
  [ 0.34873182 -1.22269486  0.97062702]
  [ 0.96101702 -1.32592464  2.07441284]
  [-0.70075937  0.1536413   1.96258948]
  [ 0.27401893 -0.13824687  1.4066508 ]
  [ 1.30967715 -0.73271369  1.25629247]
  [ 0.01765119 -0.63034501  2.33714802]]]
Experiment	16	-12.95820842644425	3.5471755735557498	503479	7	[[[ 0.77898041 -0.10651987  0.16678228]
  [-0.01240827  0.69874829 -0.10558334]
  [-0.49735688 -0.25148193  0.3780338 ]
  [-1.07299651  0.7217901   0.70562029]
  [ 1.3454633  -0.18486074  1.07102936]
  [ 0.27367422 -0.72023275  1.10920536]
  [ 0.20362842  0.38259989  1.05752987]]]
Experiment	17	-12.83506307030551	3.6703209296944888	445236	6	[[[ 1.63211711  0.43761246 -2.35384403]
  [ 2.39317223  0.59769563 -0.43160352]
  [ 2.5         0.48786411 -1.74891921]
  [ 1.66978766 -0.17545693 -1.01953378]
  [ 1.58951083  0.94033356 -1.34806854]
  [ 0.67947051  0.24481135 -1.63492467]
  [ 1.16695704  0.75527444 -0.37388775]]]
Experiment	18	-12.106930102891582	4.398453897108418	17600	9	[[[ 1.16240815 -0.53915387 -0.00187737]
  [ 0.01813405 -0.96228059  1.43883294]
  [ 0.01038987 -0.29521849  0.50229999]
  [-1.07518736 -0.23755305  0.19901092]
  [ 0.6116117  -1.24552687  0.51622933]
  [ 0.01768703 -0.93194562 -0.64508965]
  [-0.60118025 -1.22690693  0.42461009]]]
Experiment	19	-12.804225449201056	3.7011585507989437	699129	9	[[[-0.57188522 -0.17020724 -0.58363443]
  [ 0.42721298 -1.37351458 -2.37411787]
  [ 0.7007155   0.32256907 -1.45476433]
  [ 0.70208747 -0.46032147 -0.66748257]
  [ 0.56829253 -0.11571692 -2.49642303]
  [ 1.21260812 -0.75857079 -1.70551683]
  [ 0.01907642 -0.60396154 -1.64203651]]]
Experiment	20	-12.838411456020115	3.6669725439798846	662683	7	[[[-1.30134149  0.1073016  -0.381588  ]
  [-0.85732427  0.85995261  0.40274796]
  [-1.9265755   0.77521254  0.40637108]
  [-1.36754833  0.65396862  1.36758264]
  [-2.23804624  1.1734687  -0.57338658]
  [-1.45052645  1.71141509  0.71834217]
  [-1.16214713 -0.23031958  0.775933  ]]]
Experiment	21	-13.245919614479678	3.259464385520321	84748	8	[[[-1.37794285  0.95456961  1.46309587]
  [-0.02959441 -0.00883917  0.95349731]
  [-0.51751137  0.90598946  0.58594159]
  [-0.72173759 -1.02064881  0.78069356]
  [-1.00317312 -0.12787428  1.50753685]
  [-1.42229963  0.35182044  0.5982459 ]
  [-0.39447729  0.73544018  1.7358646 ]]]
Experiment	22	-12.68614260931164	3.8192413906883598	676086	6	[[[-0.23078855 -0.08278883 -1.55386767]
  [ 0.69337435 -1.89939669 -1.46987788]
  [ 0.57942522 -0.72466825 -1.81523829]
  [-0.5253478  -1.23763046 -1.87083317]
  [-0.03099019 -1.05160081 -0.92099212]
  [ 0.25276478 -1.50230511 -2.5       ]
  [-0.96578403 -0.43564506 -0.90904732]]]
Experiment	23	-12.261817370341417	4.243566629658583	673846	8	[[[-1.13637794  0.3085387   0.80308942]
  [-0.94070716 -0.88641791  0.4740172 ]
  [-2.12612184 -1.0033872   0.84420699]
  [-0.71521106 -0.04271599 -0.22099648]
  [-1.7182956  -0.23217904  0.04649541]
  [-0.7848815  -1.33540022 -0.52267288]
  [-2.21495151  0.00605572  1.08282997]]]
Experiment	24	-12.562741420499579	3.9426425795004203	344620	7	[[[-1.39807818  0.23325569 -0.34440412]
  [-2.4613937   0.63554124 -0.21471305]
  [-1.51353274  1.07419239  0.25732768]
  [-1.54470797  1.00268428 -1.13973432]
  [-0.48894709  0.84797315 -0.27630428]
  [-0.89144415  1.83476054 -0.57302957]
  [-2.20457114  1.78482594 -0.07402489]]]
Experiment	25	-12.692720951620402	3.812663048379598	213804	8	[[[-1.65059755  1.20010967 -1.05631893]
  [-1.00210257  1.65315193 -0.15947321]
  [-0.64967274  0.83971921 -0.75651975]
  [-1.25002483 -0.06167406 -0.82108143]
  [-1.34071916  0.67467615  0.12074455]
  [-1.2917125   0.5930409  -1.78097212]
  [-0.49708429  1.72571273 -1.33120416]]]
Experiment	26	-12.543725670714357	3.961658329285642	126719	8	[[[ 1.74101741  0.99716382  0.92454219]
  [ 0.78685383 -0.3193703  -0.01069798]
  [ 1.00057353 -0.35611134  1.21561159]
  [ 1.77805088 -0.14726133  0.44057691]
  [ 0.67044796  0.5915681   0.75306566]
  [ 1.40513521 -1.26290234  0.34677152]
  [-0.06968051 -0.13286276  0.66908777]]]
Experiment	27	-12.478723209213134	4.026660790786865	418852	7	[[[-2.04164957 -0.57002057 -0.45764815]
  [-0.58683652 -0.71439251  0.44828048]
  [-0.26486963  0.42802867  0.46435803]
  [-1.03165243 -1.04922679 -0.60461436]
  [-1.02309618  0.48779323 -0.85755273]
  [-1.37667358  0.04702692  0.13361918]
  [-0.16331276 -0.15031002 -0.53035047]]]
Experiment	28	-13.452297258650699	3.0530867413493006	656893	7	[[[-1.0250908   0.06003406 -0.4270043 ]
  [-0.60206285  0.34582567 -1.41694478]
  [-0.76660286  1.13283267 -0.71341692]
  [ 0.11965705  0.28541096 -0.51505339]
  [-1.10668989  1.38185594 -1.72137119]
  [ 0.24309892  1.08134951 -1.26239339]
  [-0.63804828  0.67627749 -2.5       ]]]
Experiment	29	-12.614033547150962	3.8913504528490375	104059	8	[[[-1.59614034  2.42080011 -0.53279592]
  [-0.5979835   2.27014101 -1.00961234]
  [-1.06887153  1.7780035   0.75799136]
  [-0.30975744  2.27787014  0.1232609 ]
  [-0.05680253  1.21906639  0.60220143]
  [-0.89522019  1.15764873 -0.19301676]
  [ 0.18405552  1.46973215 -0.61802612]]]
Experiment	30	-12.535105706818193	3.9702782931818064	574176	6	[[[ 0.73545278  0.81912665 -0.73400651]
  [ 0.63192665  0.6182913  -1.78809433]
  [-0.29880504  1.28640424 -0.52565554]
  [-0.26528391  2.15731586 -1.89339321]
  [ 0.05532948 -0.03177737 -0.98292196]
  [ 0.44677664  1.63228589 -1.32189535]
  [-0.35117181  0.94080441 -1.74739573]]]

