Experiment	1	-11.636757340067861	4.868626659932138	403729	7	[[[-0.95464872  0.45393035  1.2150411 ]
  [-0.98479078  1.47345923  1.54183723]
  [-1.80841032  1.37199357  0.77087048]
  [-2.35972634  1.69834709  2.31042897]
  [-0.30837794  0.83704513  2.04505559]
  [-0.60587983  1.3675004   0.49093955]
  [-1.72990354  0.81674609  1.88386163]]]
Experiment	2	-12.174868223540011	4.330515776459988	121061	9	[[[ 2.5        -2.25886446 -0.21139562]
  [ 2.5        -0.75176582  0.03670472]
  [ 1.56154269 -0.49261362 -0.59377035]
  [ 1.70781124 -1.43816887 -0.13698043]
  [ 1.50493327 -0.84878832 -1.89239452]
  [ 0.90452108 -1.30232656 -0.99336649]
  [ 2.24185918 -1.12193398 -1.1249584 ]]]
Experiment	3	-13.08761552828565	3.41776847171435	618399	9	[[[-1.00643277  1.76370359  2.14529057]
  [-1.31739385  1.05593376  1.29592248]
  [-2.08051648  1.69412646  1.92466873]
  [-1.54947002  0.8427647   2.5       ]
  [-0.47972197  0.77020647  2.14200698]
  [-0.0864366   1.91942977  1.28948376]
  [-0.30138356  0.71870978  1.0724989 ]]]
Experiment	4	-11.404118836712062	5.1012651632879376	408166	8	[[[-1.54510429  0.98438186 -0.85444646]
  [-1.83824741  0.17333344 -1.6271875 ]
  [-0.15836509 -0.91985545 -2.34616722]
  [-0.77898795  0.0165674  -2.5       ]
  [-0.77485545  0.29285199 -1.52191073]
  [-1.17875901 -0.68568826 -1.62131525]
  [ 0.1630157   0.11879544 -2.03705248]]]
Experiment	5	-10.82719186855812	5.678192131441879	287351	7	[[[ 1.67552652 -0.37826211 -1.30791901]
  [ 1.77956657 -0.34158997 -2.34016781]
  [ 0.5259185  -0.56943525 -0.62008295]
  [ 2.40954287 -0.63972328 -0.60350216]
  [ 1.31842601 -1.2626969  -0.92430994]
  [ 2.5        -1.0058659  -1.70859834]
  [ 1.38023477 -0.87022567  0.10373269]]]
Experiment	6	-11.472122603902145	5.0332613960978545	554722	7	[[[ 0.36325064 -2.5         1.5611407 ]
  [-0.33478361 -1.79155378  1.37771966]
  [ 0.59463842 -1.56457908  0.63174437]
  [ 1.26880475 -2.45456173  0.55506388]
  [-0.02852657 -2.5         0.44049777]
  [ 0.77565591 -0.37026182  0.90357937]
  [ 0.63099111 -1.35991033  1.66847587]]]
Experiment	7	-11.753178010077114	4.752205989922885	598352	8	[[[ 0.27408083  0.15529137 -1.11280065]
  [ 1.36147593  0.82758453 -1.86429366]
  [-0.6094811   1.46153049 -0.56440332]
  [ 0.23488519  0.65097975 -2.35243189]
  [-0.40294769  0.91438303 -1.46143435]
  [ 0.40413095  1.11247646 -0.80546055]
  [ 0.47372883  1.62143575 -1.81811329]]]
Experiment	8	-12.431579391236001	4.073804608763998	24722	9	[[[-1.0962364   2.09568803 -1.74239402]
  [-1.69548678  1.15635791 -1.44102443]
  [-2.5         0.94603556 -2.03939476]
  [-0.20461488  1.38652513 -1.8923089 ]
  [-2.15935477  2.18332307 -1.8537579 ]
  [-1.57490042  2.00210676 -0.74442416]
  [-1.49501426  1.39309419 -2.5       ]]]
Experiment	9	-12.212625642565738	4.292758357434261	203577	8	[[[ 0.77589144 -1.76028949  2.5       ]
  [-0.67832227 -1.30909165  1.04638588]
  [ 1.07832453 -1.84908273  1.38162915]
  [-0.08181414 -1.21342766  2.04076149]
  [ 0.00735226 -2.2962189   1.45034566]
  [ 0.24451585 -1.68661452  0.53359911]
  [ 1.14358372 -0.94259257  1.91319906]]]
Experiment	10	-11.301380172994953	5.204003827005046	334585	7	[[[-2.08034791  0.5170795   0.68831615]
  [-0.44342377  0.32233955  0.68287563]
  [-0.77583381 -0.7033227   1.14892234]
  [-1.87650163 -0.8644743   0.84437604]
  [-1.11085398  0.2914714   1.55552355]
  [-1.46569118 -0.06624036  0.08481304]
  [-0.8499301  -0.96707245 -0.07439632]]]
Experiment	11	-11.508502793759636	4.996881206240364	546472	8	[[[ 1.45116024 -0.13876127  0.93471594]
  [ 2.36580698 -0.68131708  1.13790172]
  [ 0.59648973  0.11143031  0.39299956]
  [ 2.5         0.10885724  0.29685839]
  [ 1.5077252   0.38078137 -0.23941293]
  [ 1.37687758  0.94054033  0.79200162]
  [ 1.33116349 -0.76207583 -0.41190008]]]
Experiment	12	-11.383344638148781	5.122039361851218	27987	9	[[[ 0.30937017  0.93960384  0.34287504]
  [ 1.1696068   0.83397048 -1.02488842]
  [ 0.56957528 -0.78861059 -0.04703431]
  [-0.12772373 -0.02822883  0.50804905]
  [ 0.33931124  0.14751123 -0.73416257]
  [ 1.13075362  0.20073095  0.03595561]
  [ 0.89183225 -0.35045747 -1.43133495]]]
Experiment	13	-12.154711187666374	4.350672812333626	73720	8	[[[-2.5         0.6097274  -1.4849851 ]
  [-1.42884502  0.75207773 -1.96493882]
  [-2.5        -0.40220337 -0.80390984]
  [-1.55639583  0.15504789 -1.00224236]
  [-2.5        -0.20112645 -2.21246894]
  [-0.72709419  0.16735848 -2.5       ]
  [-1.39802011 -0.48858623 -1.90099083]]]
Experiment	14	-13.004555758667669	3.5008282413323304	467193	9	[[[-1.51828149 -2.18949855 -0.448049  ]
  [-1.30760038 -1.33080105  0.89974433]
  [-2.36377625 -1.23387153  0.55352901]
  [-1.93115258 -2.23538706  0.61615056]
  [-1.44752557 -0.97727664 -0.0909989 ]
  [-2.5        -1.71199607 -0.45026886]
  [-0.61663185 -1.6053378  -0.33971064]]]
Experiment	15	-11.296318871875743	5.209065128124257	686647	5	[[[-0.67237453  1.46873067  1.86892611]
  [ 0.64497769  1.46835325  1.82564572]
  [ 1.00115595  2.5         0.81172537]
  [-0.05551783  2.34605054  1.29262152]
  [-0.67008151  1.49866691  0.54582654]
  [-0.02789719  0.87964439  1.26248716]
  [ 0.93045987  1.39451994  0.63953745]]]
Experiment	16	-12.193413789109503	4.311970210890497	425371	7	[[[-0.3014668  -1.40055046 -0.82745086]
  [ 0.5543554  -0.64743571 -0.00482505]
  [-1.36641375 -1.84266233 -0.41395601]
  [-0.45591145 -2.5        -0.4305849 ]
  [-0.26072369 -1.63232391  0.23285752]
  [-0.802535   -2.3343743  -1.49964423]
  [ 0.76050516 -1.76975971 -0.37625366]]]
Experiment	17	-11.26025972518281	5.24512427481719	157389	7	[[[ 0.92640804 -1.16497415 -1.81438993]
  [ 0.42914853 -1.21504801 -0.93153773]
  [-0.22963695 -1.07045732 -1.76443617]
  [-0.20566989 -0.41462199 -0.37085022]
  [ 0.70632296 -0.23985282 -1.31603795]
  [ 1.6902457  -0.46430419 -1.83494657]
  [ 0.83086621 -0.01058653 -2.34980293]]]
Experiment	18	-10.94069665572401	5.56468734427599	465568	8	[[[ 1.98317642 -0.89081667  0.94256413]
  [ 1.94806642  0.93101445  0.97218435]
  [ 1.445569    0.50804378  1.77699802]
  [ 2.1216289   0.2088035   0.25043334]
  [ 0.89875597 -0.45393655  0.97002878]
  [ 2.5         0.02017442  1.25503211]
  [ 2.5         0.98775105  1.96809248]]]
Experiment	19	-11.49803237199997	5.007351628000029	627586	6	[[[ 0.03047985  0.83892192  0.19747423]
  [ 0.41813461 -0.19758772  0.2489416 ]
  [ 1.32953617  0.45184941 -0.15993041]
  [ 0.13840644 -0.32625598 -0.8129902 ]
  [ 0.54067373 -1.3617077  -0.18727599]
  [ 1.49958891 -0.74400942  0.33204848]
  [ 1.34000084 -0.50670844 -0.84603797]]]
Experiment	20	-11.696344960902447	4.809039039097552	137453	9	[[[ 0.57289024  0.91232474  1.99596428]
  [ 0.57235172 -0.0838781   1.52124304]
  [ 1.04978904  0.74015506  0.84418729]
  [-0.06998471  0.98384924  0.94585018]
  [ 1.84973169  1.34268743  1.82723482]
  [ 0.73004966  1.67813742  1.13114074]
  [ 0.91198506  1.47195171  0.01119228]]]
Experiment	21	-11.002015623833236	5.5033683761667636	91318	9	[[[-0.30915328  0.73960925 -0.58658733]
  [ 0.72129005  1.10517669 -0.9838316 ]
  [ 0.52814257  0.22499418 -0.16151608]
  [-0.23847977  1.06929607  0.65588818]
  [-0.4445138  -0.15579136  0.19731589]
  [ 1.67951702  1.57136324 -0.17964   ]
  [ 0.58661901  1.64744179  0.05240649]]]
Experiment	22	-11.967351729185701	4.538032270814298	188383	8	[[[ 0.1219863   0.02570873 -1.111515  ]
  [ 0.33296985 -1.20133802 -1.0738901 ]
  [ 0.84108942  0.19674451 -0.27772579]
  [ 0.64444068 -0.55467793 -1.89813927]
  [ 2.22420335 -0.33987266 -1.33250421]
  [ 1.17741065 -0.46820251 -1.01144739]
  [ 0.01501245 -0.60234139 -0.1129148 ]]]
Experiment	23	-11.232468613629909	5.272915386370091	136550	9	[[[ 2.06774281 -2.5         0.13514365]
  [ 2.41853039 -1.53137585 -0.63850815]
  [ 2.33039405 -0.57598882 -1.15406471]
  [ 2.04684328 -0.64964863 -0.0313057 ]
  [ 2.42804987 -1.54669747  0.47797918]
  [ 0.59170784 -0.97157132  0.65374033]
  [ 1.3364654  -1.69485321 -0.09067139]]]
Experiment	24	-11.527128627853182	4.978255372146817	27393	9	[[[1.50907173 1.3036437  2.5       ]
  [0.59913428 0.23854657 1.29541757]
  [1.17710771 1.02271117 0.61487875]
  [1.23343915 0.29046579 2.17186438]
  [2.10854539 1.24499717 0.02967408]
  [2.05039744 0.97071281 1.41639862]
  [0.78139791 1.21557099 1.6212923 ]]]
Experiment	25	-12.153804908682071	4.351579091317928	89581	8	[[[-0.25671064 -0.38836914 -0.05851112]
  [-1.17322389 -0.64490688  0.97932909]
  [-0.39179157  0.72939819 -0.36393346]
  [-0.20267342  0.17273088  0.9528899 ]
  [ 0.74632296  0.07233836  0.15450102]
  [-1.18737058 -1.00941954 -0.03030364]
  [-1.32884553  0.09352975  0.15204844]]]
Experiment	26	-11.264575553543164	5.240808446456835	155264	8	[[[-2.5        -2.13443904  0.79197475]
  [-1.30424351 -1.66522984  1.89431856]
  [-1.07054166 -1.91204254  0.58802334]
  [-1.99315545 -1.1344344   0.11973319]
  [-2.31702143 -1.15879471  1.58497475]
  [-1.33679021 -0.96258294  1.07571908]
  [-1.64810076 -0.68057101  2.23737394]]]
Experiment	27	-11.337735746551582	5.167648253448418	98283	8	[[[-2.41634857 -1.62050659  2.1249096 ]
  [-1.2563067  -1.15441759  2.06678831]
  [-1.16636164 -0.78065226  0.47766551]
  [-1.2608031  -0.0079209   1.71199681]
  [-2.25094395  0.29928034  1.31950627]
  [-2.08647009 -0.83870174  1.21870431]
  [-1.93287589 -0.40379479  2.5       ]]]
Experiment	28	-11.636757340067861	4.868626659932138	403729	7	[[[-0.95464872  0.45393035  1.2150411 ]
  [-0.98479078  1.47345923  1.54183723]
  [-1.80841032  1.37199357  0.77087048]
  [-2.35972634  1.69834709  2.31042897]
  [-0.30837794  0.83704513  2.04505559]
  [-0.60587983  1.3675004   0.49093955]
  [-1.72990354  0.81674609  1.88386163]]]
Experiment	29	-12.174868223540011	4.330515776459988	121061	9	[[[ 2.5        -2.25886446 -0.21139562]
  [ 2.5        -0.75176582  0.03670472]
  [ 1.56154269 -0.49261362 -0.59377035]
  [ 1.70781124 -1.43816887 -0.13698043]
  [ 1.50493327 -0.84878832 -1.89239452]
  [ 0.90452108 -1.30232656 -0.99336649]
  [ 2.24185918 -1.12193398 -1.1249584 ]]]
Experiment	30	-13.08761552828565	3.41776847171435	618399	9	[[[-1.00643277  1.76370359  2.14529057]
  [-1.31739385  1.05593376  1.29592248]
  [-2.08051648  1.69412646  1.92466873]
  [-1.54947002  0.8427647   2.5       ]
  [-0.47972197  0.77020647  2.14200698]
  [-0.0864366   1.91942977  1.28948376]
  [-0.30138356  0.71870978  1.0724989 ]]]

