Experiment	1	-12.466906132637229	4.03847786736277	450799	6	[[[ 7.66725134e-01  1.57054565e+00 -7.07111546e-04]
  [-1.56772017e-02  2.35040829e+00 -5.28019937e-01]
  [ 4.69961517e-02  4.34184505e-01 -8.57240787e-01]
  [-3.55932462e-01  1.31740784e+00 -5.25013860e-02]
  [ 1.16832778e+00  6.03067502e-01 -4.41343576e-01]
  [-5.92303072e-01  1.47738396e+00 -1.19971450e+00]
  [ 7.42463211e-01  1.40279550e+00 -1.17269624e+00]]]
Experiment	2	-12.940885223074634	3.5644987769253653	426400	7	[[[-1.64352658 -1.46165208 -0.36236819]
  [-2.5        -1.93360012 -1.03738564]
  [-1.93751612 -0.65898784 -1.07277979]
  [-0.85864451 -0.61322214 -1.25617114]
  [-2.5        -0.89469459 -1.9819635 ]
  [-1.51132672 -2.46464414 -0.97260794]
  [-1.63498148 -1.54832954 -1.58959428]]]
Experiment	3	-12.899113312047067	3.6062706879529323	510821	7	[[[-0.03923659 -0.34111812  0.51089284]
  [-1.01210017 -0.1835449   0.12911082]
  [ 0.74428238 -0.9557802  -0.18663721]
  [-0.29937325 -0.70126236 -0.4815605 ]
  [-0.39171094  0.36794059 -0.64970058]
  [ 0.62143458  0.06499577 -0.35757199]
  [ 0.6912504  -0.16772584 -1.44334527]]]
Experiment	4	-13.387051326430306	3.118332673569693	76728	8	[[[ 0.16602034  0.40837784  0.48781411]
  [-0.2640675   1.61658116  0.83578648]
  [-0.42077425  1.9347676  -0.25507024]
  [ 0.12293327  1.0027003  -0.46619232]
  [-0.79741431  0.98446625  0.06065195]
  [-0.196383    0.77759404  1.4866579 ]
  [ 0.60747899  1.60668654  0.23972538]]]
Experiment	5	-12.548264114056543	3.957119885943456	277033	9	[[[ 0.12604148  1.22044123  0.73739842]
  [ 0.30361973  1.00393693  1.91693824]
  [-0.15218938 -0.07986867  2.5       ]
  [-0.13373715  0.31438422  1.18913593]
  [-0.58392915  1.66832148  1.44194019]
  [-1.13333008  0.72452908  1.02549033]
  [-0.81964241  0.97171557  2.21774714]]]
Experiment	6	-13.235991639526414	3.269392360473585	289646	7	[[[-0.36427645 -1.4848595  -1.40876997]
  [ 0.83719549 -1.7903428  -1.18284227]
  [ 0.14022434  0.31786748 -1.80792257]
  [ 0.08058254 -0.57915642 -0.99011789]
  [-0.69072941 -0.53013027 -1.85861375]
  [ 1.15552469 -0.77554225 -0.92031932]
  [ 0.55667129 -0.87498771 -1.87569933]]]
Experiment	7	-13.070754434662241	3.434629565337758	497426	6	[[[ 0.20372147  0.27548314 -1.69961462]
  [ 0.2283069   1.36518482 -0.94810685]
  [ 1.05627009  0.40324728 -0.90452999]
  [ 0.15407671  1.13417126 -2.5       ]
  [-0.55987668  1.27182662 -1.63021835]
  [ 0.22276256  2.15223655 -2.01400061]
  [ 1.06362984  1.12094296 -1.76102326]]]
Experiment	8	-12.364158406480845	4.141225593519154	631578	6	[[[ 0.14101405  1.91187922  0.71844553]
  [-0.34064302  0.88684958  0.43967987]
  [-0.07919426  0.45428967  2.37344334]
  [ 0.2713177   0.5331251   1.29453868]
  [-0.61326949  1.29623465  1.46695169]
  [ 0.0690368   1.47350879 -0.34751458]
  [ 0.87482185  1.15080811  0.44326138]]]
Experiment	9	-12.532741937176976	3.9726420628230237	478390	9	[[[ 0.42292777 -1.68580225 -1.81883841]
  [-0.14234692 -1.75430185 -0.74186414]
  [ 0.11442777 -0.84989566 -0.16650705]
  [-0.85796642 -1.65628261 -1.49072579]
  [ 0.75702187 -0.14251089 -1.18280128]
  [-0.14291629 -0.73298212 -1.20170204]
  [ 0.85934976 -1.1546223  -1.03887518]]]
Experiment	10	-12.909226213219306	3.5961577867806938	361487	8	[[[-0.83322315 -0.96324798  0.79166463]
  [-0.05359321 -1.9649471   0.95322885]
  [-0.11789876 -1.1312131   1.62192748]
  [ 0.89516253 -1.61422074  0.74908094]
  [ 0.43847414 -0.68395338  0.77215724]
  [-0.12111723 -1.28276419  0.00618513]
  [ 0.54059102 -2.31492806 -0.1167993 ]]]
Experiment	11	-12.155032758749826	4.3503512412501735	357449	6	[[[-2.5         1.11830849  0.80268004]
  [-2.5        -0.02866199  0.47049503]
  [-1.708851    0.13544503  1.16313181]
  [-1.84629156  0.49313141 -0.30209649]
  [-0.86869728  0.96128922 -0.09569371]
  [-1.76805166  1.60333001 -0.24981588]
  [-1.42628004  1.0791653   0.75439473]]]
Experiment	12	-12.640299634488208	3.865084365511791	582313	5	[[[-1.67572303 -0.15588151  0.39482482]
  [-2.21549337 -0.00525206 -0.8648422 ]
  [-1.28566268 -0.83636756 -0.4585118 ]
  [-1.17897763  0.37946959 -0.58535504]
  [-1.16881331  1.00761424  0.79270367]
  [-2.18561795  0.71336649  0.07415818]
  [-0.62377871  0.14290845  0.32210162]]]
Experiment	13	-13.368360020719761	3.1370239792802384	332461	7	[[[-1.96975205 -0.53809936 -1.29786241]
  [ 0.15041397 -0.17057198 -1.66571644]
  [-0.96659697  0.07618426 -1.23784873]
  [-1.41175977 -1.55088532 -1.4856864 ]
  [-1.2061302  -0.57892524 -2.15106833]
  [-1.25194838 -0.76526661 -0.4045289 ]
  [-0.44040531 -0.96306904 -1.30856469]]]
Experiment	14	-12.35199266930191	4.1533913306980885	171055	9	[[[-1.3125726  -0.88111475  2.10493431]
  [-1.92990605 -1.95559272  1.58928543]
  [-0.05961136 -0.89639927  2.5       ]
  [-1.37499433 -1.11497799  1.03054201]
  [-0.1914688  -0.7943532   1.42407761]
  [-0.77107241 -1.78155244  2.06439741]
  [-0.96844153 -2.19146708  0.99727338]]]
Experiment	15	-12.730991110768551	3.7743928892314482	121560	8	[[[ 1.69336225 -0.94609229 -0.30978639]
  [ 0.79513137 -0.51421682 -0.80392323]
  [ 0.27977164  0.27780362 -0.22838763]
  [ 0.79865281  0.52234971  0.84997137]
  [ 1.38144157  0.19868661 -0.20694253]
  [ 1.3550046  -0.4789251   0.63346417]
  [ 0.68440725 -1.14881083  0.26970415]]]
Experiment	16	-12.316018246588687	4.1893657534113125	138225	8	[[[ 0.78044309 -0.22774048  0.24679551]
  [ 0.5062493  -0.06987737  1.36934423]
  [-0.26172338  0.82972289  0.82681568]
  [ 0.7533306   0.99596879  1.12429134]
  [ 1.38625163  0.77937368  0.22727716]
  [ 0.29330393  0.81147493 -0.25823886]
  [ 1.71998087  0.32552817  1.22944585]]]
Experiment	17	-12.730396976432909	3.774987023567091	369116	7	[[[-0.58686554 -0.54766775  0.33024178]
  [ 0.41074705 -0.07347376  0.0029606 ]
  [-0.37422642  0.64586218 -0.11935592]
  [ 0.59355315 -0.49958066  1.3171602 ]
  [-0.16724264  0.260064    0.8272446 ]
  [-0.9852772  -0.08932391 -0.64960547]
  [-1.2727729   0.34415134  0.37001217]]]
Experiment	18	-13.064504587601537	3.4408794123984627	572589	6	[[[ 1.22095338  0.23952131 -2.37801442]
  [ 0.38364477 -0.31584126 -1.67522262]
  [ 1.45578748 -0.80332238 -1.93579262]
  [ 1.05047453 -0.04273093 -0.87758183]
  [ 0.70969346 -1.04376642 -0.86634432]
  [ 0.5406907   0.77215013 -1.46700708]
  [-0.12097252 -0.29699443 -0.68330854]]]
Experiment	19	-13.021644631739337	3.4837393682606628	253225	9	[[[ 0.62573051  0.96074544  0.05825137]
  [-0.02007579  1.76096243  0.05975904]
  [-0.18675587  0.44862857 -0.29066595]
  [ 0.7893053   1.92352798 -0.61175548]
  [ 0.09850164  0.22645829 -1.42106815]
  [ 0.98939158  0.81689751 -0.97569649]
  [-0.09000478  1.27761511 -1.09968438]]]
Experiment	20	-12.37457194186446	4.13081205813554	83198	8	[[[-1.40743837 -0.87763446  0.90827278]
  [-1.5841139  -1.46171263 -0.01524028]
  [-1.35823168  0.37953335  0.37761606]
  [-2.1425739  -0.36920417  0.08982636]
  [-2.5         0.46024882  0.67424852]
  [-2.5        -1.24221954  0.78514274]
  [-2.5        -0.39378664  1.46706328]]]
Experiment	21	-12.602409280790974	3.902974719209025	98683	8	[[[-3.76601679e-01 -1.00797066e-01  1.85246349e+00]
  [ 4.13459080e-01  1.04963656e-01  8.35144217e-01]
  [-6.28373022e-01 -4.43876266e-01  6.13135380e-01]
  [-1.09354645e+00  2.36118957e-01 -2.59063884e-01]
  [-5.89967159e-01  6.26439577e-01  6.17594026e-01]
  [-8.21472893e-03 -3.96409190e-01 -3.37240771e-01]
  [ 5.30426078e-04  6.57012805e-01 -2.63682513e-01]]]
Experiment	22	-12.543071192806064	3.9623128071939355	107664	8	[[[ 0.53235758  0.29653529 -0.73666107]
  [ 0.37007599  1.16447369 -1.36829571]
  [-0.45676242  1.91194443 -1.63612578]
  [ 1.06747991  0.91545084 -2.19868317]
  [ 0.07397582  0.20112751 -2.01800425]
  [ 0.09426137  1.38202656 -2.37219464]
  [-0.7023533   0.69231997 -1.32239998]]]
Experiment	23	-12.708731805318443	3.796652194681556	332364	7	[[[-0.90771896  1.08175971  0.69020205]
  [-0.32338575  0.49431982 -1.14632774]
  [ 0.17896918 -0.46661957 -0.70200069]
  [ 0.61936991  0.54063036 -0.50284972]
  [-0.52494934  1.31304882 -0.36043243]
  [ 0.19001256  0.64296334  0.56841717]
  [-0.8278902   0.24081856 -0.13528886]]]
Experiment	24	-13.126460799446075	3.378923200553924	140540	7	[[[-0.35071923  0.73602194 -0.10296553]
  [-0.69146455 -0.55990803  0.14891668]
  [-1.02969202 -1.08368145 -0.82431215]
  [-0.45604387 -0.20687422 -0.84994927]
  [-0.21739305 -1.58923943 -0.10478725]
  [ 0.27939366 -0.53685019 -0.18156873]
  [ 0.1607495  -1.1669774  -1.09212348]]]
Experiment	25	-12.54811957908493	3.9572644209150702	355408	8	[[[-0.19943292  0.70343562  1.18047531]
  [ 1.25012583  1.19957494  1.18471431]
  [ 0.51538316  2.49658445  0.97177922]
  [-0.53015022  1.67228945  0.79454938]
  [ 0.42479126  1.41486766  0.5077076 ]
  [ 0.33277523  1.71191304  1.61256796]
  [-0.12321103  2.5         0.15858162]]]
Experiment	26	-12.380023967121925	4.125360032878074	534517	9	[[[-0.84717873 -0.80943121  0.4201575 ]
  [ 0.4912305  -0.30493122  0.04622732]
  [ 1.2365612   0.32130258  0.67779137]
  [-0.05845183 -0.24550216  0.99982723]
  [ 0.3078096   0.85783897  0.87155035]
  [ 0.10572119  0.70244852 -0.32314862]
  [-0.70653436  0.22285872  0.18458924]]]
Experiment	27	-13.175923628063982	3.329460371936017	616146	6	[[[-2.5        -0.14777354  0.7375466 ]
  [-0.92728693 -0.37968519  1.11282916]
  [-0.4802785   0.64378497  0.99522671]
  [-0.50739908 -0.098545    0.10886987]
  [-1.74569843 -0.7692832   0.37947345]
  [-1.72622511  0.45450913  1.60806029]
  [-1.53769414  0.32214292  0.50988492]]]
Experiment	28	-12.466906132637229	4.03847786736277	450799	6	[[[ 7.66725134e-01  1.57054565e+00 -7.07111546e-04]
  [-1.56772017e-02  2.35040829e+00 -5.28019937e-01]
  [ 4.69961517e-02  4.34184505e-01 -8.57240787e-01]
  [-3.55932462e-01  1.31740784e+00 -5.25013860e-02]
  [ 1.16832778e+00  6.03067502e-01 -4.41343576e-01]
  [-5.92303072e-01  1.47738396e+00 -1.19971450e+00]
  [ 7.42463211e-01  1.40279550e+00 -1.17269624e+00]]]
Experiment	29	-12.940885223074634	3.5644987769253653	426400	7	[[[-1.64352658 -1.46165208 -0.36236819]
  [-2.5        -1.93360012 -1.03738564]
  [-1.93751612 -0.65898784 -1.07277979]
  [-0.85864451 -0.61322214 -1.25617114]
  [-2.5        -0.89469459 -1.9819635 ]
  [-1.51132672 -2.46464414 -0.97260794]
  [-1.63498148 -1.54832954 -1.58959428]]]
Experiment	30	-12.899113312047067	3.6062706879529323	510821	7	[[[-0.03923659 -0.34111812  0.51089284]
  [-1.01210017 -0.1835449   0.12911082]
  [ 0.74428238 -0.9557802  -0.18663721]
  [-0.29937325 -0.70126236 -0.4815605 ]
  [-0.39171094  0.36794059 -0.64970058]
  [ 0.62143458  0.06499577 -0.35757199]
  [ 0.6912504  -0.16772584 -1.44334527]]]

