Experiment	1	-12.051327414264223	4.454056585735776	212240	8	[[[ 0.44427159  1.27669864 -1.13025918]
  [ 0.72682318 -0.08105514 -1.34036186]
  [-0.13448003  1.77000203 -0.17883875]
  [-0.34277879  0.56709569 -0.61658875]
  [-0.05557528  2.31106758 -1.1831748 ]
  [-0.89394762  1.66660193 -0.94870244]
  [-0.41771047  0.86334573 -1.66805381]]]
Experiment	2	-11.528944730480989	4.976439269519011	430268	8	[[[ 0.20186058  0.54011608  1.44267666]
  [-0.34133336  1.35130029  0.51079225]
  [-0.36095888 -0.64905215  0.49692793]
  [-1.37518769 -0.4933092   1.05070546]
  [ 0.12406591  0.37971805  0.23747272]
  [-1.08144371  0.30628463  0.01617622]
  [-1.06581712  0.57964922  1.11102164]]]
Experiment	3	-11.762681056235317	4.742702943764682	552423	8	[[[-1.40197671 -0.69119436 -1.27563882]
  [-2.13336007 -0.90350434 -0.47509006]
  [-2.41000186 -0.82891195 -1.8669013 ]
  [-1.60325846 -1.76318221 -0.92108764]
  [-1.09973164 -0.26098399 -2.21269153]
  [-1.40894966 -1.526028   -2.17170016]
  [-0.57261452 -1.67639612 -1.31566149]]]
Experiment	4	-12.332967109616582	4.172416890383417	684371	6	[[[ 0.98930914 -0.89240234 -0.91756546]
  [ 1.91681629 -0.77356093 -1.77186365]
  [ 1.26279446  0.01915458 -0.5215572 ]
  [ 0.38550237 -0.65534221 -0.06500836]
  [ 1.43882875 -0.73040185  0.24358872]
  [ 0.2737537  -1.63040818 -0.59132429]
  [ 2.02998392 -0.77623544 -0.66735271]]]
Experiment	5	-11.818062299485772	4.687321700514227	289164	6	[[[-1.22308387  0.94365029  1.9091028 ]
  [-0.21854367  1.50987217  0.98353   ]
  [ 0.53325604  0.98511857  0.15248244]
  [ 0.86550693  0.66841839  1.18364834]
  [-0.16900667  0.2956804   1.04922338]
  [ 0.45599913 -0.10737679  1.90980215]
  [-0.14113282  1.03084957  1.97548533]]]
Experiment	6	-11.767660109278687	4.737723890721313	337440	7	[[[-1.57383034 -0.10552895 -0.53056163]
  [-2.22032142  0.49764744 -1.69872807]
  [-1.7208081  -0.90754898  0.27611184]
  [-1.64686962 -0.52663039 -1.73145415]
  [-2.48638487 -1.12678023 -1.89359067]
  [-2.5        -0.5078206  -0.88566346]
  [-1.44534341 -1.11355692 -0.80925531]]]
Experiment	7	-11.756829849736699	4.748554150263301	144331	7	[[[ 0.60989895  1.24681886 -2.44285647]
  [ 1.3653883   0.19541786 -0.88167932]
  [ 1.83387414  1.72751792 -2.5       ]
  [ 1.14435509  1.41483841 -1.37540696]
  [ 0.37769567  0.84704162 -0.79956845]
  [ 2.02603442  0.76485169 -1.93328581]
  [ 0.70489786  0.3372321  -1.79233527]]]
Experiment	8	-11.971623299200493	4.533760700799506	520365	6	[[[ 2.08285126 -1.72014736  0.80436677]
  [ 0.55080266 -0.65551886  0.88868498]
  [ 2.5        -0.78540994  0.18305762]
  [ 1.29069675 -1.24400343  1.41876582]
  [ 1.32958837 -0.68491304  0.14734006]
  [ 1.94734001 -0.43890007  1.10208182]
  [ 1.92041435 -0.0171255  -0.51186201]]]
Experiment	9	-11.419565245335143	5.0858187546648566	308303	9	[[[ 0.31067126  2.04978038 -0.46912261]
  [ 1.60724034  0.30438926 -1.28301904]
  [-0.370698    2.30484477 -1.31991406]
  [ 1.23221656  1.28326491 -0.77549653]
  [ 0.87029445  2.25379318 -1.44093399]
  [ 1.82964249  1.50039313 -1.69094489]
  [ 0.23355431  1.40393791 -1.6716046 ]]]
Experiment	10	-11.636764785258487	4.868619214741512	246954	8	[[[-0.60075367 -0.14916177  1.18057975]
  [ 0.01843794 -0.27509328  0.35791941]
  [ 0.66149286  0.52010712  0.17124064]
  [-0.16634405  0.8918942   0.71014234]
  [-0.19103273  0.66065743  2.08054585]
  [ 1.33757162 -0.18141967  0.50637517]
  [ 0.43571542  0.10193811  1.37597723]]]
Experiment	11	-12.083286682769153	4.422097317230847	424355	6	[[[-1.37730879 -1.48910835  1.44792917]
  [-2.29144236 -2.18802888 -0.17565896]
  [-1.44010571 -1.62962718  0.3922966 ]
  [-0.65316927 -0.95717602  0.82583731]
  [-2.4074407  -2.07653827  0.92317464]
  [-0.68598067 -2.27429787  0.88866872]
  [-2.35688756 -0.96191855  0.41200296]]]
Experiment	12	-11.74369540158496	4.76168859841504	331517	7	[[[ 1.72141668 -0.78371325  0.25194804]
  [ 2.44130811 -0.05933032  0.72575219]
  [ 0.89423073 -0.17038637 -0.16848926]
  [ 0.54160765 -0.99261673  0.36954896]
  [ 1.48855118 -1.1713939  -0.83240531]
  [ 2.5        -1.23861814 -0.4564619 ]
  [ 1.87971293 -0.14278981 -0.57612451]]]
Experiment	13	-11.802840031823917	4.702543968176082	227608	8	[[[-1.30605958 -0.38371434  0.69187631]
  [-2.35582239  0.17985603  1.05632736]
  [-1.46373683 -0.42840381  1.67173158]
  [-0.46192016 -0.74373672  1.35766075]
  [-2.5        -0.35280031  2.09770342]
  [-2.16848285 -0.97606894  1.02470146]
  [-1.70384252 -1.58404988  1.75463374]]]
Experiment	14	-11.837626585184108	4.667757414815892	352555	6	[[[ 0.1321041   0.78048514  0.80473388]
  [ 0.34177282 -0.97458985  0.2682304 ]
  [ 0.95367088  1.12536384  0.21716923]
  [ 0.91470747  0.03377002  0.77128124]
  [ 0.25879466 -0.01233585 -0.22037228]
  [ 1.24384882 -0.01992442 -0.48213073]
  [-0.28110739 -0.31864769  0.76872744]]]
Experiment	15	-10.962332222677604	5.543051777322395	144391	8	[[[ 0.79468349  0.10603741 -0.19768022]
  [-0.32594807 -0.50878294 -1.80896901]
  [-0.43032706 -1.33767039 -1.06458798]
  [-0.26292888 -0.30167061 -0.53707196]
  [ 0.70100414 -1.47487243 -1.4328947 ]
  [-0.5616269  -1.46930068 -2.2857295 ]
  [ 0.5221036  -0.9708526  -0.44843322]]]
Experiment	16	-11.55711466233975	4.94826933766025	377238	6	[[[ 0.5261659   0.46975222  2.40132885]
  [-0.60466506  0.85392351  1.04262746]
  [ 0.44361131  1.42968818  1.3142278 ]
  [ 1.33357957  0.82550647  0.71553908]
  [ 0.99775334  1.37186245  2.3171608 ]
  [ 1.55872975  0.52635758  1.80126942]
  [ 0.38290655  0.34692454  1.16797596]]]
Experiment	17	-11.057350268005834	5.448033731994165	178562	7	[[[ 1.53896133  1.11611178 -2.0681982 ]
  [ 0.05608314 -0.60524754 -1.04817106]
  [ 1.60113841  0.77826128 -1.08758266]
  [ 0.94356695 -0.10965284 -0.77832106]
  [ 0.11180847 -0.30814123 -2.0455587 ]
  [ 0.537727    0.97373375 -1.49056499]
  [ 1.19099592  0.01654215 -2.006974  ]]]
Experiment	18	-11.041255253396177	5.464128746603823	240725	7	[[[-1.64318014  2.5        -1.8139429 ]
  [-1.01103453  1.41312354 -2.21583477]
  [-1.33064915  1.98735455 -0.81530774]
  [-0.52036738  2.33148587 -1.67504733]
  [ 0.32659964  1.7057127  -1.89817753]
  [-1.98475436  1.57633078 -1.56308278]
  [-2.5         2.26803762 -0.84084031]]]
Experiment	19	-10.960569120149636	5.544814879850364	202216	9	[[[ 1.00461771  0.74047161 -1.26958156]
  [ 1.77169056  1.35211619  0.75138898]
  [ 0.75160043 -0.27635318 -0.6506761 ]
  [ 1.29914758  0.97460652 -0.17850773]
  [ 1.77667054  0.08175224 -0.48736694]
  [ 1.53969202 -0.51726835  0.38900819]
  [ 0.9729443   0.52958527  0.72285333]]]
Experiment	20	-11.545761400213063	4.959622599786936	207249	9	[[[ 0.95661755 -1.89266511  0.28932868]
  [ 0.558936   -0.96188954  0.97561502]
  [-0.24258535 -1.94122297  1.51184001]
  [ 1.48932278 -1.33499155  2.11850618]
  [ 0.88654227 -2.06683481  1.42637879]
  [-0.56037899 -1.01454231  0.76188658]
  [ 0.37836549 -1.12754719  2.10506355]]]
Experiment	21	-11.416662236555629	5.08872176344437	350303	8	[[[-0.09157842 -1.12923977 -1.74810414]
  [ 0.22910739 -1.80017721 -2.5       ]
  [ 1.69413074 -0.98229063 -1.67254758]
  [ 1.06393875 -1.90757215 -1.24984334]
  [ 0.97955003 -0.7326887  -0.81604214]
  [ 0.79627948 -0.86138346 -2.5       ]
  [ 1.46231314 -1.88606352 -2.25270689]]]
Experiment	22	-12.001620286988517	4.503763713011482	88778	8	[[[ 2.08535232 -0.69477594  1.00037021]
  [ 1.83427527  0.0443656   0.08802531]
  [ 1.26901554  0.07149049  0.96452382]
  [ 2.5         0.70192291  0.99502827]
  [ 2.146246    0.04437394  1.90760142]
  [ 1.45902828  0.87895832  1.81683578]
  [ 1.75242955  1.06647983  0.40786993]]]
Experiment	23	-11.70077945760408	4.80460454239592	67030	9	[[[-0.22500905  0.65815341  2.10423344]
  [-1.18199856  0.19154736  2.32802554]
  [-1.30742351  1.1215051   1.4253146 ]
  [-0.70379358  0.56116402  0.57802204]
  [-0.19774439  1.34095758  1.21073991]
  [-0.54777211 -0.12317225  1.30160525]
  [-0.16919798 -0.42655574  2.5       ]]]
Experiment	24	-11.481188935177652	5.024195064822347	70145	8	[[[-2.5        -0.52608948  1.54251142]
  [-2.36441877 -1.55150934  1.65133293]
  [-1.87375034 -2.01488679  2.5       ]
  [-1.36746776 -2.5         1.54685381]
  [-1.28499814 -0.93431248  1.44002641]
  [-1.98748835 -0.89293067  2.5       ]
  [-1.69193524 -1.85187397  0.63863509]]]
Experiment	25	-11.280341767115411	5.225042232884588	659040	8	[[[ 0.56859313 -0.70523082  2.19762288]
  [-0.02850941 -1.66209729  2.25710689]
  [ 0.77111313 -1.43294921  1.35362133]
  [ 1.71214904 -1.49215871  2.1708412 ]
  [ 1.16654396 -2.5         1.14764385]
  [ 0.77381678 -2.31887283  2.1033421 ]
  [ 0.08983785 -2.5         0.87699266]]]
Experiment	26	-12.223221855105013	4.282162144894986	160854	8	[[[ 0.59537708  0.43422989  1.10963882]
  [-0.43164054 -0.42780414  0.50850554]
  [ 0.62335583 -0.88205113  0.68608968]
  [ 1.47449127 -0.26911135  0.91297736]
  [ 0.68005518 -0.00865954  0.15604635]
  [ 1.32335371 -0.7496827  -0.57171298]
  [ 0.11540068 -0.90752474 -0.35262755]]]
Experiment	27	-11.39814912004868	5.107234879951319	464444	8	[[[ 0.01701006 -0.05344149  2.5       ]
  [ 0.06455357 -0.60785411  1.51684161]
  [ 1.29031897  0.55102983  0.69668305]
  [ 0.54689444 -0.35330909  0.62835907]
  [ 2.15375463 -0.25028895  0.98785233]
  [ 0.18841412  0.43581171  1.33214869]
  [ 0.94863683 -0.04521085  1.89512669]]]
Experiment	28	-12.051327414264223	4.454056585735776	212240	8	[[[ 0.44427159  1.27669864 -1.13025918]
  [ 0.72682318 -0.08105514 -1.34036186]
  [-0.13448003  1.77000203 -0.17883875]
  [-0.34277879  0.56709569 -0.61658875]
  [-0.05557528  2.31106758 -1.1831748 ]
  [-0.89394762  1.66660193 -0.94870244]
  [-0.41771047  0.86334573 -1.66805381]]]
Experiment	29	-11.528944730480989	4.976439269519011	430268	8	[[[ 0.20186058  0.54011608  1.44267666]
  [-0.34133336  1.35130029  0.51079225]
  [-0.36095888 -0.64905215  0.49692793]
  [-1.37518769 -0.4933092   1.05070546]
  [ 0.12406591  0.37971805  0.23747272]
  [-1.08144371  0.30628463  0.01617622]
  [-1.06581712  0.57964922  1.11102164]]]
Experiment	30	-11.762681056235317	4.742702943764682	552423	8	[[[-1.40197671 -0.69119436 -1.27563882]
  [-2.13336007 -0.90350434 -0.47509006]
  [-2.41000186 -0.82891195 -1.8669013 ]
  [-1.60325846 -1.76318221 -0.92108764]
  [-1.09973164 -0.26098399 -2.21269153]
  [-1.40894966 -1.526028   -2.17170016]
  [-0.57261452 -1.67639612 -1.31566149]]]

