Experiment	1	-12.88783493518195	3.61754906481805	363659	5	[[[-2.33071431  0.95836616 -0.22441335]
  [-2.5         0.16053826  0.62442364]
  [-1.80267875  0.23684883  1.6076453 ]
  [-1.24033931  1.05962301 -0.51162855]
  [-1.72185755  1.0134951   0.78805291]
  [-0.68584655  0.99882465  0.36471757]
  [-1.55887349  0.22538211  0.14610858]]]
Experiment	2	-12.651412918818531	3.8539710811814683	162423	8	[[[ 0.67237392 -1.17661585 -0.8743072 ]
  [ 0.11016548 -0.96731356  0.09184762]
  [ 0.10575446 -0.26636206 -0.81028805]
  [ 1.07631452 -0.24799314 -0.32653511]
  [-0.93263756 -0.2548858  -0.69290877]
  [-0.25829869  0.25198296  0.13434701]
  [-0.81115732 -0.62280515  0.51173069]]]
Experiment	3	-14.046576892902443	2.458807107097556	164316	8	[[[-0.34507222 -0.44622576  1.64455032]
  [ 0.00557726  0.69347853  1.71441479]
  [ 0.60778235  0.52523038  0.83382583]
  [ 0.69142492 -0.19417556  1.67703468]
  [-0.4570335   0.30035877  0.73693355]
  [ 0.39506685 -0.26115078  0.10658637]
  [ 0.34944734 -0.96593755  0.93205202]]]
Experiment	4	-12.268619703217773	4.236764296782226	494555	4	[[[ 0.73588295  1.48427338  0.07996149]
  [ 0.89443953  0.47146491 -0.48258166]
  [ 0.25964859  0.35652521  1.46663357]
  [-0.09465974  0.99269594 -0.26326491]
  [ 0.25245605  1.28901175  0.95846906]
  [ 1.0460785   0.62248152  0.64036502]
  [ 0.02942807  0.3079103   0.43093601]]]
Experiment	5	-12.396005248254626	4.109378751745373	450288	7	[[[ 0.317532   -0.47079454  1.60531793]
  [ 0.30889407 -1.2297421   2.46671944]
  [ 0.75479487 -1.36227829  1.28542506]
  [-0.32138034 -1.2449208   1.44454077]
  [ 0.1728361  -0.6788085   0.49649076]
  [ 1.37093215 -0.7014059   2.26527285]
  [-0.68019668 -0.15392363  1.39358327]]]
Experiment	6	-13.437161221657876	3.0682227783421236	372794	8	[[[ 2.01702024  1.4831296  -0.02541874]
  [ 1.43041054  0.63554214 -0.53913545]
  [ 1.22097561  1.88725687 -0.55299545]
  [ 1.48382706  0.77430661  0.66598563]
  [ 0.69236963 -0.00387385 -0.01885352]
  [ 1.22358171  2.05436611  0.51494714]
  [ 0.55401586  1.04593184  0.08146702]]]
Experiment	7	-13.317151943946993	3.188232056053007	7095	9	[[[-0.45975585 -1.00344994  0.65587732]
  [-0.50946805  1.02008394  0.85668847]
  [ 0.37323171  0.14498636  0.84147699]
  [-0.10798961 -0.55480816  1.63587753]
  [-0.32241721  0.29482531  0.05076946]
  [-0.8902519  -0.07855733  1.13226491]
  [-0.31450904  0.56444845  1.89070776]]]
Experiment	8	-12.772140718902673	3.7332432810973266	281296	7	[[[ 0.74965797 -1.3762535   0.30022778]
  [-0.33851413 -1.45339552  0.43290727]
  [-0.21579277 -2.5         0.68177433]
  [-0.05041209 -2.40667597 -0.46629167]
  [ 0.87620791 -2.5         0.0636332 ]
  [-0.05856318 -1.21830992 -0.53438619]
  [ 0.31899402 -1.71245414  1.35965884]]]
Experiment	9	-12.426023463594325	4.079360536405675	259570	6	[[[-0.22508061 -0.00993159  1.02001617]
  [-1.27795222  0.1515997   0.51117016]
  [-1.19783524  1.02542341  1.21638087]
  [-0.5372161   0.95998106  0.17353704]
  [-0.31282719 -0.17133099 -0.18231501]
  [ 0.10427209  1.1084595   1.27342692]
  [ 0.56021848  0.87990291  0.13722256]]]
Experiment	10	-12.538160858023685	3.967223141976314	475673	8	[[[-0.08803091  0.45019364 -1.22766399]
  [ 0.75521263 -0.15570281 -0.3561275 ]
  [ 1.68894912  0.32202652 -0.11668299]
  [ 0.86033676  0.88270819 -0.89404955]
  [ 0.44653749 -0.74118816 -1.25602819]
  [ 0.13061372  0.82581105 -0.05329651]
  [ 1.38094347 -0.17906157 -1.30267674]]]
Experiment	11	-12.97609231506562	3.52929168493438	696858	6	[[[-2.26883072 -0.52920668  0.32272958]
  [-1.67777559 -0.3557881   1.33566254]
  [-2.0068212   0.94482299  0.58472437]
  [-1.30166784  0.09851519  0.309694  ]
  [-1.36034799 -0.99308535  0.54839268]
  [-1.61413308 -0.65660917 -0.47994011]
  [-1.86220905  0.53327486 -0.44304485]]]
Experiment	12	-12.536233275720232	3.9691507242797677	56831	9	[[[ 1.17370284 -0.17268808  1.42614097]
  [ 1.01994579  1.05484743  1.31699957]
  [ 1.25015257  0.44388805  0.55205593]
  [ 0.66651577  1.46398458  0.2300558 ]
  [ 2.0890387   0.73633426  1.43801787]
  [ 1.37638733  0.61829493  2.30616711]
  [ 0.19079224  0.33523692  1.08501801]]]
Experiment	13	-12.995170084852337	3.510213915147663	285856	6	[[[ 0.005961    1.86065689  1.14126988]
  [-1.04886805  1.96164381  1.25806775]
  [-0.56768271  2.01929289  0.15743415]
  [ 0.44036325  1.31843323  0.17739739]
  [-0.64039999  0.94703013  0.55541077]
  [-0.76795221  1.02767784 -0.50565058]
  [ 0.53547652  2.5         0.42496095]]]
Experiment	14	-12.770317882903178	3.735066117096821	63439	9	[[[-0.4352393  -0.42800137 -0.04334875]
  [-1.06387345  0.59713025  0.04255902]
  [-0.12511091  0.29251322 -0.91656168]
  [-0.7769196   1.05855183 -0.9472175 ]
  [-1.19471631 -0.20501909 -0.73537729]
  [ 0.08876869  0.50854425  0.05745305]
  [-0.53802532  1.54912794  0.08784414]]]
Experiment	15	-13.242766829304443	3.262617170695556	527503	7	[[[ 1.78302953  0.24728838  1.58960264]
  [ 0.81831834  0.18413604  1.91400693]
  [ 1.2817562  -0.1273896   0.70936169]
  [ 1.26661752  0.96461275  0.52915265]
  [ 1.27034844  1.21471096  1.56846063]
  [ 0.28135442  0.30744844  0.92023406]
  [ 2.26971848  1.08704869  1.0128468 ]]]
Experiment	16	-13.201386403843864	3.303997596156135	577546	5	[[[ 2.07441136  0.93062768  0.94007679]
  [ 0.94774567  2.5         1.25719506]
  [ 2.09415155  2.11605326  0.68816703]
  [ 1.54732097  1.76922908  1.72472273]
  [ 1.43430017  1.21909978 -0.09457843]
  [ 1.06413128  2.23842841  0.22465141]
  [ 0.81791252  1.41914534  0.97350342]]]
Experiment	17	-13.130845903950764	3.3745380960492355	137831	9	[[[ 1.77930191 -0.11202604 -0.3145758 ]
  [ 1.87484733  1.16746861 -0.40924013]
  [ 0.61528618  0.88302175 -1.81511738]
  [ 1.89716602  0.66064039 -1.39525598]
  [ 1.56202003  0.98362136 -2.36208924]
  [ 1.36806357  1.66704905 -1.2538394 ]
  [ 1.0323251   0.58031584 -0.77472061]]]
Experiment	18	-12.669964395442454	3.8354196045575453	286732	7	[[[-0.14709287 -1.11160165  0.83639784]
  [-1.02796153 -0.49454997  1.33027009]
  [-1.33960441 -0.10807882 -0.70035407]
  [-0.52351849  0.14371329  0.44297383]
  [-0.88866276 -0.90421047  0.11034161]
  [-1.67165463 -0.04397382  0.35409155]
  [ 0.0071119  -0.11784977  1.52250492]]]
Experiment	19	-13.001003668182431	3.5043803318175684	125845	9	[[[ 0.31928424  0.36928782 -0.39618214]
  [ 1.02100553 -0.36846932  0.55047706]
  [ 0.6226371  -0.66351776 -0.4130943 ]
  [ 0.08228282  0.53670189  0.63199449]
  [ 1.08852503  0.89728257  0.32338183]
  [ 1.43338875  0.08590965 -0.43854801]
  [ 0.05733737 -1.12353267  0.46386167]]]
Experiment	20	-12.467770028286829	4.037613971713171	588519	7	[[[ 0.00227367  0.54838004 -0.77472588]
  [ 0.28518317 -0.3961347  -0.04226126]
  [ 0.97093537  0.07356207 -0.81702636]
  [-0.81116993 -0.44730358  0.08756377]
  [-0.13220659 -0.41471445 -1.17908562]
  [-0.5132992   0.47889222  0.19625304]
  [ 0.60489903  0.62116291  0.16821519]]]
Experiment	21	-12.19641123493914	4.30897276506086	443705	8	[[[ 0.48112508  0.22212635  0.31121414]
  [-0.36575522  1.5306093  -0.21358733]
  [ 0.63950469  1.14270432 -0.20258633]
  [-0.49787911 -0.46835126 -0.78664044]
  [-0.62835466  0.55073595  0.21508827]
  [ 0.0298417   1.38037184  0.80229427]
  [-0.07800132  0.66171196 -0.73399904]]]
Experiment	22	-12.643506457229805	3.861877542770195	82207	8	[[[-0.56434466  1.2580094  -0.35754549]
  [-1.76596624  0.86765335 -1.2255173 ]
  [-0.51756126  0.19502912 -0.37053862]
  [-1.22416874 -0.13273213 -1.00248742]
  [-0.69411676  0.71997077 -1.33983957]
  [-1.45502475  0.72038925 -0.11528481]
  [-0.22779577 -0.47371582 -1.50427415]]]
Experiment	23	-12.648329591005192	3.8570544089948076	254520	8	[[[ 0.33673105 -0.88275153 -0.05949855]
  [-0.34924866 -1.39085053  0.76362413]
  [ 0.14650282 -1.22783424 -1.18711158]
  [-0.14236042 -1.87115353 -0.34577125]
  [ 0.1298195  -0.28254403  0.85597215]
  [ 0.62615652 -1.89528623  0.71842162]
  [-0.84475414 -0.97958784 -0.11520199]]]
Experiment	24	-12.670749255738274	3.8346347442617255	366771	8	[[[ 2.22600877  1.5061513   0.15651141]
  [ 1.23061096  1.66488485 -0.33607815]
  [ 0.32829034  0.5732596   0.0023434 ]
  [ 2.15292471  1.02733907 -0.94038649]
  [ 1.57233806  0.63341853  0.00683073]
  [ 1.05740143  0.5852687  -1.01157628]
  [ 2.00115454 -0.18961036 -0.93446113]]]
Experiment	25	-12.510631550720786	3.994752449279213	472792	7	[[[-1.71423256 -0.42128234  0.84144421]
  [-1.33812909  0.49099774  1.45038407]
  [-1.28530968 -1.00018019  0.11744553]
  [-0.22669252 -0.17490493  1.14499483]
  [-0.9435568  -1.24341408  1.16254698]
  [-0.19695195 -0.9582114   0.20423828]
  [-0.9278825   0.07696454  0.27190057]]]
Experiment	26	-12.450254476867531	4.055129523132468	412245	8	[[[ 0.33610316 -1.43401057 -1.1591163 ]
  [ 0.45988982 -1.86151261 -0.14026684]
  [ 0.1585941  -0.77260276 -0.23823529]
  [-0.62322446 -1.16429634 -1.42748717]
  [-0.85241077 -0.33696175 -0.75117564]
  [-0.31837223 -2.31144324 -1.10582798]
  [-0.54528963 -1.46096578 -0.27114002]]]
Experiment	27	-12.432453521523254	4.072930478476746	457678	9	[[[ 0.94373609 -0.16652604  2.02434235]
  [ 0.320523    0.46168974  1.36090178]
  [ 0.86244384  1.00298158  0.41197357]
  [ 1.14882767  1.29652106  1.54045438]
  [ 2.21382043  1.05069643  1.23663755]
  [ 1.45655899  0.66287927  2.5       ]
  [ 1.5376858   0.21716826  1.1811607 ]]]
Experiment	28	-12.55913645559864	3.946247544401359	675220	6	[[[-0.06967582 -0.3180415  -0.40032787]
  [-0.8664695  -1.07299709 -0.00788662]
  [ 0.47738078  1.05426532  0.17097884]
  [ 0.55327664  0.56422431  1.1621305 ]
  [-0.04821583 -0.5667609   1.01707346]
  [-0.27928537  0.36876077  0.40693179]
  [ 0.75552812 -0.02993531  0.22696725]]]
Experiment	29	-12.175711754681688	4.329672245318312	544702	7	[[[ 2.5         0.23027094 -1.38323139]
  [ 2.09038024  1.32540309 -0.90667313]
  [ 2.14262604  1.37297952  0.29291831]
  [ 0.74862303  0.16071123 -0.81370859]
  [ 1.99501924  0.1546783  -0.43494238]
  [ 1.42451956  0.67065142 -1.46257427]
  [ 1.26148053  0.89958669 -0.05221862]]]
Experiment	30	-12.175711754681688	4.329672245318312	544702	7	[[[ 2.5         0.23027094 -1.38323139]
  [ 2.09038024  1.32540309 -0.90667313]
  [ 2.14262604  1.37297952  0.29291831]
  [ 0.74862303  0.16071123 -0.81370859]
  [ 1.99501924  0.1546783  -0.43494238]
  [ 1.42451956  0.67065142 -1.46257427]
  [ 1.26148053  0.89958669 -0.05221862]]]
