Experiment	1	-11.95255148325486	4.55283251674514	172965	8	[[[ 0.32358629  1.95413169  0.42829114]
  [-0.18873431  1.02617043  1.05988956]
  [ 1.05181523 -0.0044113  -0.2572519 ]
  [ 0.90150164  0.93664528  0.59665532]
  [-0.02052389  0.10091285  0.50658112]
  [ 0.02402515  0.97692494 -0.10824886]
  [-1.15940732  1.2554469   0.24911983]]]
Experiment	2	-11.767548332950737	4.7378356670492625	133171	9	[[[ 0.95946274  1.47724899 -0.12229047]
  [-0.33440988  1.04833451 -1.54815841]
  [ 0.02494424  0.87948687 -0.37866962]
  [-0.25527392  1.89206162 -0.7634945 ]
  [ 1.23700201  0.6957171   0.70638932]
  [-0.05345994  1.5691767   0.38752518]
  [ 0.67111749  1.59264858 -1.16592503]]]
Experiment	3	-12.088052471302069	4.417331528697931	337534	7	[[[-1.18906372 -0.03181407 -1.46022009]
  [-1.56285298 -0.81162934 -0.59185757]
  [-0.55376937 -1.64842267 -0.31160923]
  [-0.65770287 -0.32639319 -0.46097926]
  [-1.97979643 -1.22390267 -1.6815016 ]
  [-1.62254899 -1.91445809 -0.4207729 ]
  [-0.96883509 -1.32328693 -1.29323307]]]
Experiment	4	-11.419283916928851	5.086100083071148	681853	7	[[[-0.9945633  -0.05634593 -2.20790339]
  [-0.77995897  0.33266351 -1.03857368]
  [-0.15853402  1.18716511 -0.44067498]
  [-0.05709334  0.82807213 -2.5       ]
  [ 0.29840366  1.68182102 -1.47068537]
  [ 0.26891282  0.4603768  -1.53657206]
  [-0.75304801  1.15202458 -1.62383195]]]
Experiment	5	-11.19233114548794	5.31305285451206	418435	8	[[[-0.29039965 -0.46694192 -0.29695234]
  [-1.11126259 -0.22262985 -1.15340489]
  [-0.74215706  0.87359492 -1.7060756 ]
  [-0.17155499  0.73788175  0.50816082]
  [-0.53464663  0.69901599 -0.56384123]
  [-1.31290414  1.528547   -0.86160873]
  [-1.18538556  0.10853751  0.14869885]]]
Experiment	6	-11.487324275455373	5.018059724544626	411458	7	[[[ 0.80853616 -0.86028788  1.82498923]
  [ 1.24877836 -1.5994297   1.28566681]
  [ 1.31203523 -0.38748025  0.89886886]
  [ 1.66262208 -0.53577769  2.5       ]
  [ 2.29331763 -2.00642417  0.99961915]
  [ 2.21964268 -0.97496576  1.55812878]
  [ 2.13695013 -0.9680309   0.54157789]]]
Experiment	7	-11.306082577786919	5.199301422213081	619423	7	[[[-0.34508291  0.65092241 -1.11153605]
  [-0.43138273 -1.32856549 -1.71358834]
  [-0.8610678  -0.23343641 -1.50644193]
  [-0.08136822 -0.45105072 -0.75821182]
  [ 0.20302633 -0.01513382 -1.70214948]
  [ 0.68978719  0.31226032 -0.84403906]
  [ 1.12856554 -0.66036619 -0.03572423]]]
Experiment	8	-10.646567940623122	5.858816059376878	330607	8	[[[-1.63384755  0.77188347 -1.21045858]
  [ 0.15197208  0.70432548 -0.32016297]
  [-0.63303311  0.12258821 -0.84827879]
  [ 0.23748378  2.5         0.09764639]
  [-0.58681945  1.31828538 -1.35507243]
  [-0.00583602  1.72461861 -0.60011385]
  [-1.08322218  1.29277381 -0.33022644]]]
Experiment	9	-11.301773962344308	5.203610037655691	433544	7	[[[-0.47842827 -1.60128963  1.0785535 ]
  [ 0.53467034 -0.38850654  2.5       ]
  [ 0.7651152  -0.85950309  0.53920649]
  [ 0.60453216 -1.85500797  1.19456038]
  [ 0.0773131  -0.6123095   1.46404424]
  [ 0.42744202  0.53966556  1.79578334]
  [ 1.2096602  -0.49200011  1.51186705]]]
Experiment	10	-11.748785107177635	4.756598892822364	628517	8	[[[ 2.02529777  0.20298499 -1.0082882 ]
  [ 0.83486204  0.22902246 -1.0170191 ]
  [ 1.2988987  -0.41648796 -0.30891151]
  [ 1.56726571  0.01408207  0.87068701]
  [ 2.5        -0.12761195 -0.08133259]
  [ 0.67658971  0.39063626  0.2206919 ]
  [ 0.70831872 -0.75125158  0.59938087]]]
Experiment	11	-11.888346427238393	4.617037572761607	86255	8	[[[ 0.7625139   2.1629486  -0.23154174]
  [ 2.5         1.67155338 -0.48644476]
  [ 1.67877745  1.86692956  0.3421267 ]
  [ 1.35078093  1.4258854  -0.87721939]
  [ 1.55212163  0.70395719 -0.11336298]
  [ 2.5         1.03499623  0.54003419]
  [ 2.48168008  0.18434067 -0.23940217]]]
Experiment	12	-11.95255148325486	4.55283251673232	172065	8	[[[ 0.32358629  1.95413169  0.42829114]
  [-0.18873431  1.02617043  1.05988956]
  [ 1.05181523 -0.0044113  -0.2572519 ]
  [ 0.90150164  0.93664528  0.59665532]
  [-0.02052389  0.10091285  0.50658112]
  [ 0.02402515  0.97692494 -0.10824886]
  [-1.15940732  1.2554469   0.24911983]]]
Experiment	13	-11.767548332950737	4.8078356670492625	133120	9	[[[ 0.95946274  1.47724899 -0.12229047]
  [-0.33440988  1.04833451 -1.54815841]
  [ 0.02494424  0.87948687 -0.37866962]
  [-0.25527392  1.89206162 -0.7634945 ]
  [ 1.23700201  0.6957171   0.70638932]
  [-0.05345994  1.5691767   0.38752518]
  [ 0.67111749  1.59264858 -1.16592503]]]
Experiment	14	-12.088052471302069	4.007331528697931	317534	7	[[[-1.18906372 -0.03181407 -1.46022009]
  [-1.56285298 -0.81162934 -0.59185757]
  [-0.55376937 -1.64842267 -0.31160923]
  [-0.65770287 -0.32639319 -0.46097926]
  [-1.97979643 -1.22390267 -1.6815016 ]
  [-1.62254899 -1.91445809 -0.4207729 ]
  [-0.96883509 -1.32328693 -1.29323307]]]
Experiment	15	-11.419283916928851	5.906100083071148	681893	7	[[[-0.9945633  -0.05634593 -2.20790339]
  [-0.77995897  0.33266351 -1.03857368]
  [-0.15853402  1.18716511 -0.44067498]
  [-0.05709334  0.82807213 -2.5       ]
  [ 0.29840366  1.68182102 -1.47068537]
  [ 0.26891282  0.4603768  -1.53657206]
  [-0.75304801  1.15202458 -1.62383195]]]
Experiment	16	-11.19233114548794	5.00305285451206	408435	8	[[[-0.29039965 -0.46694192 -0.29695234]
  [-1.11126259 -0.22262985 -1.15340489]
  [-0.74215706  0.87359492 -1.7060756 ]
  [-0.17155499  0.73788175  0.50816082]
  [-0.53464663  0.69901599 -0.56384123]
  [-1.31290414  1.528547   -0.86160873]
  [-1.18538556  0.10853751  0.14869885]]]
Experiment	17	-11.487324275455373	5.008059724544626	411488	7	[[[ 0.80853616 -0.86028788  1.82498923]
  [ 1.24877836 -1.5994297   1.28566681]
  [ 1.31203523 -0.38748025  0.89886886]
  [ 1.66262208 -0.53577769  2.5       ]
  [ 2.29331763 -2.00642417  0.99961915]
  [ 2.21964268 -0.97496576  1.55812878]
  [ 2.13695013 -0.9680309   0.54157789]]]
Experiment	18	-11.306082577786919	5.199307722213081	629423	7	[[[-0.34508291  0.65092241 -1.11153605]
  [-0.43138273 -1.32856549 -1.71358834]
  [-0.8610678  -0.23343641 -1.50644193]
  [-0.08136822 -0.45105072 -0.75821182]
  [ 0.20302633 -0.01513382 -1.70214948]
  [ 0.68978719  0.31226032 -0.84403906]
  [ 1.12856554 -0.66036619 -0.03572423]]]
Experiment	19	-10.646567940623122	5.858816062376878	300607	8	[[[-1.63384755  0.77188347 -1.21045858]
  [ 0.15197208  0.70432548 -0.32016297]
  [-0.63303311  0.12258821 -0.84827879]
  [ 0.23748378  2.5         0.09764639]
  [-0.58681945  1.31828538 -1.35507243]
  [-0.00583602  1.72461861 -0.60011385]
  [-1.08322218  1.29277381 -0.33022644]]]
Experiment	20	-11.301773962344308	5.003610037655691	443544	7	[[[-0.47842827 -1.60128963  1.0785535 ]
  [ 0.53467034 -0.38850654  2.5       ]
  [ 0.7651152  -0.85950309  0.53920649]
  [ 0.60453216 -1.85500797  1.19456038]
  [ 0.0773131  -0.6123095   1.46404424]
  [ 0.42744202  0.53966556  1.79578334]
  [ 1.2096602  -0.49200011  1.51186705]]]
Experiment	21	-11.748785107177635	4.756598892002364	628520	8	[[[ 2.02529777  0.20298499 -1.0082882 ]
  [ 0.83486204  0.22902246 -1.0170191 ]
  [ 1.2988987  -0.41648796 -0.30891151]
  [ 1.56726571  0.01408207  0.87068701]
  [ 2.5        -0.12761195 -0.08133259]
  [ 0.67658971  0.39063626  0.2206919 ]
  [ 0.70831872 -0.75125158  0.59938087]]]
Experiment	22	-11.888346427238393	4.617037882761607	86927	8	[[[ 0.7625139   2.1629486  -0.23154174]
  [ 2.5         1.67155338 -0.48644476]
  [ 1.67877745  1.86692956  0.3421267 ]
  [ 1.35078093  1.4258854  -0.87721939]
  [ 1.55212163  0.70395719 -0.11336298]
  [ 2.5         1.03499623  0.54003419]
  [ 2.48168008  0.18434067 -0.23940217]]]
Experiment	23	-11.95255148325486	5.55283251674514	171965	8	[[[ 0.32358629  1.95413169  0.42829114]
  [-0.18873431  1.02617043  1.05988956]
  [ 1.05181523 -0.0044113  -0.2572519 ]
  [ 0.90150164  0.93664528  0.59665532]
  [-0.02052389  0.10091285  0.50658112]
  [ 0.02402515  0.97692494 -0.10824886]
  [-1.15940732  1.2554469   0.24911983]]]
Experiment	24	-11.767548332950737	5.7378356670492625	133191	9	[[[ 0.95946274  1.47724899 -0.12229047]
  [-0.33440988  1.04833451 -1.54815841]
  [ 0.02494424  0.87948687 -0.37866962]
  [-0.25527392  1.89206162 -0.7634945 ]
  [ 1.23700201  0.6957171   0.70638932]
  [-0.05345994  1.5691767   0.38752518]
  [ 0.67111749  1.59264858 -1.16592503]]]
Experiment	25	-12.088052471302069	4.407331528697931	336034	7	[[[-1.18906372 -0.03181407 -1.46022009]
  [-1.56285298 -0.81162934 -0.59185757]
  [-0.55376937 -1.64842267 -0.31160923]
  [-0.65770287 -0.32639319 -0.46097926]
  [-1.97979643 -1.22390267 -1.6815016 ]
  [-1.62254899 -1.91445809 -0.4207729 ]
  [-0.96883509 -1.32328693 -1.29323307]]]
Experiment	26	-11.419283916928851	5.086200083071148	600853	7	[[[-0.9945633  -0.05634593 -2.20790339]
  [-0.77995897  0.33266351 -1.03857368]
  [-0.15853402  1.18716511 -0.44067498]
  [-0.05709334  0.82807213 -2.5       ]
  [ 0.29840366  1.68182102 -1.47068537]
  [ 0.26891282  0.4603768  -1.53657206]
  [-0.75304801  1.15202458 -1.62383195]]]
Experiment	27	-11.19233114548794	5.31307085451206	400435	8	[[[-0.29039965 -0.46694192 -0.29695234]
  [-1.11126259 -0.22262985 -1.15340489]
  [-0.74215706  0.87359492 -1.7060756 ]
  [-0.17155499  0.73788175  0.50816082]
  [-0.53464663  0.69901599 -0.56384123]
  [-1.31290414  1.528547   -0.86160873]
  [-1.18538556  0.10853751  0.14869885]]]
Experiment	28	-11.487324275455373	5.018059724545026	400458	7	[[[ 0.80853616 -0.86028788  1.82498923]
  [ 1.24877836 -1.5994297   1.28566681]
  [ 1.31203523 -0.38748025  0.89886886]
  [ 1.66262208 -0.53577769  2.5       ]
  [ 2.29331763 -2.00642417  0.99961915]
  [ 2.21964268 -0.97496576  1.55812878]
  [ 2.13695013 -0.9680309   0.54157789]]]
Experiment	29	-11.306082577786919	5.199302022213081	600423	7	[[[-0.34508291  0.65092241 -1.11153605]
  [-0.43138273 -1.32856549 -1.71358834]
  [-0.8610678  -0.23343641 -1.50644193]
  [-0.08136822 -0.45105072 -0.75821182]
  [ 0.20302633 -0.01513382 -1.70214948]
  [ 0.68978719  0.31226032 -0.84403906]
  [ 1.12856554 -0.66036619 -0.03572423]]]
Experiment	30	-11.306082577786919	5.209302022213081	609423	7	[[[-0.34508291  0.65092241 -1.11153605]
  [-0.43138273 -1.32856549 -1.71358834]
  [-0.8610678  -0.23343641 -1.50644193]
  [-0.08136822 -0.45105072 -0.75821182]
  [ 0.20302633 -0.01513382 -1.70214948]
  [ 0.68978719  0.31226032 -0.84403906]
  [ 1.12856554 -0.66036619 -0.03572423]]]
