Experiment	1	-13.335551207838703	3.169832792161296	298658	7	[[[-0.62957315  0.65304775 -1.30823553]
  [-1.03881202  1.0420484   0.42186203]
  [-0.44802942  0.41787822 -0.18898627]
  [ 0.55323065  0.3667513  -0.69323373]
  [-0.09249189  1.37577493 -0.64409394]
  [-1.2482364   1.31029914 -0.71355795]
  [-0.01399913  1.34664379  0.41109178]]]
Experiment	2	-12.366789057389703	4.138594942610297	489566	5	[[[-0.40530318 -1.73868859 -0.25387524]
  [ 0.01975343 -0.6216085  -0.33973841]
  [ 0.07855877 -0.56336809  0.77109684]
  [ 1.145188   -0.10597638 -0.16196524]
  [ 0.5705862  -1.38779574  0.1525779 ]
  [-0.92693347 -0.45515589  0.2030999 ]
  [ 0.02370172  0.42838949  0.15067453]]]
Experiment	3	-13.014700357676125	3.4906836423238747	532760	6	[[[-0.15043291 -0.02148585 -0.31878788]
  [ 0.77056018  0.0616398   0.26812058]
  [-0.4004649   0.2375425  -1.40656143]
  [ 1.27284434 -0.50761848 -0.7689105 ]
  [ 0.52215336 -0.98938405  0.17110876]
  [ 0.6909367   0.4308534  -0.79895039]
  [ 0.20103335 -0.67603507 -0.99197239]]]
Experiment	4	-12.96532724803478	3.540056751965219	232936	8	[[[ 1.87588596 -1.3839786   0.63078142]
  [ 0.81856049 -1.19055809  0.32013434]
  [ 0.57668625  0.62345268  0.08895781]
  [-0.0088325  -0.51408818 -0.23708093]
  [ 1.25792431 -0.19288899  0.61835487]
  [ 0.17816139 -0.46519091  0.82221444]
  [ 1.06272819 -0.39225677 -0.47704439]]]
Experiment	5	-12.475998480286897	4.029385519713102	387137	5	[[[ 1.71237983  0.82956675  1.73316625]
  [ 0.19995448 -0.88101726  1.43670562]
  [ 1.18327403 -0.71154902  1.89071476]
  [-0.29681684 -0.48629264  2.40199036]
  [ 0.67658879  0.18690426  2.35596595]
  [ 0.94521503  0.2306743   1.17437244]
  [-0.18908618  0.25546783  1.58186223]]]
Experiment	6	-13.163619732657422	3.341764267342578	422617	5	[[[ 0.18525509 -0.08719481 -0.45665374]
  [-0.23848783  0.05649946  0.93179545]
  [ 0.41021677 -0.93510259  0.44353154]
  [ 0.63315131  0.41920637  0.50266535]
  [-0.39129392  0.68017187  0.00180741]
  [-0.6325407  -0.54069935  0.07362855]
  [ 1.11822858 -0.60810498 -0.37850933]]]
Experiment	7	-12.265325149178423	4.240058850821576	335777	5	[[[ 0.16113687  1.62056563  0.37115943]
  [ 1.14034581  0.73457818  0.76223504]
  [ 1.2444428   1.36901736 -0.41315292]
  [ 0.29066833  1.35994686 -0.74841178]
  [ 1.46841493  0.26880296 -0.25487091]
  [ 0.37190315  0.46891392 -0.10866871]
  [ 0.81224442  0.16228299 -1.16726639]]]
Experiment	8	-13.238201008958843	3.2671829910411567	492851	6	[[[ 0.12056923 -0.22316518 -1.02065092]
  [-0.85952043  0.26067507 -0.86985701]
  [ 0.87810274  0.43070399 -1.42653753]
  [ 0.30870514 -1.00559658 -1.84537231]
  [-0.23041659  0.87545288 -1.54375331]
  [ 0.19808696  0.00303448 -2.31638472]
  [-0.79366326 -0.48391575 -1.78768071]]]
Experiment	9	-12.613077139136982	3.892306860863018	426497	8	[[[-0.15185457  0.49279224  0.22935342]
  [-1.24126268  0.41593407  0.42325601]
  [-0.99259155  1.35823107  0.12268862]
  [-0.89414097 -0.5864575   0.0368016 ]
  [-0.57005802  0.00202977  1.11013344]
  [-0.77141714  0.52972763 -0.66900036]
  [-1.27726952  0.81343996  1.46077773]]]
Experiment	10	-12.855608271923755	3.6497757280762446	482778	8	[[[-0.74531127 -0.50324341 -0.89076906]
  [-0.80197577  0.13776752 -0.09876485]
  [-1.7126759  -0.64387448 -0.30636495]
  [-1.7772506   0.09141079  0.60534623]
  [-1.02430116 -1.51530084 -0.48660673]
  [ 0.02189888 -1.21013867 -0.74509779]
  [-0.4097748  -0.85614021  0.17580639]]]
Experiment	11	-12.731302923669736	3.7740810763302637	86289	8	[[[ 1.17387841 -0.17449896  0.89389772]
  [ 0.11497819  0.05485992  0.65948326]
  [ 1.27670148 -0.94668805  1.85004338]
  [ 0.30380319 -0.46972484  1.59872541]
  [ 1.11801722 -0.7261361   0.01226015]
  [ 0.26034074 -1.50091019  1.83338093]
  [ 0.30233376 -1.00328929  0.67388834]]]
Experiment	12	-12.527838370371185	3.977545629628814	606562	7	[[[ 0.74480639 -0.10737679 -1.56576468]
  [ 0.24332608 -0.3326596  -0.64013076]
  [-1.05044693 -0.06503452 -2.31037233]
  [-0.09473771 -0.59579674 -2.15740145]
  [-0.37479773 -1.0076729  -1.21512452]
  [ 0.61051795  0.92078573 -1.24961039]
  [-0.40604019  0.22233995 -1.43094114]]]
