Experiment	1	-11.13030434440094	5.375079655599059	74096	8	[[[-1.89505771  0.17371353  0.1858817 ]
  [-1.59355133  1.32940606 -0.10618869]
  [-0.75273058  0.4844042   0.01610818]
  [-0.92592498  1.16529175  0.95381041]
  [-0.99503302  2.25586508  0.50983604]
  [-2.05121736  0.95832831  0.81078575]
  [-2.36325804  0.56970852 -0.70455952]]]
Experiment	2	-11.771061269150653	4.734322730849346	460701	7	[[[-0.49842309 -0.71613122  1.44224698]
  [-0.15894776 -0.00817392  2.16408367]
  [-0.9316888   0.22452893  1.24596724]
  [-1.49357942 -0.13650605  2.38417118]
  [-0.75007559  1.36668892  1.5578251 ]
  [-1.10793892  0.89905131  2.5       ]
  [-1.74097406  0.76353801  1.59213451]]]
Experiment	3	-11.059362891577901	5.446021108422098	356581	5	[[[-1.18512049  0.9022529   0.3340101 ]
  [-0.25745906  0.36430501  0.7936296 ]
  [-0.0701512   0.43594047  2.30073304]
  [-0.86577281  0.04989935  1.65512993]
  [-0.26082343 -0.75739327  0.63142766]
  [ 0.44091843 -0.2918747   1.47542282]
  [-0.41188152  1.30483759  1.52293922]]]
Experiment	4	-11.173107793907398	5.332276206092601	118715	8	[[[ 0.84947124  1.93364938 -1.01866331]
  [-0.07229941  1.61705019 -0.385561  ]
  [ 0.96091002  1.87743533  0.15452782]
  [-0.0612197   1.19067868 -1.44504253]
  [-0.28364716  2.5        -0.88744546]
  [-0.25226876  2.5         0.25799738]
  [ 1.26026123  0.8696419  -0.78541736]]]
Experiment	5	-12.626527168870632	3.878856831129367	149162	8	[[[-2.24123496  0.07400445 -1.36831777]
  [-1.27466811  0.52002401 -1.63778509]
  [-0.9520632  -0.17822276 -0.65279238]
  [-1.93762477  1.31137752 -1.24208143]
  [-1.82959941  0.41694085 -0.43591363]
  [-1.94353478 -0.72229032 -0.51185183]
  [-1.02529355 -0.74464433 -1.5350126 ]]]
Experiment	6	-10.86729735856222	5.638086641437779	106815	9	[[[-0.87124072  0.57902357  1.88964155]
  [-1.68352418 -0.15803039  0.64887319]
  [-0.74973989 -0.75273781  1.32374166]
  [-1.50646981 -1.50467141  1.5940967 ]
  [-0.41428399 -0.21533523  2.5       ]
  [-1.62614835 -0.28863415  1.75224849]
  [-1.82468121  0.88457593  1.31020186]]]
Experiment	7	-11.67837611933829	4.827007880661709	287368	7	[[[ 0.07721229 -0.19637509 -0.83412601]
  [ 0.74501449  0.22319323 -1.72930571]
  [ 0.47901809  1.28329678 -0.10456978]
  [ 1.03839365  0.60130114 -0.73804133]
  [ 0.07039279  0.81844684 -1.05488642]
  [ 0.20691533  0.18738283  0.23533185]
  [ 0.8744301   2.11738336 -0.84312313]]]
Experiment	8	-10.899307143026821	5.6060768569731785	614628	8	[[[-0.31502147  0.42654678 -0.52517093]
  [-2.06069722  0.25933357 -1.51980128]
  [-1.39930567 -1.20851786 -1.59905029]
  [-1.57776615  1.23739152 -1.7473272 ]
  [-1.26032821 -0.10079908 -0.46045934]
  [-1.76067453  0.92845014 -0.72122444]
  [-0.87817104  0.46566728 -1.42316529]]]
Experiment	9	-12.339101243440357	4.166282756559642	378099	6	[[[-0.89960763 -1.49520901  1.13627668]
  [-1.79330106 -0.90115056  1.49685636]
  [-2.14666541 -0.14437836 -0.24016717]
  [-1.35341686  0.04495112  1.11912669]
  [-2.47494648 -0.4183106   0.7694041 ]
  [-1.18392358 -0.5560524   0.26066263]
  [-1.79509741 -1.54947247  0.54851302]]]
Experiment	10	-11.507563107925801	4.997820892074198	537727	8	[[[-1.12452193 -0.64911555 -0.65644222]
  [-1.7174926   1.15716342 -0.21860219]
  [-1.84412483  0.26965026  0.35334863]
  [-0.40935811  0.33256123 -0.82664966]
  [-0.83142553  0.62227471  0.07877167]
  [-1.50573071  0.42800267 -0.94506461]
  [-2.05494046 -0.83488271 -0.00641675]]]
Experiment	11	-11.236411478846781	5.268972521153218	435674	7	[[[ 2.40746297  1.11453433 -0.4739072 ]
  [ 1.75146588  1.55069352 -2.5       ]
  [ 1.53684541  0.79813559 -1.61887303]
  [ 2.0235603   1.74992508 -1.37623691]
  [ 1.40849183  0.65776925 -0.5071392 ]
  [ 1.33770878  1.75093425 -0.47232863]
  [ 2.40284776 -0.0951629  -0.16216086]]]
Experiment	12	-11.24099660085575	5.264387399144249	11436	9	[[[ 1.3501453  -1.26180252 -0.03966877]
  [ 1.82725855 -1.68915739  0.94614299]
  [ 2.13720471 -0.16874959  0.82002254]
  [ 0.68728375 -2.20587829  0.84968572]
  [ 0.47028551 -1.15666759  0.58916236]
  [ 0.45292322 -1.30859006  1.627333  ]
  [ 1.36665826 -0.77967178  1.20706341]]]
Experiment	13	-11.499467459394769	5.205916540605231	543580	8	[[[ 0.49556504 -0.57604761  2.0946027 ]
  [ 0.75378749  1.72129345  1.41424391]
  [ 0.45727506 -0.11334628  1.13014423]
  [ 0.25487765  0.92831015  0.8170149 ]
  [-0.3714953   0.68982434  1.69567266]
  [ 1.1153488   0.52463746  1.68675563]
  [ 1.23131291  0.53619687  0.47244722]]]
Experiment	14	-11.13030434440094	5.205079655599059	74006	8	[[[-1.89505771  0.17371353  0.1858817 ]
  [-1.59355133  1.32940606 -0.10618869]
  [-0.75273058  0.4844042   0.01610818]
  [-0.92592498  1.16529175  0.95381041]
  [-0.99503302  2.25586508  0.50983604]
  [-2.05121736  0.95832831  0.81078575]
  [-2.36325804  0.56970852 -0.70455952]]]
Experiment	15	-11.771061269150653	4.204322730849346	460001	7	[[[-0.49842309 -0.71613122  1.44224698]
  [-0.15894776 -0.00817392  2.16408367]
  [-0.9316888   0.22452893  1.24596724]
  [-1.49357942 -0.13650605  2.38417118]
  [-0.75007559  1.36668892  1.5578251 ]
  [-1.10793892  0.89905131  2.5       ]
  [-1.74097406  0.76353801  1.59213451]]]
Experiment	16	-11.059362891577901	5.206021108422098	356081	5	[[[-1.18512049  0.9022529   0.3340101 ]
  [-0.25745906  0.36430501  0.7936296 ]
  [-0.0701512   0.43594047  2.30073304]
  [-0.86577281  0.04989935  1.65512993]
  [-0.26082343 -0.75739327  0.63142766]
  [ 0.44091843 -0.2918747   1.47542282]
  [-0.41188152  1.30483759  1.52293922]]]
Experiment	17	-11.173107793907398	5.002276206092601	118015	8	[[[ 0.84947124  1.93364938 -1.01866331]
  [-0.07229941  1.61705019 -0.385561  ]
  [ 0.96091002  1.87743533  0.15452782]
  [-0.0612197   1.19067868 -1.44504253]
  [-0.28364716  2.5        -0.88744546]
  [-0.25226876  2.5         0.25799738]
  [ 1.26026123  0.8696419  -0.78541736]]]
Experiment	18	-12.626527168870632	3.998856831129367	139162	8	[[[-2.24123496  0.07400445 -1.36831777]
  [-1.27466811  0.52002401 -1.63778509]
  [-0.9520632  -0.17822276 -0.65279238]
  [-1.93762477  1.31137752 -1.24208143]
  [-1.82959941  0.41694085 -0.43591363]
  [-1.94353478 -0.72229032 -0.51185183]
  [-1.02529355 -0.74464433 -1.5350126 ]]]
Experiment	19	-10.86729735856222	5.998086641437779	136815	9	[[[-0.87124072  0.57902357  1.88964155]
  [-1.68352418 -0.15803039  0.64887319]
  [-0.74973989 -0.75273781  1.32374166]
  [-1.50646981 -1.50467141  1.5940967 ]
  [-0.41428399 -0.21533523  2.5       ]
  [-1.62614835 -0.28863415  1.75224849]
  [-1.82468121  0.88457593  1.31020186]]]
Experiment	20	-11.67837611933829	4.997007880661709	237368	7	[[[ 0.07721229 -0.19637509 -0.83412601]
  [ 0.74501449  0.22319323 -1.72930571]
  [ 0.47901809  1.28329678 -0.10456978]
  [ 1.03839365  0.60130114 -0.73804133]
  [ 0.07039279  0.81844684 -1.05488642]
  [ 0.20691533  0.18738283  0.23533185]
  [ 0.8744301   2.11738336 -0.84312313]]]
Experiment	21	-10.899307143026821	5.9960768569731785	634628	8	[[[-0.31502147  0.42654678 -0.52517093]
  [-2.06069722  0.25933357 -1.51980128]
  [-1.39930567 -1.20851786 -1.59905029]
  [-1.57776615  1.23739152 -1.7473272 ]
  [-1.26032821 -0.10079908 -0.46045934]
  [-1.76067453  0.92845014 -0.72122444]
  [-0.87817104  0.46566728 -1.42316529]]]
Experiment	22	-12.339101243440357	4.996282756559642	338099	6	[[[-0.89960763 -1.49520901  1.13627668]
  [-1.79330106 -0.90115056  1.49685636]
  [-2.14666541 -0.14437836 -0.24016717]
  [-1.35341686  0.04495112  1.11912669]
  [-2.47494648 -0.4183106   0.7694041 ]
  [-1.18392358 -0.5560524   0.26066263]
  [-1.79509741 -1.54947247  0.54851302]]]
Experiment	23	-11.507563107925801	4.997820892074100	537717	8	[[[-1.12452193 -0.64911555 -0.65644222]
  [-1.7174926   1.15716342 -0.21860219]
  [-1.84412483  0.26965026  0.35334863]
  [-0.40935811  0.33256123 -0.82664966]
  [-0.83142553  0.62227471  0.07877167]
  [-1.50573071  0.42800267 -0.94506461]
  [-2.05494046 -0.83488271 -0.00641675]]]
Experiment	24	-11.236411478846781	5.268972521153200	435614	7	[[[ 2.40746297  1.11453433 -0.4739072 ]
  [ 1.75146588  1.55069352 -2.5       ]
  [ 1.53684541  0.79813559 -1.61887303]
  [ 2.0235603   1.74992508 -1.37623691]
  [ 1.40849183  0.65776925 -0.5071392 ]
  [ 1.33770878  1.75093425 -0.47232863]
  [ 2.40284776 -0.0951629  -0.16216086]]]
Experiment	25	-11.24099660085575	5.264387399144200	11416	9	[[[ 1.3501453  -1.26180252 -0.03966877]
  [ 1.82725855 -1.68915739  0.94614299]
  [ 2.13720471 -0.16874959  0.82002254]
  [ 0.68728375 -2.20587829  0.84968572]
  [ 0.47028551 -1.15666759  0.58916236]
  [ 0.45292322 -1.30859006  1.627333  ]
  [ 1.36665826 -0.77967178  1.20706341]]]
Experiment	26	-11.499467459394769	5.005916540605200	543510	8	[[[ 0.49556504 -0.57604761  2.0946027 ]
  [ 0.75378749  1.72129345  1.41424391]
  [ 0.45727506 -0.11334628  1.13014423]
  [ 0.25487765  0.92831015  0.8170149 ]
  [-0.3714953   0.68982434  1.69567266]
  [ 1.1153488   0.52463746  1.68675563]
  [ 1.23131291  0.53619687  0.47244722]]]
Experiment	27	-11.13030434440094	5.375079655599000	74016	8	[[[-1.89505771  0.17371353  0.1858817 ]
  [-1.59355133  1.32940606 -0.10618869]
  [-0.75273058  0.4844042   0.01610818]
  [-0.92592498  1.16529175  0.95381041]
  [-0.99503302  2.25586508  0.50983604]
  [-2.05121736  0.95832831  0.81078575]
  [-2.36325804  0.56970852 -0.70455952]]]
Experiment	28	-11.771061269150653	4.734500730849346	462001	7	[[[-0.49842309 -0.71613122  1.44224698]
  [-0.15894776 -0.00817392  2.16408367]
  [-0.9316888   0.22452893  1.24596724]
  [-1.49357942 -0.13650605  2.38417118]
  [-0.75007559  1.36668892  1.5578251 ]
  [-1.10793892  0.89905131  2.5       ]
  [-1.74097406  0.76353801  1.59213451]]]
Experiment	29	-11.059362891577901	5.446050008422098	352081	5	[[[-1.18512049  0.9022529   0.3340101 ]
  [-0.25745906  0.36430501  0.7936296 ]
  [-0.0701512   0.43594047  2.30073304]
  [-0.86577281  0.04989935  1.65512993]
  [-0.26082343 -0.75739327  0.63142766]
  [ 0.44091843 -0.2918747   1.47542282]
  [-0.41188152  1.30483759  1.52293922]]]
Experiment	30	-11.173107793907398	5.332275006092601	112015	8	[[[ 0.84947124  1.93364938 -1.01866331]
  [-0.07229941  1.61705019 -0.385561  ]
  [ 0.96091002  1.87743533  0.15452782]
  [-0.0612197   1.19067868 -1.44504253]
  [-0.28364716  2.5        -0.88744546]
  [-0.25226876  2.5         0.25799738]
  [ 1.26026123  0.8696419  -0.78541736]]]
