Experiment	1	-12.942586928051213	3.5627970719487863	335111	8	[[[-0.96234496 -0.74257212  0.56238309]
  [ 0.38860545  0.49463886 -0.13758776]
  [-0.370284   -0.30822455 -0.52118969]
  [ 0.47594026 -1.19365192 -0.30320307]
  [ 0.98460615 -0.1928124  -0.72224548]
  [-0.6340104   0.34106263  0.2379087 ]
  [ 0.20754964 -0.44310321  0.43109319]]]
Experiment	2	-13.06408000742995	3.441303992570049	72459	8	[[[-0.68002449 -0.33394755  1.65083244]
  [ 0.53119359 -0.14570917  1.49535526]
  [-0.52676105 -1.2630437   1.06119418]
  [-0.22330544 -0.28677397  0.47728812]
  [-0.17839974  0.63271167  1.29403378]
  [-1.31401073 -0.58654625  0.48597539]
  [ 0.12666434 -1.04459091  1.98995073]]]
Experiment	3	-12.571551995897208	3.9338320041027917	662706	8	[[[ 1.05362943  0.27595184  0.37482858]
  [ 1.59000635  0.06673736 -0.51696551]
  [ 0.53227811  0.409788   -0.51519188]
  [ 1.82052402  1.01548115 -0.00753314]
  [ 1.04065862  1.34104932 -0.89897577]
  [ 0.71721273  1.39017964  0.35796722]
  [ 1.93295169  2.01472317 -0.64643904]]]
Experiment	4	-12.673343194315937	3.8320408056840627	315928	7	[[[ 0.32058751  0.13246799  0.8293261 ]
  [-0.28826826  0.11278458 -0.07614896]
  [-0.51365656 -1.07204022 -0.26512958]
  [-0.23934494 -0.52229248 -1.09095746]
  [-1.23563254 -0.33911723 -0.62499924]
  [-0.83645932 -0.4861181   0.70045216]
  [-1.32711572  0.35060477  0.24806602]]]
Experiment	5	-12.910028884237473	3.5953551157625263	138489	8	[[[ 1.87303716 -0.65787778  0.14521511]
  [ 1.71762447 -1.66374138 -0.26737844]
  [ 0.9444377  -1.24864818  0.44746554]
  [ 1.61919285 -0.82994196 -0.95713705]
  [ 0.73720825 -1.47729283 -0.89615993]
  [ 0.40482985 -0.6085674  -0.41085813]
  [ 1.97366951 -1.85252197 -1.35657932]]]
Experiment	6	-11.721614464311742	4.783769535688258	564014	8	[[[ 0.05928422  1.37894832 -1.6300584 ]
  [-0.59930097 -0.56213468 -1.3508448 ]
  [ 0.03034575  0.25764929 -1.76527378]
  [-0.52318086  0.92140406 -2.5       ]
  [-0.82126234  0.8369206  -1.2872174 ]
  [-1.61756899  0.95317994 -2.08058718]
  [-1.08142144  1.75628134 -1.9278437 ]]]
Experiment	7	-12.607097413053285	3.898286586946714	473011	7	[[[-0.19179114  0.68960172  0.53960825]
  [ 0.08296721 -0.05612396 -0.4349523 ]
  [ 1.27626715  0.11335346 -0.86774494]
  [-0.11636295  0.39282451 -1.38510503]
  [-0.47280809  1.48604207 -1.42787523]
  [ 0.53533338  0.92675453 -0.55659655]
  [-0.63641178  0.80003047 -0.46323043]]]
Experiment	8	-12.681250769360823	3.824133230639177	263350	7	[[[ 0.34618891  1.72040257  1.16672758]
  [ 1.1664274   0.95390286  0.72841559]
  [ 0.60217486  0.50696983 -0.15008883]
  [-0.55928158  1.23120547 -0.35490751]
  [ 0.26687379  1.69235903  0.12263534]
  [-0.09425127  0.84645247  0.66058723]
  [ 0.24718413  1.02576322 -1.11952638]]]
Experiment	9	-12.577773834576938	3.9276101654230615	441564	6	[[[-1.29768275 -0.43922167 -0.60769807]
  [-0.92533789  1.49898554 -0.84574192]
  [-1.72502258  0.73517478 -0.64313579]
  [-0.92520162  0.75759869  0.08451777]
  [-2.5        -0.16680139 -0.42999675]
  [-0.61350133  0.37815161 -1.01226177]
  [-1.47455982 -0.04871661 -1.56071157]]]
Experiment	10	-12.85309018306022	3.65229381693978	322283	7	[[[-0.63057872 -0.71297123  2.11060975]
  [-0.03473129 -0.03761886  1.36385923]
  [ 0.0750758  -0.16256189  0.29373579]
  [-1.09047408  0.25488278  0.23378336]
  [-1.14762595 -0.02191919  1.33401231]
  [-0.57137724  1.04036171  1.15601231]
  [-0.46871119 -0.93011487  0.95278948]]]
Experiment	11	-12.65805316031077	3.8473308396892296	634977	5	[[[-1.93374631 -0.02453763 -0.64034898]
  [-1.69577417  1.35845965 -0.22830459]
  [-1.27848507  0.84667256 -1.11618302]
  [-1.7719983   0.52897767  0.60345085]
  [-0.98157477  0.36925662 -0.20935417]
  [-2.37403538  0.83630802 -1.25056313]
  [-0.7309126  -0.18787441 -1.03819896]]]
Experiment	12	-12.421156706382632	4.084227293617367	556002	8	[[[-1.36697661  1.51308601  0.34301579]
  [-1.51666227  0.20880484 -0.56689538]
  [-1.35273243 -0.31205613  0.44975012]
  [-1.72070028  1.16454359  1.26378132]
  [-0.82386959  0.65839423  0.65404674]
  [-2.5         1.75104847  0.54317982]
  [-2.07491823  0.64399321  0.25399735]]]
