Experiment	1	-13.642795556651693	14.779736443348307	31569	7	[[[-0.88382225  1.7011221  -2.33905577]
  [ 1.15247869  2.00359494  0.67486051]
  [-0.96594684  0.57394351 -1.84523096]
  [ 0.47822992  0.85337893  0.64717361]
  [-0.44536064  1.22039545 -1.23275434]
  [ 0.24980574  1.45624848 -2.14931019]
  [ 1.68444761  0.92100967  0.9185687 ]
  [ 0.77183332  0.59766497 -1.5398133 ]
  [ 0.36314515  1.51078063 -0.62767608]
  [-0.21433229  0.12526687 -0.97001592]]]
Experiment	2	-14.888454575527607	13.534077424472393	13301	8	[[[ 0.93406982 -1.15093032  1.58723704]
  [ 0.30930274 -0.87710159  2.5       ]
  [ 0.90604686  0.577451    1.94815847]
  [-0.76646136 -1.30702815  1.87367898]
  [-0.78062959 -0.80911531  0.83969002]
  [ 0.31862086 -0.17145859  1.30452844]
  [ 1.56430173 -0.4832505   2.5       ]
  [-0.33459063 -1.9306341   0.93196786]
  [-1.55737327 -2.03331837  1.99888007]
  [ 0.19501673 -1.11000654  0.368481  ]]]
Experiment	3	-12.846381838761499	15.576150161238502	66673	7	[[[ 8.64972353e-01 -7.08019343e-01 -1.99540245e-01]
  [ 1.33648743e-01  7.73641630e-01 -2.00901392e+00]
  [ 3.63943040e-01 -1.15318937e+00 -1.29913547e+00]
  [ 1.07974174e+00 -1.61000842e+00 -2.09487785e+00]
  [ 6.83826298e-01 -1.46799227e-01 -1.77846171e+00]
  [-5.54563111e-02 -1.52303644e+00 -2.50000000e+00]
  [-4.18298390e-01  6.87072796e-01 -9.80633812e-01]
  [-2.29222167e+00  6.63111528e-01 -1.85506198e+00]
  [-4.21191746e-01 -3.93831125e-01 -1.51173757e+00]
  [-1.50546064e+00  3.05798762e-04 -2.19636264e+00]]]
Experiment	4	-14.451466475548514	13.971065524451486	24802	8	[[[-1.10651975e-01 -9.24937197e-02  6.19693357e-01]
  [ 2.23700287e+00 -1.84396972e+00 -7.18850748e-01]
  [ 1.48602603e+00 -4.41302678e-01 -2.54227043e-03]
  [-1.05544591e-02 -1.22361842e+00  3.94576628e-01]
  [ 1.18408035e+00 -1.75672112e+00 -9.39423431e-01]
  [ 8.84341805e-01 -3.52363620e-01  1.26990792e+00]
  [ 5.28909104e-04 -1.28821011e+00  1.51189157e+00]
  [ 1.28938430e+00 -1.60423000e+00  3.34594083e-01]
  [ 1.86715249e+00 -8.39721459e-01  8.98788526e-01]
  [-1.06628862e+00 -8.80948350e-01  9.27442840e-01]]]
Experiment	5	-13.298041304260568	15.124490695739432	44122	7	[[[-0.28310622  1.30937163 -1.11498315]
  [ 0.47968834 -0.04518088 -1.04724914]
  [-0.78925638  1.99746847 -0.10937936]
  [-0.21779942  0.8657248   1.4430016 ]
  [-1.34016329  0.3633662   1.65175996]
  [-0.68275865  0.24424319 -0.72280058]
  [-0.0804713  -1.31832053 -0.4603856 ]
  [ 0.02520278  0.70373343 -0.14305645]
  [-1.05679247  0.80719495  0.24375388]
  [-1.57420043  1.1544759  -0.60441969]]]
Experiment	6	-14.372614701453106	14.049917298546895	43743	7	[[[ 0.8234647  -0.30720416  0.9416424 ]
  [-0.51459981 -1.08168238 -1.62070744]
  [ 0.29578897 -1.26892298 -1.02515968]
  [ 1.04153959  0.05704587 -0.01690581]
  [ 1.24397699 -1.11779461 -0.4800224 ]
  [-0.18849075 -0.75657121 -0.08414501]
  [ 0.74197271 -1.55997771  0.65214625]
  [-0.17517178 -1.9318404  -0.27505279]
  [ 2.12934177 -0.50302891 -0.33243939]
  [ 0.67600292 -2.5        -0.79773914]]]
Experiment	7	-15.555711532566747	12.866820467433254	17346	8	[[[ 0.03949065 -1.30315636  1.30821189]
  [ 0.01773159 -1.22888711 -0.79114828]
  [-0.64414771 -1.91007545  0.52359412]
  [-1.22549236 -0.94032719  0.46512882]
  [-0.91688075 -1.55149094 -0.41762171]
  [-2.06582952 -0.83336592 -0.63312087]
  [-0.30561422 -0.24908823  0.39235154]
  [ 0.49249066 -0.16605024 -0.83473928]
  [ 0.28022416 -2.0438303  -0.03583037]
  [-0.89577327 -0.70603839 -1.28693109]]]
Experiment	8	-14.232002154251692	14.190529845748308	27974	7	[[[-1.1126685  -0.64139244 -1.20476486]
  [ 0.4026064  -0.73461272 -1.91755528]
  [-1.1349073   0.23059931 -0.54190113]
  [-1.24246395 -0.68909459 -0.15495492]
  [-0.04019975  0.31640197 -2.06294027]
  [ 0.8680723  -0.09465108 -0.64360391]
  [-0.10555263 -0.03704873 -0.89319571]
  [-0.70877155 -0.09740787  0.70466265]
  [ 0.12738313 -1.04656545 -0.9333009 ]
  [-1.85809272  0.4186525  -1.63558161]]]
Experiment	9	-14.372096119585862	14.050435880414138	27577	8	[[[-1.61398219 -0.30356508 -0.87318648]
  [-0.60909493  0.33205703 -0.3572785 ]
  [-0.98206804 -2.33359443 -1.41886943]
  [-1.0033632  -1.19875541 -1.32294574]
  [-0.42545628 -0.30568636 -1.10899326]
  [-2.21154261 -1.54653528  0.55136648]
  [-2.24300802  0.02344094 -1.90473519]
  [-1.97188714 -1.31809067 -0.59361919]
  [-0.63524134 -1.24539401  0.08177028]
  [-1.79378272 -0.5206924   0.14983   ]]]
Experiment	10	-13.571272159438614	14.851259840561386	45883	6	[[[-0.7415566  -2.5        -0.82601292]
  [ 0.21349361 -1.7849934  -1.15059563]
  [ 0.8668086  -1.77790065  0.74600745]
  [-0.36450157 -1.20375104 -0.33248742]
  [ 0.44622562 -0.61216068 -1.73177737]
  [-0.48581281 -2.49784791  0.3178092 ]
  [-0.9369873  -2.5         1.51860815]
  [-1.31497002 -0.46877764 -0.6978132 ]
  [-1.31220283 -1.83041576 -0.11700185]
  [ 0.75501854 -1.31612391 -0.30851002]]]
Experiment	11	-13.40547134182837	15.01706065817163	75403	7	[[[-1.37306979  0.12148948  0.01660446]
  [ 0.30685917 -1.03351505 -0.11465281]
  [ 0.27872129  0.15256218  0.5353499 ]
  [-1.99599124 -1.82488009 -0.20818971]
  [-1.69342492 -0.83707628  0.42985522]
  [-0.45949152 -1.71804477  0.25764275]
  [-0.64022926 -0.26907707 -0.820174  ]
  [ 2.30288924 -0.66911902 -1.14706083]
  [-2.5        -0.1241331   0.36247965]
  [-0.58947403 -0.62134594  0.17224828]]]
Experiment	12	-13.359395320351144	15.063136679648856	59778	7	[[[-0.32178577 -1.00669368  2.1432426 ]
  [-0.9468871  -0.34251172  0.01466195]
  [-1.50545366 -0.22157954  1.71674715]
  [-1.65791714  0.20749234  0.51911037]
  [-0.66011906 -0.16978715  1.05211908]
  [-2.09665962 -1.34184004  1.13496957]
  [ 0.29761353  0.11203351  0.39140756]
  [-1.12763677  0.61429976  2.5       ]
  [-1.12962065 -1.60203538 -0.20271597]
  [-0.62551748 -1.25908963  1.02370566]]]
Experiment	13	-14.022575241507056	14.399956758492944	4579	9	[[[ 1.62716572e+00  4.17860370e-01 -7.47504245e-04]
  [-1.40568325e-01  1.42358312e+00 -6.29982149e-01]
  [ 1.93900285e+00 -1.54060262e-01  1.02387479e+00]
  [ 7.16433145e-01 -9.14748183e-01  5.07280130e-01]
  [-1.22380068e-01  3.42410984e-01  1.89861440e+00]
  [-1.17179985e-01  1.85274513e+00  1.48983332e+00]
  [ 9.17986910e-01  1.19781792e+00  1.81784883e+00]
  [ 9.22456948e-01  2.18107478e-01  1.35811099e+00]
  [ 4.20550242e-01  1.39224397e+00  7.13447686e-01]
  [ 1.74665673e+00  9.14849810e-01  1.05425087e+00]]]
Experiment	14	-14.170084079183212	14.252447920816788	78334	8	[[[ 0.93682868  2.5        -0.50389636]
  [-0.28094429  1.49999494  0.13868879]
  [-0.24996578  2.40878961 -0.48357412]
  [ 0.57969347  1.92753075 -1.49000509]
  [-1.20674308  2.13713058  0.20207434]
  [-1.11312604  0.61090597 -0.15691848]
  [ 1.06797512  1.27003654 -0.27972973]
  [ 1.17473833  1.0070713   0.79733935]
  [-1.4363945  -0.18550958  0.41119186]
  [-0.21308651  1.43940821 -0.95635386]]]
Experiment	15	-14.677390197959305	13.745141802040695	45620	6	[[[ 0.29534187  0.29578571  0.57081445]
  [ 0.58529527  1.29354277 -0.29601158]
  [ 0.92428255 -1.06086765  1.34061103]
  [ 0.35589351 -1.0711474   0.36860381]
  [ 2.18627621 -2.5         0.11543647]
  [ 2.00185116 -1.33247378  1.45594739]
  [ 1.48525606 -1.75522086  0.47508901]
  [ 1.89734029 -1.49962534 -0.47160554]
  [ 1.13088601 -0.20254297 -0.04964762]
  [ 1.33410038 -0.15795579  1.08525983]]]
Experiment	16	-13.602002619232168	14.820529380767832	15153	8	[[[ 0.53504952  0.704276   -0.95957987]
  [-0.69261094  1.28888559 -0.28662976]
  [ 1.6560154   1.89973337 -1.5495417 ]
  [ 0.26417445  0.885442    0.39938464]
  [-0.05578574  1.24720084 -1.65891117]
  [ 0.02958067  2.00314409  0.55871185]
  [ 1.11583312  0.94435216 -1.849881  ]
  [-1.53473219 -2.18323652  2.2390598 ]
  [-0.52064524  0.25768457 -1.13348963]
  [ 0.01668647  1.9689578  -0.67155746]]]
Experiment	17	-13.54056503988619	14.881966960113811	26759	8	[[[ 0.42519056 -1.4930561   0.5569445 ]
  [ 2.46392516  0.42126686 -1.70118607]
  [ 1.47724767  0.04399016 -1.38421694]
  [ 0.40447397  0.03956265 -1.13578952]
  [ 0.52640128  0.58182743 -0.04642759]
  [ 0.3628677  -0.47233835 -0.0358223 ]
  [ 2.21894032  0.14797328 -0.47907584]
  [ 1.38262048 -1.30938981 -0.24935729]
  [ 1.0088016  -1.43586403 -1.43662863]
  [ 1.07654318 -0.23271614  0.81362743]]]
Experiment	18	-14.95320820382629	13.469323796173711	22286	7	[[[-1.21091989  1.6211972   0.22496458]
  [-0.49911552  1.01221543  1.08802868]
  [ 1.01390572  1.49987886 -0.11547427]
  [ 0.99313972  0.44318399  0.84500117]
  [-0.39911502  0.66839358  0.13653123]
  [-1.35734176  0.36686843 -0.36444216]
  [ 1.39388511  0.92144127 -0.90458516]
  [ 0.16560626  1.68233539 -1.08003017]
  [-0.91675777  1.82048957 -0.8616533 ]
  [-0.12109071  1.72389379  0.08149328]]]
Experiment	19	-14.148252635853947	14.274279364146054	2943	9	[[[-1.83881416 -0.5585242  -0.64874715]
  [-1.1278476  -0.66742647  1.03699514]
  [-2.5         0.92998055 -0.02150978]
  [-1.66518423  0.43709362  0.36573534]
  [-0.53172762  0.24697382  1.67809529]
  [-0.16474713 -1.15618283  1.30487469]
  [-1.06292758  1.17266875 -0.32896515]
  [-0.24603788 -0.44549633  0.25899874]
  [-1.91219965  1.82654344  0.15003375]
  [-0.67301126  0.69552827  0.59962613]]]
Experiment	20	-13.636139991485546	14.786392008514454	46590	7	[[[ 0.59659462 -2.5         0.01962985]
  [ 2.3066423   2.40691857  1.66411717]
  [ 0.317147   -0.9827656  -0.55489069]
  [ 1.07117906 -2.24683542  1.11797575]
  [-0.04481237 -2.20229477  0.94666448]
  [-1.42316361  0.71892629 -2.37345145]
  [ 1.34409691 -0.39528743  0.9838424 ]
  [ 0.86960748 -1.45749224  0.28956801]
  [-0.1431201  -0.93490392  0.68875843]
  [-0.35727389 -1.67854979 -0.17745746]]]
Experiment	21	-13.222315813161508	15.200216186838492	61717	7	[[[ 0.07111635 -0.1096847   1.35823348]
  [ 0.62297197 -0.18404404 -0.24410316]
  [-0.24757479 -0.02012655  0.36395731]
  [ 0.70806949 -1.27444429  0.92884862]
  [ 1.07085295  1.66350691 -1.18653919]
  [ 0.54010726  0.92503727 -0.39191929]
  [ 2.40860143  2.19699193 -0.18710805]
  [ 0.28631828 -1.1591912   2.11778985]
  [ 0.65865211  0.69388533  0.7907838 ]
  [ 1.50378509  0.39255627  0.028931  ]]]
Experiment	22	-13.020997480486642	15.401534519513358	38521	8	[[[-0.44521249  0.67262629  0.08117177]
  [-1.03143993  1.29254612  1.39774709]
  [ 0.25431943 -0.11716288 -0.39201586]
  [-1.05468997 -0.29164547 -0.57131898]
  [ 2.26381908  2.5        -2.37396759]
  [-0.58883213 -0.46419499  0.48445966]
  [ 0.68306583  1.0739936  -0.15654742]
  [ 0.3400454   1.04953134  0.9537559 ]
  [-0.7395432   1.70878651  0.39940469]
  [ 0.30481625  1.75584321 -1.12803416]]]
Experiment	23	-13.857398398682848	14.565133601317152	91320	7	[[[-2.5        -0.04153523  0.90724361]
  [-1.03032821  1.03046784 -0.16597344]
  [-0.08921548  0.67669263  2.02194338]
  [-0.6768115   0.55839292  0.82058736]
  [-1.46858102 -0.96363848 -0.13816606]
  [-1.99323548  0.36816087  0.0435799 ]
  [-2.5        -1.05401529  1.30448625]
  [-0.24204675 -0.33809792 -0.92030946]
  [-1.51945574 -0.40972389  1.04147784]
  [-0.71760889 -0.18759351 -0.0419681 ]]]
Experiment	24	-14.392582610000046	14.029949389999954	76511	7	[[[ 2.5        -2.09992272  0.93707143]
  [ 0.29158637 -0.74367882 -0.09967505]
  [ 1.05241378  0.19953168  0.14956909]
  [-2.11019422  0.82629883  0.53791069]
  [-0.09739978  1.15025239  0.6682762 ]
  [-0.97058179  0.71868378  0.97915491]
  [-1.14286701  1.05396055 -0.25094736]
  [ 0.22225561 -0.00550067  0.8390256 ]
  [-0.15946672  0.33401653 -0.0286088 ]
  [-1.34976549 -0.27939664  0.20280034]]]
