Experiment	1	-14.812003063115405	13.610528936884595	61241	7	[[[ 0.22041651  1.94337842  0.06799694]
  [-0.45076257  0.39756544  0.51467581]
  [-0.76906103  1.48445065  0.83141319]
  [-1.48649414 -2.32001618 -0.64153122]
  [-0.37224676  1.17789313 -0.28491484]
  [-1.34411922 -0.39864015  0.42878887]
  [-1.07725181 -0.0954155  -0.57233938]
  [-1.59771913  0.75856376  0.10511403]
  [-2.5        -0.12093011  0.1109819 ]
  [ 0.61899279  0.48097881  0.11385907]]]
Experiment	2	-15.919204676952688	12.503327323047312	69875	7	[[[-2.5         1.01599581  2.18286599]
  [-1.39437514 -0.19004447  0.72308773]
  [-1.51914679  0.10117773 -0.31859749]
  [-0.41731214  0.67644168 -0.59643503]
  [-2.21129564  0.80941548  0.17381211]
  [ 0.25446464  0.54874467  0.3599461 ]
  [-1.00808597  0.8268432   0.52412774]
  [-2.34214941 -0.36845674  0.24420451]
  [ 0.45130022 -0.03768485 -0.6818342 ]
  [-1.56293436  1.71969632 -0.05557996]]]
Experiment	3	-15.314310927106712	13.108221072893288	71464	7	[[[ 0.87696206  0.50909023 -0.82976014]
  [-0.06699311  0.35982743  1.25306365]
  [ 0.82515917 -0.94930381 -0.52745606]
  [ 0.42961138 -0.74353985  0.68277865]
  [ 1.73555835 -0.16733703 -0.96712794]
  [-0.61337729 -0.75273708  1.01516898]
  [-2.12339845 -1.71170315 -0.29193693]
  [-0.78475944  0.12719945  0.28469714]
  [ 0.24674588  0.15591401 -0.00239063]
  [ 1.30607327  0.23997885  0.24316471]]]
Experiment	4	-16.439891346202707	11.982640653797294	64807	5	[[[ 2.63180467e-01  7.90692769e-01  1.64445350e+00]
  [-1.06351803e+00  8.32013811e-01  3.37610782e-01]
  [-3.13832917e-01  1.91720807e-03  1.41184033e+00]
  [-2.69419011e-01 -6.88363987e-02  2.57084174e-01]
  [-1.10212658e+00 -7.44013890e-05  2.11789261e+00]
  [ 9.40159622e-01  1.12408113e-02  3.87617027e-01]
  [ 9.50649681e-01 -4.39616381e-01  2.10672434e+00]
  [-7.73051872e-01 -8.71188481e-01  1.18318235e+00]
  [ 3.52419029e-01 -7.90349038e-01  1.14893505e+00]
  [ 1.42033027e-01  9.25104334e-01  5.34635423e-01]]]
Experiment	5	-15.33772647256715	13.08480552743285	29974	8	[[[-0.98369406  1.10703988 -0.34030962]
  [ 0.18201251  2.28881956 -2.08336167]
  [ 0.530754    0.55020144 -1.56099817]
  [ 1.11064306  2.5        -2.39300573]
  [-0.26365172  1.60299339 -1.24109345]
  [ 0.91094173  0.03402387 -0.40810185]
  [-0.66312808  0.56318522 -1.27540864]
  [ 1.14467975  1.1625219  -0.79680626]
  [ 0.09696673  0.90879802 -0.40632826]
  [-0.63095673  0.32010766  0.13680152]]]
Experiment	6	-15.79472459140326	12.627807408596741	14832	8	[[[-1.2434212   0.01970931 -1.72601965]
  [-0.47124605 -0.74179356 -1.36022219]
  [-2.10062219  1.22349025 -0.80055306]
  [-1.0369532   0.81113964 -0.90349947]
  [-0.94893235 -1.34849674  0.11199916]
  [-1.10847262  1.68447447 -1.54480304]
  [-2.04400221  2.36325088 -0.59390402]
  [-0.9773674   1.72719851 -0.42097328]
  [-1.74696595  0.3696376  -0.15290616]
  [-2.20446801  0.04282964 -1.06960086]]]
Experiment	7	-15.851442283441441	12.571089716558559	32788	6	[[[-0.37891644 -0.54771565 -0.88561124]
  [ 0.7171453   0.86155359 -0.75480742]
  [-0.70832547  0.55857962 -0.61285153]
  [ 0.22425833 -0.9762585   0.02510736]
  [ 0.45859147 -0.08356145 -0.47257307]
  [ 0.85027894 -0.00823707 -1.69324918]
  [ 1.3838534  -0.83339107 -0.93377163]
  [ 0.66584978 -0.19712187  0.60422851]
  [ 0.27239973 -1.03301189 -1.69770854]
  [ 1.5221334   0.60659613  0.32128175]]]
Experiment	8	-16.59369648563433	11.828835514365672	47635	6	[[[-0.24779419 -0.27115267 -0.32508063]
  [-0.96328594  0.56644347 -0.54579587]
  [-0.59465822 -0.2969506   1.96315837]
  [-0.52334041 -0.08649994  0.68716521]
  [ 0.41977882 -0.77964858  0.62339989]
  [-0.92123767  1.04827319  0.50323655]
  [-1.27276514  0.57821901  1.81918917]
  [-0.12714764  0.98556714 -1.30364082]
  [ 0.19169198  0.84323287  0.01124866]
  [-1.60011552  0.02503108  0.40498607]]]
Experiment	9	-15.910939642493314	12.511592357506686	53265	7	[[[ 0.35635032  0.91621957  1.45532632]
  [ 1.03337295  1.03858033  0.65265163]
  [ 0.89961455  1.73796719  2.22101861]
  [-0.73987804  0.9331859   1.39920953]
  [-1.89577344  2.17123126 -1.01310022]
  [-0.22925346  0.43630247  0.45162611]
  [-0.23298508 -0.00877484  1.6923316 ]
  [ 1.50640745  0.77864296  1.84622086]
  [-0.16700415  1.63843086  0.67938781]
  [ 0.33696925 -0.448387    0.62675994]]]
Experiment	10	-16.488184189076026	11.934347810923974	76766	6	[[[-0.38245499 -0.88275414  0.38467318]
  [ 0.67020756  0.05792496  0.59747826]
  [-0.29647719 -0.47175522 -0.67266593]
  [ 0.59942278  0.68305312 -0.60973175]
  [-0.24937734  0.31316664  0.30798076]
  [-1.21528121 -1.27944338 -0.35170411]
  [ 0.41957511 -1.00371138 -1.28262336]
  [-0.37827756 -0.59850291 -1.85324894]
  [ 0.8079986  -0.84056169  0.12318714]
  [-0.12681836 -1.55427422 -0.33186648]]]
Experiment	11	-17.306442008394082	11.116089991605918	81933	5	[[[ 5.10122004e-01  1.17400035e+00 -8.63119460e-01]
  [ 3.53223211e-01  1.65289534e-01 -1.29161301e+00]
  [-9.43895137e-01 -3.30094798e-01 -7.79112912e-01]
  [ 7.35765454e-04  2.07127779e-01 -2.13281949e-01]
  [-1.22731833e+00  8.64115491e-01 -2.36549409e-02]
  [-1.64975242e+00  4.62467675e-01 -9.46652834e-01]
  [-1.26661898e+00  1.53954754e+00 -1.76998038e+00]
  [-5.88700766e-01  1.14609140e+00 -8.84434464e-01]
  [ 2.15208501e-01  1.47427529e+00  1.17173544e-01]
  [-8.70837243e-01 -6.12163243e-01  2.72584206e-01]]]
Experiment	12	-16.2772658824589	12.145266117541102	66657	9	[[[-0.25442488  0.83202289 -1.34026019]
  [-1.09091582 -0.69965722 -1.37596932]
  [-0.02738099 -0.70043388 -1.07062862]
  [-0.70926378  0.09085456 -1.95793683]
  [-0.76768085 -1.66167717 -1.86125377]
  [-0.93507957 -0.97843512 -0.37306742]
  [ 0.38376923 -1.49528086 -2.5       ]
  [-0.00527056  0.44763449  0.14693419]
  [-1.23456403 -0.05604182  0.40093235]
  [-0.85697229  0.17298829 -0.7186989 ]]]
Experiment	13	-17.772316581988466	10.650215418011534	65322	7	[[[ 0.46900392 -0.22807639  0.65465878]
  [ 1.37316246  0.23108319  0.0325878 ]
  [-0.64473427  0.28392143 -0.20748067]
  [ 0.38811173  0.20413562 -0.48199934]
  [ 1.09346117 -1.17984877  0.8339178 ]
  [-0.4028843   1.20222261  0.53360645]
  [ 1.55863357 -0.0091819   1.10947637]
  [ 0.02911925 -1.07994285  0.02914309]
  [ 0.53551798  0.44281446  1.48582764]
  [ 1.19914934 -0.84419028 -0.10132464]]]
Experiment	14	-16.64319202744542	11.779339972554581	42951	6	[[[-0.46150906  1.45599454  1.87445329]
  [-0.90321643  0.19130287  2.17962713]
  [ 1.06736698  1.77125498  2.45171463]
  [-1.30728268  0.95077777  1.27704013]
  [-0.27282945  1.35986082  0.30881898]
  [ 0.36387043  2.39215052  0.38065385]
  [-0.13430617  0.68632357  1.19675366]
  [ 0.44714489  1.67538955  1.29472418]
  [-0.00266363  2.37255052  2.48868071]
  [ 0.31425041  0.53207889  2.5       ]]]
Experiment	15	-16.01353768729222	12.40899431270778	41978	6	[[[ 0.37790321  0.10690584  1.43961154]
  [-0.85708525 -0.1988763  -0.75697498]
  [-0.26095537  1.27985699  0.40772625]
  [-2.10137097  1.92307401  0.52999455]
  [-0.68688476  0.18472411  0.77574295]
  [-1.10818135  0.81988986 -0.20010815]
  [-1.22600968  1.3468215   1.057224  ]
  [ 0.19170274 -0.61548529 -1.05278489]
  [-0.02288295 -0.36237825 -0.00674102]
  [-0.10412546  1.21959196  1.43642573]]]
Experiment	16	-15.659123123097249	12.763408876902751	35137	7	[[[-0.56053902 -1.03175143 -1.51049398]
  [ 0.42809465 -0.95914276 -0.79880495]
  [ 0.26362014 -2.29715533 -0.30694011]
  [-0.01877302 -0.07873079 -0.41305193]
  [-0.11204989 -1.29050714  0.1497314 ]
  [ 0.9886724  -1.32226594  1.05654628]
  [-0.21108512 -0.32511333  0.54575092]
  [ 1.37920464 -2.37118513 -0.8874924 ]
  [ 0.24350361 -0.5964682   1.47403089]
  [ 0.86185047 -0.5255006   0.21937668]]]
Experiment	17	-15.780771790361799	12.641760209638202	89270	8	[[[ 0.6646107  -1.06629668  1.16973465]
  [ 0.23444287 -0.55837295  0.2077438 ]
  [ 1.86133028 -0.63307612  1.02367646]
  [ 1.41020989 -0.87448738  0.13689522]
  [ 1.20806813 -1.4548539   2.36330538]
  [ 0.83316796  0.09381354  0.94584659]
  [-0.27881861 -0.3993146   1.39278292]
  [-0.01939251 -1.58574039  0.46323803]
  [ 0.99693596 -0.02382644  2.11064825]
  [ 0.50901936  1.35030781  1.5937115 ]]]
Experiment	18	-15.698209137514384	12.724322862485616	27090	8	[[[ 0.31886109  0.09397197  0.60507246]
  [ 1.89718921 -0.812132    0.69042603]
  [-0.87789361 -1.75111183  0.5332559 ]
  [-0.68196605 -0.1196536  -0.0858731 ]
  [-0.1277109  -0.33320898  1.51755019]
  [ 0.37272882  0.7963096   1.46946375]
  [-0.14672065 -0.91092572  0.41842777]
  [ 0.14029604  1.1833073   0.38212801]
  [-0.70150706  0.73991132  1.40447983]
  [ 1.39301127  0.62829268  1.00277963]]]
Experiment	19	-16.09506729689655	12.327464703103452	91546	7	[[[ 0.03460685 -1.3496717   0.8457783 ]
  [-0.22150947 -0.29941619  0.18569716]
  [ 0.70834618  0.33951383 -0.21519367]
  [-0.49141551 -2.10385685  0.12710389]
  [-0.39909664  1.15231158 -0.93241456]
  [ 0.59348087 -0.45707231  0.8386182 ]
  [-0.11083328 -0.54326154  1.57519296]
  [ 0.13552156 -0.10339937 -1.03956725]
  [-0.95324864  0.50810747 -0.14568601]
  [ 0.22918038  0.56426511  0.7378454 ]]]
Experiment	20	-16.80355052148151	11.618981478518489	27073	7	[[[-1.22655026  0.78906373  1.40190444]
  [-0.40758457  0.15047239  1.5047502 ]
  [-1.62153248  1.03691736  2.5       ]
  [-1.93416325  1.86379263  1.779909  ]
  [-2.26314161  1.31541712  0.91138425]
  [-0.47782136  2.08852632  1.94829484]
  [-2.15230547  0.33522035  1.13234615]
  [-0.4801087   1.17666108  0.72831488]
  [-1.43395846  0.83402983  0.31901138]
  [-1.54287236 -0.25779017  0.49479337]]]
Experiment	21	-15.952073241380749	12.470458758619252	99218	8	[[[-0.59876946 -1.86075489  0.66946098]
  [-0.80171596  0.41203796  1.11187335]
  [ 0.77772076 -2.29172611  2.0765658 ]
  [ 0.04599979 -1.66230363  1.72566241]
  [ 0.50237445 -1.85436342  0.46373783]
  [-1.13641022 -0.67846665  0.43651117]
  [-0.12197864 -0.92815434  0.20109611]
  [ 0.60289558 -0.91980413  1.23590962]
  [ 1.49073113 -0.41463446  1.24577246]
  [-0.51377347 -0.67771508  1.49856741]]]
Experiment	22	-15.149695847594288	13.272836152405713	81140	4	[[[ 0.55910779  0.18358709  0.24293581]
  [ 1.52363257  0.01401341  0.53527991]
  [ 2.5         0.1947929   2.15587176]
  [ 1.75356763  0.67713552  1.24794799]
  [-1.1302061  -1.11444309  0.22209285]
  [ 0.52526255  0.79477482  1.13242575]
  [-0.59210013 -0.60317183  1.05891234]
  [ 0.77407635 -0.45221881  1.08084542]
  [ 1.42903581  0.27426205 -0.53088589]
  [ 1.30899714  1.12710647  0.37938744]]]
Experiment	23	-16.74774781871588	11.67478418128412	36900	6	[[[-0.87486789 -1.3253078   0.37681588]
  [-2.5        -1.16817423  1.11416141]
  [-0.85603302 -0.06273563  0.33033716]
  [-0.82487551  0.29164869  1.34281374]
  [-0.00608289 -0.60229408  0.86978732]
  [-0.52752529  1.38408921  2.31117214]
  [-1.64410504  0.84607185  0.82437555]
  [-0.96143884 -0.83533046  1.45198473]
  [-0.56652956  1.12477623  0.48916621]
  [-1.92762954 -0.26651115  0.40921479]]]
Experiment	24	-15.69219552106224	12.73033647893776	22617	7	[[[-0.75811617  0.91911536  1.61887402]
  [-0.29806162 -0.04576952  2.02296833]
  [-0.62564974 -0.06733564  0.99415341]
  [ 0.09598094 -1.73634116 -2.19946767]
  [ 0.31141283  0.49154919  1.35794027]
  [-2.5         1.62395857 -0.48586056]
  [ 0.94286345 -0.3821446   2.007298  ]
  [ 0.17541239 -0.75193764  1.10848031]
  [ 0.25341521  0.6740697   2.5       ]
  [-0.48797626  0.836677    0.52518849]]]
Experiment	25	-16.513097316409564	11.909434683590437	32552	7	[[[ 1.96120331  2.24641855 -0.34890377]
  [ 1.36548253  0.4476492   0.00584945]
  [ 1.05341996  2.5         0.08368884]
  [ 1.69434643 -0.03444344 -0.96457549]
  [ 0.4906354   0.33321104 -0.7890324 ]
  [ 1.24830705  1.39398165 -0.42650692]
  [ 0.74267678 -0.04128697  0.99951791]
  [ 0.92993345  1.15716823  0.84707347]
  [ 1.98528885  1.20419902  0.51444343]
  [-0.07642891  1.1257906   0.37717553]]]
