Experiment	1	-14.678460017775242	13.744071982224758	12919	8	[[[ 0.54709738  0.38101427 -0.1101398 ]
  [-0.12397717 -0.56397677  0.7370407 ]
  [-0.34191865  0.65191474 -0.95794529]
  [ 0.33676607  0.32170766  1.0968139 ]
  [ 0.96724039  0.98215078 -0.83836585]
  [-0.54434873  0.76155491  0.28256227]
  [ 0.95321872 -0.39888261  0.54810408]
  [ 2.16101913  0.02170284  1.46450032]
  [-1.21699786 -0.15801372  0.40637112]
  [ 0.79437908  1.1889961   0.81207187]]]
Experiment	2	-13.966224657583176	14.456307342416824	18432	8	[[[-2.45303405  0.75433545  0.76821597]
  [-1.69885845  1.67308289  0.48086799]
  [-1.18414218  1.22622048 -1.8231412 ]
  [-0.6726612   0.1023761   1.26818942]
  [-1.79462804 -0.22910913  0.98633762]
  [-1.71025375 -0.00265549 -0.0469836 ]
  [-1.63007302  0.88379877  1.49208566]
  [-1.35323308  1.12680296 -0.52775402]
  [-0.67514086 -0.15916556 -0.42696176]
  [-0.80807169 -1.110874    0.79045774]]]
Experiment	3	-13.635363205150416	14.787168794849585	22456	7	[[[ 0.22893992  2.5         0.41007149]
  [-0.67520315  0.63737933  1.33525749]
  [ 0.92644308  1.56799914  1.10758793]
  [-1.12831916  0.66013832 -0.46275844]
  [ 0.92925033 -0.21170725 -0.06404789]
  [-0.55084008  1.57251731  0.79640106]
  [-0.61763745  2.5        -0.25244204]
  [ 0.36399288  1.4798874   0.25824278]
  [-1.4797968   1.44824556  0.21584776]
  [-0.10409403  0.28315248  0.35622497]]]
Experiment	4	-13.513619651069332	14.908912348930668	24848	7	[[[ 1.04648394e+00 -5.09446937e-01  1.03243277e+00]
  [ 6.43317777e-01 -1.43776958e-02  2.30548747e+00]
  [ 7.62276550e-01 -1.42819476e+00  5.15720528e-01]
  [ 7.05895227e-01  1.87706143e+00  2.50000000e+00]
  [-3.57388355e-01 -1.64000284e+00  1.05981882e+00]
  [-8.85311589e-04 -3.57767895e-01  8.00958867e-01]
  [-5.38196078e-01 -7.59899785e-02  1.79961555e+00]
  [ 4.65539093e-01 -2.00425872e+00  2.50000000e+00]
  [-7.73695941e-02 -1.03539613e+00  2.06230508e+00]
  [ 1.34937467e-01 -2.50000000e+00  1.46772855e+00]]]
Experiment	5	-14.75035423230976	13.67217776769024	44280	8	[[[ 0.72674186 -0.2532352  -1.6751465 ]
  [ 1.19883786  0.24252917 -0.71686959]
  [-0.51190972 -1.79562459 -0.01844389]
  [ 1.16225742  0.70196412 -1.73362339]
  [ 1.45974782 -0.19793114  0.65512976]
  [ 2.35524904  0.31145249 -1.66151929]
  [ 1.28771877 -0.93475388 -0.26440014]
  [ 1.87454243 -0.58911726 -1.10441598]
  [ 1.513303    0.1037716  -2.5       ]
  [-0.1608274   0.2820014  -1.33393459]]]
Experiment	6	-13.375175842089613	15.047356157910388	24932	7	[[[ 1.11285789  0.09751539  0.37041316]
  [ 1.16955714  2.5        -1.17734823]
  [ 1.16023208  1.38533581 -0.95099777]
  [ 1.77796833  2.08921602 -2.01149354]
  [ 2.5         1.27808978 -1.64629422]
  [ 2.5         0.143799   -1.94486906]
  [-0.15004726  0.94221393  0.15255821]
  [ 1.25762245  0.25870835 -1.41538348]
  [ 1.78635517  1.02820949 -2.42467724]
  [ 0.70469617  1.9431364  -2.24254806]]]
Experiment	7	-12.94896733723573	15.47356466276427	16287	8	[[[-1.10429597e-01 -3.54185927e-01 -1.43127461e+00]
  [ 3.94704462e-01  8.45547775e-01 -1.39838801e+00]
  [-5.27870042e-02  4.27444467e-01 -5.98694312e-01]
  [-1.11547945e+00  1.02900306e+00 -6.14124492e-01]
  [-7.86302063e-01 -9.42316313e-01 -5.91559336e-01]
  [-1.67563975e+00 -7.62947689e-02 -4.56274504e-01]
  [-7.60941786e-02 -7.60919227e-01  2.43810126e+00]
  [-1.23413515e+00  1.23043796e-03 -1.58179888e+00]
  [-6.46167006e-01 -1.16402433e+00 -1.71917656e+00]
  [ 8.21686973e-01 -5.13104013e-01 -9.60818153e-01]]]
Experiment	8	-13.396504803993704	15.026027196006297	65846	8	[[[-2.07314824 -0.05257288 -0.28552317]
  [-1.67441686 -1.14398526  0.27218889]
  [-1.56314834 -0.04221572 -1.27974483]
  [-1.74351402  0.41635527  0.67996858]
  [-0.99931732 -0.30500659  0.726676  ]
  [-2.35912672 -0.41013973  0.92252218]
  [-1.83923882  0.57239769  1.71307881]
  [-0.38001369 -0.45466895 -0.33370244]
  [-0.96114673 -1.26761306 -0.6021017 ]
  [ 2.5        -2.13977609 -1.14862113]]]
Experiment	9	-14.311518388968887	14.111013611031114	6929	9	[[[ 1.11819999  0.62833473 -0.0236887 ]
  [ 1.07227162 -0.37915499  0.59191733]
  [ 0.2052833   0.12084348  0.20274228]
  [ 0.81056372 -1.40658905  0.18447097]
  [-0.23963622 -1.53699437 -0.32916014]
  [ 1.16876635  0.55116114 -1.07807626]
  [ 0.97947573  2.25928351 -0.84592386]
  [-0.0385027   0.00417665 -1.47130959]
  [ 0.49236205 -0.55611958 -0.58277063]
  [ 1.81023651 -1.2232597   0.40579864]]]
Experiment	10	-15.989369951637132	12.433162048362869	20594	7	[[[-2.36597193 -1.5720514  -0.61379015]
  [ 0.15586388 -1.3704982  -0.35314016]
  [-0.5125251  -0.29495996 -0.91030383]
  [ 0.91878405 -0.68249645 -0.27961736]
  [-0.58465295 -0.784338    0.10427696]
  [ 0.53425917 -1.33412551 -1.34647897]
  [-0.29434578 -1.92082949  0.38582736]
  [-1.28298289 -2.12262772 -0.14003229]
  [-0.85064568 -1.47500106 -0.81171135]
  [-1.5024287  -0.84702501 -1.32185544]]]
Experiment	11	-13.038060713214096	15.384471286785905	45956	8	[[[-0.08119323  1.84744425 -0.78204107]
  [ 1.39931549 -0.279567   -0.48756844]
  [ 1.44855727  0.6463239  -1.18815033]
  [ 0.46502399  0.92416278 -0.67022372]
  [-0.72710573  0.67873962 -0.394985  ]
  [-0.51830006 -0.24684482 -1.01858001]
  [ 2.5        -0.69551532 -0.85375579]
  [ 0.47315229  1.38861412 -1.83598532]
  [-0.26974428  0.73746311 -1.3502643 ]
  [ 2.16414902 -0.6002682   2.09427009]]]
Experiment	12	-13.427545744953958	14.994986255046042	16634	9	[[[ 0.82952251 -1.56473032 -1.04664742]
  [ 1.90320998 -0.76198298 -1.0138151 ]
  [ 1.06923647 -0.83487742 -0.24688283]
  [ 1.70418413  0.78842875 -2.5       ]
  [-0.13076183 -1.00113295 -0.56873488]
  [ 0.29820472 -0.55118144 -1.50375523]
  [ 2.2720515  -0.61628757 -2.13966706]
  [ 0.76762894  0.38824261 -0.98533814]
  [ 2.31245748  0.9669395  -1.51711355]
  [ 0.51023589  0.714852   -2.14004642]]]
Experiment	13	-12.908348628002054	15.514183371997946	27850	8	[[[-0.72157365  0.24822233 -0.30230318]
  [-2.09544256 -0.74957397  1.54807704]
  [-2.10121113 -2.5         1.99044944]
  [-1.66801692 -1.16809931  0.27875026]
  [-0.43347883 -0.26482479  1.56661993]
  [-1.371563   -0.06491889  1.0014058 ]
  [-0.98175663 -1.14203508  1.35908446]
  [-1.69422836 -1.99369429  1.15531646]
  [ 1.59981016  1.90464308 -0.70621708]
  [-1.79391145  0.10447687  2.05745714]]]
Experiment	14	-15.787717100070772	12.634814899929228	75739	8	[[[ 2.1787727  -0.2233657   2.00605322]
  [ 1.33858867 -1.43400473  2.13289598]
  [ 0.91495719 -1.63431032  0.73036394]
  [ 1.83049035 -0.16249492  0.66427744]
  [ 0.30081845 -0.99714341  2.3819672 ]
  [-0.00323242 -1.72240737  1.1973821 ]
  [ 0.93104553 -0.58262537  1.09748518]
  [ 0.26029631  0.21268417  1.79242729]
  [ 1.86734455 -2.26896987  1.36397128]
  [ 1.89542149 -1.07312014  1.33230902]]]
Experiment	15	-14.515804478413571	13.90672752158643	3777	9	[[[-0.0128126   2.5         2.5       ]
  [-0.21133414  1.74100144  1.02188124]
  [-0.3287112   2.5         0.22080149]
  [-0.112357    1.51081225  0.01146239]
  [-0.74727886  0.54544723  0.83019813]
  [ 0.36068952  1.41821203  2.077986  ]
  [ 0.45508512  2.5         1.17899458]
  [-0.79355239  2.5         1.75761937]
  [ 0.16276043  0.37031575  1.47938921]
  [ 0.89175799  0.61784191  2.5       ]]]
Experiment	16	-14.098845870839394	14.323686129160606	50940	6	[[[-0.71988068 -0.71067662  0.14937309]
  [ 0.31174231  0.7609367  -0.21852417]
  [ 0.75031803 -0.42832112  0.30499884]
  [ 1.34495497 -0.00679559 -1.47871276]
  [-1.70506367 -1.00565946  0.61461239]
  [-0.19565781 -0.14019223 -0.76707723]
  [-0.47091732  0.54572902  1.69845987]
  [-0.47265077  0.27446168  0.31846031]
  [-0.60856878 -0.36210087  1.22423004]
  [-1.50362266  0.2756267  -0.0240655 ]]]
Experiment	17	-13.674176121930858	14.748355878069143	93155	7	[[[ 0.65008526 -1.77975111 -0.38647718]
  [-1.06104719 -1.20091354 -0.3691558 ]
  [-0.42072713  0.58301257 -0.51894502]
  [ 0.54984088  0.45323187  0.84671721]
  [-0.12684778 -1.24896337 -0.85835766]
  [ 0.45397411 -0.56721545  0.19421919]
  [-0.10860335 -2.5        -1.03719144]
  [-1.71797214 -1.59752619 -1.21601794]
  [-0.72023358 -1.78132658 -1.8098403 ]
  [-0.91017355 -0.39344238 -1.03861   ]]]
Experiment	18	-13.571829819546466	14.850702180453535	27352	7	[[[-1.2117158   0.16530036  1.36027016]
  [-1.28429822  0.99228389  0.59936186]
  [-0.29826763  1.26245742  0.61832346]
  [-0.98799998  0.78555993 -0.52728332]
  [-0.85541373  1.74555811  1.36730217]
  [-0.17342935  0.60959724  1.43136277]
  [-0.82511112  0.85675053  2.42403991]
  [ 0.88451118  0.98034684 -0.6978037 ]
  [-0.11009312  1.22913441 -2.01856433]
  [-0.2607891   1.56647767 -0.55745093]]]
Experiment	19	-14.610087964917657	13.812444035082343	18717	9	[[[ 2.00374921 -0.03443068 -0.2616745 ]
  [-0.66152621  0.38656328 -0.70312189]
  [-0.3249522   0.90314617  0.23414681]
  [ 0.80660469  0.61677066 -0.48205604]
  [ 1.71820302  1.04619428 -0.81718024]
  [-0.53883598  0.30116543 -2.03972787]
  [-0.00274879  1.16250668 -0.97605878]
  [ 0.83285741  1.6202241   0.44348734]
  [ 1.04778381  0.54222178  0.53630582]
  [-0.009744   -0.35385534  0.051247  ]]]
Experiment	20	-14.93275873747587	13.48977326252413	37771	9	[[[-1.08088277  1.06340333  2.38596329]
  [ 0.23994445  0.69708737  0.06309241]
  [ 0.08534262 -0.36091038  0.64118136]
  [-0.74584054  0.21484389  0.05730686]
  [-0.52196661 -0.33789754  1.73884287]
  [-2.37508515 -1.48040854 -0.29737264]
  [-1.34913698 -0.81318329 -0.18042488]
  [-0.55821194 -1.3397113   0.06948419]
  [-0.94756162 -0.45759073  0.7881726 ]
  [-0.25580906  0.6455749   1.03643897]]]
Experiment	21	-13.943173709757064	14.479358290242937	21991	8	[[[ 1.46172385 -1.61188855  2.5       ]
  [ 1.14003595 -1.50537922  1.39200805]
  [ 0.28335544 -0.75123666  1.35876585]
  [ 0.24356158 -0.07810428  0.33034864]
  [ 0.08974894 -1.17054377  0.36080717]
  [ 1.07577076 -0.73112008  0.51642344]
  [-0.74344876 -0.36062099  0.95757485]
  [ 2.5         1.12960201  0.82394852]
  [ 1.9542193   0.98514588  1.76105896]
  [-1.3321762   0.53216604  1.20988007]]]
Experiment	22	-15.203620356125182	13.218911643874819	96885	7	[[[ 1.75329438  0.52139219  2.21593968]
  [ 1.29364497  0.87787125 -0.18517444]
  [ 1.59721638  0.11498588  0.52628194]
  [ 1.84074549  1.20307514  0.90451948]
  [ 0.00748507  0.84511018  0.92145812]
  [ 0.50803493  0.20877485  0.01934059]
  [ 0.99224294  0.64450581  1.29962508]
  [-0.16900969  1.43434465 -0.06746724]
  [ 0.63409916  2.07244502  1.20591253]
  [-0.57737121  2.20252255  0.48132432]]]
Experiment	23	-13.385397382246705	15.037134617753296	59997	8	[[[ 0.84018038  0.38813756 -1.12900985]
  [-0.08654585 -0.34313523 -0.26695684]
  [ 0.73262278  0.31751737  0.23353388]
  [-0.6515467   1.40970977  0.09292977]
  [ 1.00064013  1.55113842  0.95295867]
  [ 0.1714693   0.88689182 -0.47182337]
  [ 1.34627085  1.12602271  0.03708551]
  [-0.79814003  1.52813851 -1.22856483]
  [ 0.6767728   0.22086417  1.70632394]
  [ 0.72235151  2.04695321 -0.31540973]]]
Experiment	24	-12.893862904359564	15.528669095640437	40539	6	[[[-0.30071536  0.5666538   1.13701998]
  [-1.66928679 -0.88037088 -0.04574137]
  [ 0.06062616 -0.87092553  0.34924936]
  [-1.60413226 -0.92860223  1.08509863]
  [ 0.14325158  1.24083062  0.39522193]
  [ 1.85597151 -0.04337936  0.31095044]
  [-0.47247028 -0.31784386  2.5       ]
  [-1.72055972  0.15600416  0.22293091]
  [-0.67177021 -0.06831841  0.39678639]
  [-0.73093291 -0.34599658  1.45136737]]]
Experiment	25	-13.114011513522042	15.308520486477958	82833	8	[[[-0.87123039 -1.06786381 -1.10902951]
  [-1.08949287  0.00671981 -1.28550493]
  [ 1.38632568 -0.16940822 -0.25483683]
  [ 0.71089116  0.40351418 -1.18906817]
  [ 0.88380904  1.33049078  0.56783797]
  [-0.29376546 -0.39602564 -1.95347383]
  [ 1.99939543  0.08032002 -1.09762068]
  [-0.47960214  0.86471523 -1.006166  ]
  [ 1.49442895  1.09487511 -0.42134745]
  [ 0.05018186  0.0689977  -0.07128769]]]
