Experiment	1	-15.71445679011939	12.70807520988061	9937	9	[[[ 1.71028873  0.13116738 -0.07845048]
  [ 0.56165849  0.54306431  0.05015465]
  [ 1.39251459  1.477329    0.51841834]
  [ 0.88568734 -0.5954553   0.20941419]
  [ 1.96158251 -1.38151607 -0.363136  ]
  [ 0.8220683  -0.10844395 -0.74807687]
  [ 1.12074435  1.1192132  -0.58359933]
  [ 0.38497029  0.31964114  1.59819989]
  [ 1.58880494 -0.04429463  1.25486334]
  [-0.20779752 -0.40009582 -0.0827772 ]]]
Experiment	2	-15.494591848604086	12.927940151395914	46477	7	[[[ 1.33881605  0.5395294   0.73378805]
  [ 0.72621039  1.24962164 -1.69860718]
  [ 1.24487628  0.87672174 -0.54425379]
  [ 0.09702447  1.39759876  0.77463115]
  [-0.08220538  2.5        -0.67209527]
  [ 0.84505168  1.71292001  0.14521736]
  [ 0.81995723  2.35865711  1.22397445]
  [ 0.4386534   0.64522172  0.04940269]
  [ 0.29930751  0.20579593  1.4719963 ]
  [-0.13777575  1.420938   -0.43896332]]]
Experiment	3	-16.281557918324438	12.140974081675562	3297	9	[[[ 0.30705436  0.60342662 -0.98202009]
  [-0.03528028  1.53168538 -0.44346065]
  [ 0.41204529  0.11660915 -0.09881562]
  [-0.6688902   0.56328111 -0.19789545]
  [-0.09387844 -0.44590744 -0.86267123]
  [-0.77039064  0.12769325 -1.58221226]
  [ 0.37736304  0.16878065 -2.15355788]
  [ 1.65905463 -2.43780383 -1.83903482]
  [ 0.83188448 -0.25951717 -1.26310489]
  [ 1.12123736  1.34196049 -0.91401511]]]
Experiment	4	-15.99072741088395	12.43180458911605	91187	6	[[[ 1.09690298e+00 -3.83580786e-01 -1.10832592e+00]
  [ 9.41083653e-01 -1.25589783e+00 -4.51401841e-01]
  [ 4.39560058e-01 -1.80935417e-01  1.94165406e-01]
  [ 2.70549126e-01  5.14689491e-01 -5.62870279e-01]
  [-4.27537875e-01  5.56374442e-01  1.22376921e+00]
  [ 6.72991430e-01 -9.34341490e-01 -2.16478380e+00]
  [-2.52641498e-01  1.29102357e+00  2.37913656e-01]
  [ 1.48945898e+00 -2.98160313e-01 -1.11485004e-01]
  [ 6.78331102e-01  5.49072944e-01  1.04973780e+00]
  [ 1.78305341e-03 -4.75971796e-01 -1.12925585e+00]]]
Experiment	5	-16.311122259564296	12.111409740435704	54480	5	[[[ 0.13457558 -0.44343872 -1.530627  ]
  [-0.64692341 -0.44801731 -0.70764145]
  [ 0.50911762 -1.03827772 -0.60791355]
  [ 0.70080569  0.47412115 -1.41082967]
  [ 0.00525322  0.16757859  0.3241404 ]
  [ 1.04211968  0.86325571 -0.193951  ]
  [-0.84318889 -0.5766032   0.85624836]
  [ 0.10149687 -1.10988094  0.64537912]
  [-0.72571876 -1.29349422 -0.06080625]
  [-0.28672328  0.7728402  -0.54622367]]]
Experiment	6	-15.365274948908532	13.057257051091469	16839	8	[[[-1.7993871  -0.51042456 -0.88523034]
  [-0.15306202  0.73067901 -0.28697681]
  [-0.58936908 -0.49292861 -0.99830983]
  [-0.10897027 -0.26309012  0.25022421]
  [-2.5        -0.92299804 -0.24452989]
  [-0.07664929  1.62237126  0.4268965 ]
  [-2.22758465  0.52633529 -0.15210335]
  [-1.28191021  0.06460891 -0.04075708]
  [-1.62327693 -1.51716244 -0.16813375]
  [-1.34569615  0.43568472 -1.23324751]]]
Experiment	7	-14.828935458294453	13.593596541705548	63962	7	[[[-2.03421304 -1.18482121  2.18745751]
  [-0.97357161 -1.26846728  1.55468901]
  [-2.5        -0.30713007  0.98658879]
  [-1.36944685 -0.3459095   0.74377729]
  [-0.64998151 -1.1977127   0.35759592]
  [-1.30192425  0.02563654  2.03801835]
  [ 0.17284597 -0.42998415  1.34594247]
  [ 2.5         1.64853369 -2.47345216]
  [-1.93808283 -1.36915126  0.99786921]
  [-1.64483098 -1.10264724 -0.12650727]]]
Experiment	8	-16.42141042775427	12.00112157224573	15597	8	[[[-0.6413599  -0.15098455  1.07328488]
  [-0.14919602  1.90917374  2.00902598]
  [-0.95653612  0.41048707 -0.6559598 ]
  [-1.22141792  1.14846546  2.00856694]
  [ 0.69433006  1.86151108  0.77092855]
  [-1.17051961  0.64352672  0.62339796]
  [-0.09589113  0.53086064  0.29589143]
  [-0.48841128  1.25790761  1.11069888]
  [ 0.03258834  1.56139274 -0.29132327]
  [-0.9005478   1.84402967  0.29906235]]]
Experiment	9	-14.900217990723702	13.522314009276299	81483	6	[[[ 0.20972199 -1.97604374  0.62508548]
  [ 0.7911721   0.72194509  1.23779617]
  [-0.1694712  -1.99511181 -0.67738048]
  [ 0.02947209 -1.08439923 -1.3310214 ]
  [ 0.95134538 -0.79621105 -0.71785851]
  [ 1.30560716 -1.20062578  0.22325015]
  [ 0.653941   -0.30063659  0.73732242]
  [ 1.53602288 -1.63617241 -0.99342922]
  [-0.48093575 -0.48137506  0.88937154]
  [-0.17378162 -1.03478313 -0.14605157]]]
Experiment	10	-15.812070850604533	12.610461149395467	16804	8	[[[ 0.26754773 -0.11979884  0.84262757]
  [-0.05497157 -0.11060385 -0.14801335]
  [-0.07065082 -1.01669801  0.46934736]
  [-0.69762534 -1.79976765  1.00532914]
  [-0.18269672  0.94649559  1.41334668]
  [ 0.83176443 -1.32804348 -0.27238404]
  [-0.72628568 -0.02629375  1.24782536]
  [-1.41085669 -0.81410234  0.98993604]
  [-1.20078118  1.12284382  0.85080398]
  [-1.03036571 -1.04127482 -0.0952041 ]]]
Experiment	11	-15.434258638978534	12.988273361021466	5012	9	[[[-0.28826489  1.28196203 -0.09894895]
  [ 0.05888353 -0.25440297  1.31274212]
  [ 1.79484627  0.51909283  0.86666586]
  [ 1.04685828  1.37702028  0.80779394]
  [ 0.93977934  0.33793169  1.65692263]
  [ 0.07193482  0.92250782  1.01979346]
  [ 1.07425499 -0.07052078  0.42311808]
  [ 0.33117468 -1.06905036  0.65646604]
  [-0.24922848  0.22284643  0.35638418]
  [ 0.44578437 -0.41757107 -1.94028955]]]
Experiment	12	-15.881093982714122	12.541438017285879	20761	7	[[[-0.29762414 -0.62769413 -1.415967  ]
  [-0.79197255  0.26421233 -1.92901201]
  [-0.75923006  0.03191498 -0.40347483]
  [-0.71905041 -1.51513868 -1.25122908]
  [-0.34651398  0.88542325 -1.12321481]
  [-1.28366021 -0.47688817 -1.14246533]
  [-1.55027169  1.0859582  -1.43050134]
  [ 0.3364565   0.75969823 -0.10443744]
  [-1.83347216  0.13703786  0.10015287]
  [-0.9078967   1.02344094  0.08350005]]]
Experiment	13	-16.990406907858905	11.432125092141096	81705	7	[[[-0.50023003 -0.47767915 -1.38095728]
  [-0.38717139  0.73147572 -2.04623012]
  [ 0.72592656  1.72784576 -0.8639657 ]
  [-0.68553144 -0.18116099  0.39790157]
  [ 0.25259658 -0.63092559 -0.46272042]
  [ 0.68438951 -0.52475226  0.50667086]
  [-0.83095289  0.47501641 -0.55729737]
  [-0.36130139  1.35775948 -0.13301054]
  [ 0.2629802   0.48148991 -0.11806716]
  [ 0.19826662  0.32617573 -1.28277522]]]
Experiment	14	-17.459155655493145	10.963376344506855	69724	8	[[[-0.4327936   0.43948641 -0.32866303]
  [ 0.9620291  -0.25130139 -0.41700445]
  [-0.20992385 -0.56769263 -0.77317915]
  [ 1.72261438  1.33585249 -0.58655819]
  [ 0.75834275 -0.10814434  1.0295365 ]
  [ 1.72677049  0.17712181  0.31175306]
  [-0.07634584 -0.42436177  0.18674473]
  [ 0.36432316  0.81250794  0.62027171]
  [ 0.23012814  0.41833227 -1.34388331]
  [ 0.65943371  0.72501083 -0.3863185 ]]]
Experiment	15	-16.54675178632615	11.875780213673849	88492	8	[[[-1.99836083 -0.20510388 -0.24910924]
  [-1.0046661   0.73310328  0.62576355]
  [-2.14031924  0.87562459  0.05520738]
  [-0.19307982  0.01295078 -0.18604123]
  [-1.23981236  0.81417744 -0.7773102 ]
  [-1.29268094 -0.61565982  1.55161843]
  [-0.33306905  1.12447836 -0.0205116 ]
  [-0.2477342  -0.1522686   1.26305169]
  [-2.01947626  0.2955256   0.90792156]
  [-1.08843478 -0.66666337  0.26085364]]]
Experiment	16	-14.796886817133515	13.625645182866485	15154	8	[[[-2.30880778 -0.93708246  1.62074167]
  [-2.16723492 -0.15681884  0.72586014]
  [-1.18966762 -0.50350942  1.03452543]
  [-1.83907046  1.46920326  1.41653035]
  [-1.32347573 -0.44859968 -0.26317099]
  [-1.01526693  0.71281543 -0.27067915]
  [-0.48733661 -0.13617334  0.35855483]
  [-1.18707753  0.49377413  1.1617448 ]
  [-2.11220875  0.3334417   1.82768421]
  [ 2.00498145 -0.35753332  0.85645688]]]
Experiment	17	-16.486167883986372	11.936364116013628	6424	9	[[[-0.40672623 -2.13156064  0.4386888 ]
  [ 0.57042278 -1.35079632 -0.71266105]
  [ 2.22754192 -0.51426906  0.31489274]
  [ 2.11792959 -1.86512322 -0.09847069]
  [-0.59749909 -0.23120871  0.42291695]
  [ 1.79255207 -1.59701019  1.33323937]
  [ 1.31329722 -0.76446668  0.87604538]
  [ 1.11620628 -0.44058457 -0.14679876]
  [ 0.31358245 -1.08769177  0.40789897]
  [ 1.10409154 -1.789526    0.21377179]]]
Experiment	18	-16.6478351147365	11.774696885263502	16863	8	[[[-0.67506468 -0.94534028  0.48724025]
  [-0.33738516 -0.91844515 -0.55738373]
  [ 0.47757988 -0.4916053  -1.27357251]
  [-0.03726034  0.11526007  0.92395949]
  [-0.25871376  0.41601002 -0.78491499]
  [-1.2604004  -0.13021481 -0.803149  ]
  [ 0.24318396 -0.31153406 -0.06013079]
  [-0.53997731 -1.32532275 -1.65043558]
  [ 0.87624187  0.33730698 -0.61630271]
  [-0.1740019  -0.3740069  -2.05649031]]]
Experiment	19	-16.84631530110194	11.576216698898062	7798	9	[[[-1.42060187 -0.50405381 -0.68030171]
  [-1.37591808  0.83580562 -1.95631687]
  [-0.87064949 -1.43628298  0.49449849]
  [-0.54947635 -0.88080513 -1.20115249]
  [-0.46163436 -0.62131008 -0.04858184]
  [-0.2557339   1.40127029 -1.04185168]
  [-0.54967259  0.15159522 -0.98566648]
  [ 0.53240703 -0.2608061  -1.48669214]
  [-1.30072615 -0.366848   -1.76932368]
  [-1.51040988  0.53176942 -1.01723861]]]
Experiment	20	-16.027351792031023	12.395180207968977	36578	8	[[[-1.31428226 -0.10361891 -0.13733725]
  [ 0.20653352 -1.22476644 -1.16977009]
  [-2.11671519  0.18204932 -1.95251324]
  [ 0.14159447 -1.07914961 -0.08179237]
  [-0.65262577 -0.36098839  0.57956683]
  [-1.28960331 -1.18049391 -0.38927515]
  [ 0.07945056 -0.03849268 -1.71919661]
  [-1.08065019 -0.51160987 -1.09716515]
  [-0.24618772 -0.15820261 -0.50389675]
  [-0.77691312  0.71728787 -1.02861517]]]
Experiment	21	-16.098475590963304	12.324056409036697	30534	6	[[[-0.10297556 -0.9660436  -0.37840725]
  [-0.74503153 -0.12430819 -0.62769422]
  [-0.24938659  0.85046109 -0.91441036]
  [-1.16468401  1.15691606 -0.39746673]
  [ 0.0733232   1.28133577 -0.03351106]
  [ 0.84740869  1.59208277 -0.95306543]
  [ 1.10458712  2.08441028  1.79949024]
  [ 0.27607252  0.11018148 -0.02806032]
  [-1.15872552  0.16733331  0.44164337]
  [ 0.20993809 -0.09519244 -1.05317278]]]
Experiment	22	-16.236584799074762	12.185947200925238	31727	6	[[[ 0.01431553  1.18000871 -0.37654217]
  [ 0.62521861 -1.33273938 -0.23519872]
  [ 0.75168209 -0.16102124 -0.60775201]
  [-0.30321781 -0.05338821 -0.35282337]
  [-0.43049889  1.57560898 -1.26555176]
  [-0.11543475 -0.427143   -1.59367015]
  [-0.76432932  0.36526307 -1.40568329]
  [ 0.40289193  0.58178421 -1.55388734]
  [-1.38553649  1.29540614 -0.60309956]
  [-1.4988765   0.11437489 -0.08188662]]]
Experiment	23	-16.628823366553807	11.793708633446194	11284	8	[[[-1.01764585 -1.10684276 -0.67923726]
  [-2.06802422  0.3745113  -0.2180084 ]
  [ 1.91681001  0.95323326  2.05507449]
  [-1.42376731 -0.08326269 -0.98592415]
  [-2.06755705 -0.90955344 -0.55556461]
  [-0.87584134 -1.08784252  0.46584286]
  [-1.56719686 -0.32636513  0.99124711]
  [-2.5        -0.67424132  0.48479059]
  [-0.89882988 -0.18559548 -0.07052097]
  [-0.62919309 -0.40828294 -1.79393289]]]
Experiment	24	-15.833714371041424	12.588817628958576	78129	8	[[[-0.71965906 -1.27074831  0.28087415]
  [ 0.21528762 -2.11118392 -0.67579152]
  [-0.02699851 -0.98131389 -1.20067755]
  [-0.17733607  0.38616702 -0.0369595 ]
  [-0.66510813 -0.42338013 -0.42931388]
  [ 0.24080491 -0.3849543   0.50540247]
  [ 0.97929897  0.16431261 -0.95694504]
  [-0.23366275  0.3248122  -1.23030586]
  [ 0.94875144  0.67670519  0.08100838]
  [-1.14179247 -0.05994085  0.54971057]]]
Experiment	25	-16.669736316584967	11.752795683415034	80048	7	[[[-1.4982919   0.01907285  0.15257547]
  [ 1.29240445 -0.34996995  0.52832111]
  [ 0.56053998 -0.48195079 -0.52864651]
  [ 1.46207033 -1.6712444  -0.19153956]
  [ 0.30224053  0.05685629  0.91164004]
  [-0.40711861 -0.51642998  0.05197104]
  [-0.74311686 -1.6563636  -0.02206551]
  [-0.29307787 -1.068602    1.21619804]
  [-0.63613945  0.48675119 -0.47972301]
  [ 0.52934827 -1.1176293   0.32580876]]]
Experiment	26	-16.871294873736648	11.551237126263352	24001	7	[[[ 0.98639007 -0.39305887 -0.42632471]
  [ 0.00963835  0.13314296  0.25525022]
  [ 0.73273942 -1.90752767  0.37163011]
  [ 0.7660216  -0.40984431  0.99778585]
  [ 1.57820155 -2.20438579  0.83237831]
  [ 1.4082414  -1.15690476  0.57703186]
  [ 2.40311461  0.12787106  1.64069994]
  [ 0.83571751 -1.4185586   1.41343176]
  [ 0.19423649 -0.96376833 -0.00271021]
  [ 1.44485801  0.32404511  0.46551713]]]
