Experiment	1	-13.889591676736663	14.532940323263338	14498	8	[[[ 2.5        -0.32065756 -2.4569262 ]
  [ 1.71224144  0.37306995 -2.12787524]
  [ 0.10419326 -2.5        -1.24686243]
  [ 0.35100197 -0.81733756 -2.03895331]
  [ 1.51254819 -1.2790957  -0.75328088]
  [ 1.43978458 -0.64294752 -2.5       ]
  [ 1.40292062  0.3073977   0.02815059]
  [ 1.76760383 -0.56768461 -1.49889204]
  [ 1.12032892  0.95774637 -1.10737273]
  [ 0.76641234  0.01200173 -1.28368676]]]
Experiment	2	-12.88107837429991	15.54145362570009	99049	8	[[[-0.10877955 -0.1130195   2.5       ]
  [ 1.51986944  1.85379992  0.49503142]
  [ 1.6403403   1.15626351  1.64629033]
  [ 0.25046679 -0.54534964  1.6386846 ]
  [ 0.89407445  0.32014479  2.03964222]
  [-1.55007916  1.00853059  0.71898369]
  [ 0.68093569  1.30757168  0.79018028]
  [-0.43191551  0.8458767   0.63255981]
  [-0.80029573  0.67920633 -0.52633116]
  [-0.22532292  0.62501026  1.61421765]]]
Experiment	3	-15.393094626863949	13.029437373136052	34047	7	[[[ 0.31222872  0.8454756   0.51288127]
  [-0.06631203 -0.13375753  0.29125699]
  [-0.87163113  0.99521986  0.41230394]
  [ 2.00584098  0.35384686 -0.03933547]
  [ 0.12112873  1.77382394  1.00641783]
  [ 1.13803854 -0.41581055  0.23731479]
  [ 0.79818948 -0.15936845  1.14335476]
  [ 0.31679296  0.18692495 -0.77717291]
  [ 1.33345632  1.19427886 -0.0641859 ]
  [-0.20796507  1.58071283 -0.15625609]]]
Experiment	4	-13.03996209561695	15.38256990438305	47539	8	[[[-0.9451471   2.36100665  1.52217604]
  [ 0.05048497  2.18046401  1.34724626]
  [-2.13090939  1.04483651  1.42989221]
  [-1.32133136  2.2045005   2.5       ]
  [-1.39851903  0.99243507  2.0879761 ]
  [ 0.16616799  0.42732558  1.62740931]
  [ 0.6143568   0.23156725  0.17853126]
  [-0.22597479  2.5         2.4867223 ]
  [-1.00204408  1.38699645  1.10426359]
  [-1.91944309  2.02759983  1.17536431]]]
Experiment	5	-14.444630648201334	13.977901351798666	73967	8	[[[ 0.10979522 -1.9414413  -2.16153092]
  [-0.81537239  0.87084143 -2.5       ]
  [-1.34622716  1.68665675 -1.93005439]
  [-1.25887898  0.08416231 -1.50429081]
  [ 0.24739546 -0.82607824 -2.13273424]
  [-1.90846225  1.04865158 -1.12479078]
  [-0.26512336  0.13440113 -1.81547475]
  [-0.54789989 -0.89831849 -1.43665552]
  [-0.94803824 -1.02470559 -2.5       ]
  [ 0.71577585 -2.5        -1.12743249]]]
Experiment	6	-15.587480445183484	12.835051554816516	11905	8	[[[ 2.21244317  0.12923406  0.80141843]
  [ 1.17526217  0.63400011  1.61675238]
  [ 0.17041432  0.16482348  1.35834901]
  [ 0.90115582  1.69874949  0.65245359]
  [ 1.50346992 -0.26991992 -0.20849073]
  [ 1.00448456 -0.03374932  0.63860826]
  [ 1.91851108 -0.09887523  1.82302864]
  [ 2.36196867  0.56036897 -0.39230964]
  [ 1.36427864  0.79397869 -0.05765164]
  [ 1.71842087  2.17422227  1.44964085]]]
Experiment	7	-14.175676806504937	14.246855193495064	62076	5	[[[ 2.2033439  -0.29778853 -1.53399171]
  [ 2.5         1.8646226  -1.70540413]
  [ 1.64251453 -0.76559227 -2.5       ]
  [ 0.83879603  1.21200582 -2.19479401]
  [ 0.53480222  0.81213549 -0.63255865]
  [ 2.19519607  0.88144001 -1.49320967]
  [ 1.89490724  1.33508587 -2.5       ]
  [ 2.5         0.23516818 -2.5       ]
  [ 0.60557027  1.8394505  -0.97203985]
  [ 1.50820773  1.86318644 -1.34489186]]]
Experiment	8	-13.657239591317913	14.765292408682088	46215	7	[[[-0.12071842 -0.41493219  0.09229574]
  [ 1.24362759  0.54525652 -0.9299775 ]
  [-0.30236195  1.84612162  0.57039186]
  [ 0.66397155  1.23020918 -0.06969432]
  [ 1.17229149  0.7027601   0.65919964]
  [ 0.5558495  -0.24121808  0.84890758]
  [ 0.803305   -0.51353225 -0.53976304]
  [-0.45466335  0.79258297 -0.00823327]
  [-0.8155514   1.12054419  1.12964206]
  [ 0.84152718 -0.38866832 -1.6508081 ]]]
Experiment	9	-14.0767523968552	14.3457796031448	87216	7	[[[-0.93541814 -1.07738621  0.7995083 ]
  [-1.83801458 -1.47740016 -0.42645315]
  [-2.03601241  0.73263447  1.33484474]
  [-0.6360243  -1.98850368 -0.49722608]
  [-0.84872464  0.30398198  0.60195804]
  [-2.30186163 -1.02587003  1.28633078]
  [-2.1365653  -1.79995972  0.53096025]
  [-1.27191185 -1.76165076  1.56250022]
  [-0.61542308 -0.73068365 -0.23542404]
  [-1.92095267 -0.14611353  0.6328685 ]]]
Experiment	10	-13.779889999969575	14.642642000030426	69241	7	[[[-1.10744713 -1.60773808  1.56276933]
  [-2.5         0.3038448   2.5       ]
  [-1.20909108 -0.87834527  2.5       ]
  [-2.03705147 -1.77758246  2.34632078]
  [-0.6529635  -1.82046111  2.5       ]
  [-1.97998718 -2.5         1.01602775]
  [ 0.09276485 -2.15167101  1.56337152]
  [-0.070917   -1.09047172  1.0710798 ]
  [ 0.98569723 -0.53135745  1.50461838]
  [-0.84968995 -2.5         0.95680908]]]
Experiment	11	-14.195682913102138	14.226849086897863	88088	7	[[[-1.11531085  0.9915406   0.25838492]
  [-1.41457945 -1.829635   -1.65174491]
  [-0.64039435  0.47957296 -2.5       ]
  [-1.06406473 -0.6146128  -1.91432644]
  [-1.08590928 -0.15282745 -0.14971607]
  [-0.69507872 -1.60523019 -2.5       ]
  [-0.41754634 -1.34379976 -1.31995889]
  [-0.23039858 -0.06549543 -1.56808815]
  [-1.79391205 -0.5342634  -1.16273599]
  [-0.25222405  0.50106835 -0.05782501]]]
Experiment	12	-13.851857066332167	14.570674933667833	3100	9	[[[ 0.82588993  1.25583335  0.31081621]
  [ 1.37012426  2.2822666   0.23172584]
  [ 0.43577565  2.34070751 -0.52654198]
  [ 2.46211127 -0.0255746  -0.56401653]
  [ 2.13698815  0.5080403   0.40087994]
  [ 0.63236926  0.52403882 -0.6000363 ]
  [ 1.35332088  0.62199171  1.13472796]
  [ 1.36390285  1.92852979 -0.90780665]
  [ 1.68873343 -0.91446624 -0.5616935 ]
  [ 1.02997892 -0.3386056   0.25521203]]]
Experiment	13	-12.892427508678104	15.530104491321897	12511	8	[[[-0.48590249  2.5        -1.01266479]
  [ 0.97295635  0.29721279  2.3262573 ]
  [-1.19106754  1.01262539  0.82490485]
  [-2.35117891  1.42425496 -2.5       ]
  [-1.81515855  1.76550157  0.54348448]
  [-1.30457712  0.89101288 -0.50581602]
  [-0.00562516  0.66118469  0.0214693 ]
  [-0.54924669  1.68616754 -0.36388183]
  [-1.63038302  1.97553648 -0.58834898]
  [-0.79581443  1.54541923 -1.45299888]]]
Experiment	14	-13.055090666099076	15.367441333900924	16876	9	[[[-0.2711656   0.38883353  0.25574745]
  [-0.70620081  0.95504029 -0.66058688]
  [-1.25515746 -0.66260152  0.5393399 ]
  [ 1.27580633  2.5         0.03191788]
  [-1.03625437 -0.15971786  1.77694043]
  [-1.20503084  0.59213871  1.08710783]
  [-0.07412848 -0.62095     1.36631437]
  [ 0.78827801 -0.21379087  0.1940537 ]
  [-0.02824315 -0.89002739  0.09812952]
  [-1.29902942  0.02247434 -0.46002346]]]
Experiment	15	-15.560425856103514	12.862106143896487	51213	7	[[[-0.24872763  0.0525668   0.05421736]
  [-0.27866276  1.08434136  0.53575262]
  [-2.04190759  0.84460524 -1.28992939]
  [-1.12290391  0.42020685  0.69300562]
  [-1.48396397 -1.473178   -0.91527551]
  [-1.63379205 -0.20864738 -1.44784274]
  [-2.47220252 -1.85092015 -1.40644851]
  [-2.42989531 -0.10001116 -0.69457329]
  [-1.68065075  0.69888037 -0.15841692]
  [-1.53070387 -0.32109276 -0.16013052]]]
Experiment	16	-13.732948090628593	14.689583909371407	97650	6	[[[ 1.58866939  0.68391309 -1.44939648]
  [ 0.4727671   1.01844721 -2.06244512]
  [-2.1121375   1.91554201  0.21600338]
  [-0.56525002  1.08999702 -1.82095741]
  [ 0.26286491 -1.27775052 -1.88205368]
  [ 0.03325329  0.05906872 -2.32937308]
  [ 0.9126343  -0.08124119 -1.73032852]
  [-0.32711268  1.53455884 -0.72404585]
  [ 0.46193922  0.27079505 -0.86744804]
  [-0.54659211  0.31041048 -1.0448786 ]]]
Experiment	17	-13.250089301161097	15.172442698838903	33026	7	[[[-0.91393624 -0.88279928  2.5       ]
  [ 0.72589893  1.21007354  1.87925392]
  [ 0.67406858 -0.26445238  1.55685036]
  [ 1.01078547 -1.34141577  2.46085199]
  [ 1.73382214 -0.2175981   1.06793826]
  [-1.00349648 -0.9567974   1.27710727]
  [-0.00444381 -0.4039595   2.5       ]
  [-0.98186316 -2.04145934  1.82885287]
  [ 0.31064542 -2.05045621  0.9423107 ]
  [-0.02677729 -1.42525215  1.83029394]]]
Experiment	18	-15.657278859986857	12.765253140013144	26044	7	[[[-0.53558366 -2.07276301  0.08587391]
  [-0.02790005  0.67603064 -1.23271887]
  [-1.45128067 -1.680723   -0.63832671]
  [-0.07392755 -1.60604488 -0.78135331]
  [-0.73165205 -0.82732678 -0.21569961]
  [ 1.1012332  -1.17437406 -1.19490132]
  [ 0.42161516 -0.26126305 -0.26974646]
  [-0.6912758   0.37271003 -0.04382627]
  [ 0.13258828 -1.21617114  0.34708143]
  [-1.2637147  -0.36282958  0.52594197]]]
Experiment	19	-14.179537250323856	14.242994749676145	46159	7	[[[ 1.73108169  1.71242544  2.5       ]
  [ 1.63745652  2.40983746  1.57590232]
  [ 0.39399142  0.72032685  1.27249316]
  [ 0.21811345  0.27702078  2.21744278]
  [ 1.45587311  1.24087672  1.05391529]
  [ 0.70405715 -0.50632955  0.45623424]
  [ 1.20911094  0.96977977  0.04942326]
  [ 1.19561576 -0.02187508  2.5       ]
  [-0.34874217  1.31946904  1.7860161 ]
  [ 0.81992976  1.16500184  2.21588711]]]
Experiment	20	-13.904497821634187	14.518034178365813	9450	9	[[[ 0.22415107 -1.22334128 -0.43927517]
  [-0.81179021 -1.96995473 -0.41222034]
  [ 0.15644337  0.17265579 -0.03809839]
  [-0.3633856   0.77424737 -1.36112144]
  [-0.46510432 -1.21936737 -1.40421824]
  [-0.86231304 -2.25733764 -1.91747274]
  [-0.58848798 -0.49957201  0.34113697]
  [-0.84009653  0.37286769 -0.38684151]
  [ 0.13066272 -0.18062183 -1.08519672]
  [-2.31859862 -1.25627113 -1.7869141 ]]]
Experiment	21	-15.842769178784142	12.579762821215859	86038	7	[[[-0.41327137  1.91483409 -1.57759768]
  [ 0.02773608  0.06018322  0.08064466]
  [ 1.30504646  0.21783309  0.57668064]
  [ 0.78589349  0.58460927 -0.97538901]
  [ 1.70276497  0.54122276 -0.36577385]
  [ 2.5        -0.10672078  0.17496317]
  [ 2.23316408  1.02785236  0.48617945]
  [ 0.7565043   0.94311048  0.06333626]
  [-0.27308459  1.16247672 -0.56207009]
  [-0.88934189  1.19643942 -2.23811404]]]
Experiment	22	-15.188533735212221	13.233998264787779	21850	7	[[[ 0.8169535   1.46240642 -0.44328636]
  [ 1.81183264  1.79590857 -0.12260007]
  [ 1.31131192  0.42060508 -1.48070989]
  [ 0.28420828  0.5044806  -0.09205059]
  [ 1.12344825  1.01579156  0.63955941]
  [ 2.01966045  0.50898646  1.07333921]
  [ 2.5         0.71063502  2.01091216]
  [ 2.26324851  0.22977934 -1.90214145]
  [ 2.5         1.06649813  0.39038121]
  [ 1.43360026  0.57828972 -0.38861846]]]
Experiment	23	-14.618076082902476	13.804455917097524	56239	7	[[[ 0.91111007  0.44105719 -0.97753759]
  [ 0.49827836  1.44204519 -0.70614209]
  [ 0.04820279  0.85031192 -1.53188396]
  [ 1.60566486 -0.39577751 -0.60888096]
  [ 1.18446754 -1.08606824 -1.28595526]
  [-0.79517543  0.78617298 -0.90374297]
  [ 1.0766367   0.35497355  0.09999223]
  [ 1.08324159  0.8155113  -2.11356498]
  [ 0.99540593 -0.14861974 -1.98070807]
  [ 2.5         0.34280235 -0.56869699]]]
Experiment	24	-13.683700618295973	14.738831381704028	40513	6	[[[-0.90475357 -0.22210443 -1.42293439]
  [-0.85442615 -0.97070133  0.22305633]
  [-2.00787064 -1.00944498 -1.55995913]
  [-1.32328515 -1.60980721  1.03777372]
  [-1.37450092 -2.00537021 -0.19473076]
  [-0.19805029 -0.28823192 -2.5       ]
  [-0.63116928  0.24353448  0.8240058 ]
  [-0.24996917 -1.87357656  0.22816634]
  [-0.8118609  -1.18483542 -0.93948691]
  [-1.36601554 -0.71363777 -2.36224563]]]
Experiment	25	-13.421068419643056	15.001463580356944	23532	8	[[[ 0.71715229  0.52310773 -2.01217355]
  [-1.16849387  0.19768543 -1.21130852]
  [ 0.903541    0.74061884 -0.78985034]
  [-1.17549027 -2.33765159  1.41770041]
  [-0.18213735 -0.17087626 -0.88015868]
  [-1.37114742 -0.08953736  0.73442559]
  [-1.0319598  -0.32453111 -0.2693382 ]
  [-0.64918489 -1.35929102 -0.58440858]
  [-0.31623468  0.6378361  -1.74131989]
  [-0.08531019  0.28461528  0.16407451]]]
Experiment	26	-13.486369636792212	14.936162363207789	36283	9	[[[-1.96892648  1.23946803 -0.67673209]
  [-1.75308397  0.29053684  0.20902775]
  [-1.53145836 -1.35824989  2.46457568]
  [-2.5         0.08290013 -0.7238898 ]
  [-0.35353828  1.85636705 -0.7251708 ]
  [-0.74807342  0.96657402 -0.1505769 ]
  [-0.988479   -0.27491867 -0.25683282]
  [-0.59371045  0.26778591  0.80767839]
  [-1.55551019  0.34442486 -0.9323206 ]
  [-1.64801585 -0.7885004   1.56116114]]]
