Experiment	1	-15.455438177091564	12.967093822908437	58642	6	[[[ 0.51344687  0.02420054  0.32681748]
  [-0.19184222 -0.39756368  1.0204586 ]
  [-0.16869776  1.1596753   0.44519684]
  [-1.35223327  0.25046706 -1.22715712]
  [-2.5        -0.57200472 -0.59846754]
  [ 0.02354211 -0.78463071 -0.05137498]
  [-0.32295386  0.09806295 -0.54993066]
  [-1.18674283 -0.72879477 -0.52728386]
  [-1.37338161  0.31225082 -0.08937809]
  [ 0.51882168 -1.51792042  0.66279407]]]
Experiment	2	-15.45329091546379	12.969241084536211	55347	7	[[[ 0.39549665  0.77269161 -0.6590584 ]
  [-0.0355035   0.99740477 -1.72961846]
  [-1.01840814 -0.67481468 -0.83120452]
  [-1.41473836  0.23411787  0.09387665]
  [ 0.11843308  1.9171042  -0.86847109]
  [-0.53187154 -0.4024075   0.84707663]
  [-0.42161071  1.27072282 -0.07496802]
  [ 1.30371163  2.43040696 -1.30340791]
  [-0.52675203  0.15473128 -0.54111864]
  [-0.95157794  1.09447413 -1.01708755]]]
Experiment	3	-14.7964021782511	13.6261298217489	47624	8	[[[-1.05650722 -1.52956857 -2.38698166]
  [-1.80228996 -1.10284889 -0.98760158]
  [-1.9834022  -2.07777031 -0.37448611]
  [-2.11730283 -1.47007868 -1.99871273]
  [-1.08399198 -0.39077217 -0.52883491]
  [-0.8700497  -1.75944167  0.11748575]
  [-0.92626159 -2.10574465 -0.91652894]
  [ 0.15085915 -1.04691949  0.91383454]
  [-0.87085355 -0.77425111  1.4066668 ]
  [-0.6846163  -1.10772418 -1.40150841]]]
Experiment	4	-15.233894764962926	13.188637235037074	1583	9	[[[-0.68673249 -0.55874182  0.07458758]
  [ 2.5         2.0556913   0.91140036]
  [ 0.51147104 -0.79119058  0.16055594]
  [-0.98320983 -0.88323437  1.45015366]
  [-0.76790124  0.22628164  1.08521344]
  [-0.99906317 -1.776631    0.76165891]
  [-0.0089064  -1.57516457  0.88282769]
  [ 0.10883471 -0.62643026  1.39064422]
  [ 0.14862196  0.43252923  0.55022055]
  [-0.88783246 -1.70549329  2.18848714]]]
Experiment	5	-15.189222339563432	13.233309660436568	95901	4	[[[-1.14867401  0.41401787  0.78801956]
  [-0.36901776  1.25647734  0.69894197]
  [ 0.56056284  0.66980851  2.35921036]
  [-0.49093987  1.04769306 -0.38547019]
  [-0.61163542 -0.3434055   2.01824161]
  [-0.90264043 -1.10904468  1.26703265]
  [ 0.45385844  0.34374162  1.2053114 ]
  [-0.01390377 -0.04225607  0.3201578 ]
  [-1.65055049  1.28861467  0.32861198]
  [ 0.09344907 -0.77925218  1.16599016]]]
Experiment	6	-16.6298714425327	11.7926605574673	54620	8	[[[-1.18947776 -0.15967448  1.20255139]
  [ 0.78460125  0.32410462 -0.51643579]
  [-0.02750151 -0.47238566 -0.53785011]
  [ 0.13825474  0.11983641  0.58877908]
  [-0.15551806 -0.81081427  1.08441666]
  [-1.91820706 -0.86939769 -0.40176393]
  [-0.0268132  -1.52229573  0.21054483]
  [-1.03980512 -1.18090494  1.62083069]
  [ 0.68365033 -0.80173439  0.0478716 ]
  [-0.91075542 -0.51763809  0.14263114]]]
Experiment	7	-15.991842480595263	12.430689519404737	45762	7	[[[ 2.10318465 -1.52625259  0.33921592]
  [ 1.56317903 -0.01116307  0.14530745]
  [ 0.48635827 -1.26363144 -1.50003334]
  [-0.60320677 -0.51506753 -0.66756278]
  [ 1.3727532  -1.05622647 -0.54431952]
  [ 0.90926444 -0.05970416 -0.92515002]
  [ 2.41505992 -0.84375296 -0.78252057]
  [ 0.3904127  -0.88646529 -0.172337  ]
  [ 0.13756409  0.2103389  -1.53246715]
  [ 0.32690086  0.20787271  0.00718425]]]
Experiment	8	-17.329772627776677	11.092759372223323	16066	8	[[[-1.18447291  0.9357356   0.10022717]
  [-2.19002009  1.36802712  0.45140285]
  [-0.73524958  2.5         0.87387908]
  [-0.01783893  1.19118073  0.7302227 ]
  [-1.66748196  2.26071432  0.30431691]
  [-1.12983091  1.51603197  1.21411835]
  [-1.97160995  0.44931877  2.32159061]
  [-2.21464583  0.15302373  0.52080847]
  [-0.63575131  2.03231476 -0.11175426]
  [-1.59882514  1.79233194 -0.6591128 ]]]
Experiment	9	-16.067883554865418	12.354648445134583	15001	8	[[[ 0.97967875  0.16835865 -0.76995277]
  [-0.55754279  1.11561572  0.26087145]
  [ 1.10835735 -0.23720873  0.4661248 ]
  [ 0.26109744 -0.95761731  0.15956297]
  [-0.01245571  0.80904253 -1.08749788]
  [-0.10302147 -0.00631509  0.57851434]
  [ 0.92663306  1.15223678  0.37297505]
  [-0.65616028  0.07494409  1.61428426]
  [ 0.39844439 -0.15569582  1.59453824]
  [-0.0116405  -0.1837318  -0.51316168]]]
Experiment	10	-16.410904493392817	12.011627506607184	40845	6	[[[ 1.90017725  0.98372221 -0.67406338]
  [-0.07163266 -0.05010408 -0.80681137]
  [ 0.6785334   0.98830495 -0.21961544]
  [-0.42064493  1.10175641 -0.65298364]
  [ 1.3076365   0.1279046  -0.81810016]
  [ 1.76246743 -0.4920239  -0.04650957]
  [-0.27845628  0.43847209  0.27598635]
  [ 0.60941601 -0.214663   -1.7248509 ]
  [-0.7117101  -0.96487167 -0.7693277 ]
  [ 0.42541558 -0.33705436  0.16736368]]]
Experiment	11	-15.749469925817632	12.673062074182369	58432	7	[[[ 1.05168777  0.75108697 -1.49466166]
  [ 1.73130039 -1.74038744  0.28544745]
  [ 1.48383254 -0.98664901 -0.59011179]
  [ 0.57268414 -1.83452519  0.61027329]
  [ 0.03104606 -0.64300278  1.37591839]
  [ 0.02716539  0.55628819  0.66639889]
  [-0.42777509 -0.42703971  0.17934685]
  [ 1.17632498 -1.24062152  1.40101702]
  [ 0.79591268 -0.69346495  0.49025913]
  [ 0.36587182 -0.93058582 -0.47484941]]]
Experiment	12	-15.496588050857962	12.925943949142038	18784	8	[[[ 0.82259161  2.19333117  0.21078822]
  [ 1.50223747  1.15550795 -0.18376476]
  [ 0.22796343  1.64052443 -0.548249  ]
  [ 0.22636953  0.73677687 -0.01644799]
  [ 0.28925263  0.87784723 -1.67013059]
  [ 0.67991972  0.2298725  -0.81226294]
  [ 0.4434799   1.94854553 -1.66546921]
  [ 1.25606284  1.18037067 -1.28714413]
  [ 1.98686717  2.32803623  0.06679058]
  [ 1.60246062 -2.39297163  0.88216558]]]
Experiment	13	-16.18880576455779	12.233726235442209	17585	8	[[[-0.86496227 -0.10276103 -1.28081406]
  [-0.23203771 -0.64466974 -0.53399353]
  [-1.87643703 -0.2102314   0.85881995]
  [-0.42026479 -1.18213014  0.89274996]
  [-0.83948047 -0.12693466  0.56103283]
  [-1.10593014 -1.29716023  0.01732934]
  [ 0.20569971 -0.19015191  0.31091669]
  [-0.38272951  0.79128516 -0.18478357]
  [-1.89794508  1.15372327 -1.35180918]
  [-1.4216221   0.43479274 -0.30675194]]]
Experiment	14	-16.233499213261528	12.189032786738473	35854	6	[[[ 0.0351444   0.2949753   0.67781845]
  [-1.58573936  0.07532045  0.59937864]
  [-0.49003103  0.20455275  1.69291362]
  [-0.10240467 -0.07651704 -0.59085037]
  [-0.71237092 -0.54055872  0.82546801]
  [-0.92926004 -1.50417628  0.37824797]
  [-0.73552728  1.21234813  2.06680457]
  [ 0.91392713 -0.2846154  -0.01405514]
  [ 0.64397921  0.78161699 -0.02459429]
  [-0.79292904  0.58534055  0.0618733 ]]]
Experiment	15	-15.998516819885454	12.424015180114546	55742	8	[[[ 0.40593645 -0.93774691 -1.07216053]
  [ 0.12582628 -1.20379573 -0.07826686]
  [ 1.05466205 -0.11095259 -1.07529847]
  [ 2.34553876 -1.2705994  -1.72387591]
  [ 2.5        -0.36969898 -1.12197795]
  [ 1.11801239 -1.19934522  0.78154832]
  [ 0.57004353 -2.10132463 -0.35183704]
  [ 1.35600371 -1.55988066 -1.11253423]
  [ 1.56689786 -0.79846293 -0.21681362]
  [ 0.49737751 -0.38512759  0.54057215]]]
Experiment	16	-18.077296791601015	10.345235208398986	12115	8	[[[-0.05918393 -0.73547447  0.06474655]
  [-0.28919843 -1.35612627 -1.06541024]
  [ 0.8997393  -1.54369467  0.67720172]
  [-0.95819171 -1.00737556  0.71978535]
  [ 0.05510659 -0.31665055 -1.10111991]
  [-0.20068321 -1.76668024  0.42402056]
  [-1.05952582  0.0022588  -0.12891498]
  [-0.15546312  0.50085998 -0.2011865 ]
  [-1.15851451 -0.64443959 -1.2418184 ]
  [ 0.73254281 -1.25344864 -0.37145277]]]
Experiment	17	-17.847938056774655	10.574593943225345	79271	8	[[[ 1.44026072 -0.94438883  1.10872372]
  [ 0.91600533 -0.36543555  0.29583234]
  [ 0.51563326 -1.02374051 -0.76219971]
  [ 0.70344179 -1.73338941  0.88083349]
  [-0.8650885  -0.72316326  0.0861557 ]
  [ 0.8046389  -2.11651181 -0.59895999]
  [ 1.78357007 -1.9185591   0.415429  ]
  [ 0.02650382 -1.37622351  0.07298618]
  [ 0.25527274 -0.86265905  1.163079  ]
  [-0.0492347   0.05582257 -0.06079817]]]
Experiment	18	-17.858695635420577	10.563836364579423	59225	7	[[[-2.48261054 -2.17897165 -0.16370498]
  [-1.62826108 -1.23795095  0.66267462]
  [-1.43156093  0.15865351 -0.79063028]
  [-1.16266491 -1.00721739 -0.9031802 ]
  [-0.78319423 -0.74279757  0.17420586]
  [-1.52831161 -2.26293741  1.07696774]
  [-0.53293417 -2.27036615  0.5623517 ]
  [-1.27519731 -1.97823327 -0.18862231]
  [-1.9726463  -0.76447739 -0.31296338]
  [-2.23585062 -1.47145046  1.56067674]]]
Experiment	19	-15.072900786008924	13.349631213991076	37959	8	[[[ 1.10701213  1.64554482 -0.47805704]
  [ 2.01900257 -1.81905437  1.26786563]
  [ 0.81014891  0.562468    0.24854183]
  [-0.56084316  2.15431943  0.52028096]
  [-0.08317472  0.69908685  0.78354853]
  [ 1.09144737 -0.16021619 -0.81983652]
  [-1.38076144  0.81251272  0.30974217]
  [ 0.58399558  1.67838261  0.53996489]
  [-0.29288488  1.31964797 -0.07429029]
  [ 0.37078252  0.85484881 -0.92585396]]]
Experiment	20	-16.138568881117507	12.283963118882493	87161	7	[[[-0.58915085 -0.58778324  1.21971363]
  [-1.04762046 -1.31226543 -0.36668326]
  [ 0.34422787 -0.77227011  0.66878095]
  [ 0.14082973 -1.22637125  1.60892425]
  [-0.1708004   0.28094156  0.49213657]
  [-0.08229723 -0.91849844 -0.28760086]
  [-0.50065188 -1.82129653  0.59496756]
  [-0.92109341 -0.09282328 -0.43965446]
  [ 1.65237064 -0.85457918  2.30939688]
  [ 0.74907138 -0.27363046  1.83547156]]]
Experiment	21	-17.094083315121416	11.328448684878584	73431	5	[[[ 0.00492298  0.24085441 -0.91781956]
  [ 0.48569698 -0.95147375 -0.08819634]
  [-0.0161072  -1.37592765 -1.43023383]
  [-0.45739807 -0.38391456  0.20301511]
  [-0.3781712  -1.45107456 -0.12684417]
  [-0.622305   -0.64427272 -0.83352969]
  [ 0.63712247  0.1843802   0.12227782]
  [ 1.84653761 -1.81139649 -1.76371944]
  [ 0.89589748 -0.53944041 -1.22002284]
  [ 1.42019406  0.19461967 -0.6016279 ]]]
Experiment	22	-16.239935228928044	12.182596771071957	6721	9	[[[ 0.46368813 -0.18319398 -0.79777177]
  [-0.16559434 -1.13021766 -0.75392964]
  [-0.7037064  -0.1967296  -1.09081509]
  [ 0.43669128  0.20350732 -2.15704989]
  [ 1.64995618 -1.09133611 -0.63416273]
  [ 0.73774371 -1.13565014  0.02145623]
  [-1.18581087 -1.46879968 -0.83894934]
  [-0.05230784 -0.35833315  0.10140042]
  [-1.81413938 -0.05760245 -0.49297133]
  [ 0.72940134 -1.37054409 -1.30638321]]]
Experiment	23	-18.022109393919234	10.400422606080767	88447	6	[[[ 1.29290357  0.93612715  2.38856496]
  [-0.7219784   1.57715352  1.6831374 ]
  [-0.58752058  0.65229727  2.27684458]
  [ 0.2536929   1.39829645  0.96668608]
  [-0.49602115  0.49412761  1.05443385]
  [ 0.89552939  1.72981019 -0.72605016]
  [ 0.68307312  0.48979762  1.49757956]
  [-0.23717793 -0.43833385  1.92266725]
  [ 0.3198732  -0.23595358  0.71881129]
  [ 0.26380823  1.26590485  2.18845479]]]
Experiment	24	-16.59307414637022	11.82945785362978	18198	8	[[[ 0.19229324 -0.4830278   0.53229976]
  [ 0.35294871 -1.1950197   1.37426461]
  [ 0.34151714 -2.18956769  0.81540082]
  [ 0.10043696 -1.37106839 -0.04376531]
  [-0.94914849 -0.47742267  0.14522925]
  [ 0.40204521 -0.07662918  1.47537587]
  [ 0.3002498  -2.32611913 -0.32814428]
  [ 0.00271568 -0.31577037 -0.7012893 ]
  [-0.4649089   0.55759122  1.2803735 ]
  [-0.7393348  -1.24674194  0.75744585]]]
Experiment	25	-16.638610834989365	11.783921165010636	44964	7	[[[-0.82772846 -1.81414082  0.37351141]
  [ 0.47507114 -2.03626992  0.39847215]
  [ 1.25299113 -2.43920827  1.56680024]
  [-0.02593272 -1.7110894  -0.56590968]
  [ 0.71855421 -0.97890585  0.81951581]
  [-1.03375074 -1.50870832  1.52179014]
  [-0.3679938  -0.86738675  0.82664901]
  [-1.16978159 -0.73904572 -0.34153923]
  [-0.35401639 -1.26346747  2.25446052]
  [-0.10567701 -1.9025076   1.28197774]]]
Experiment	26	-14.456267066665864	13.966264933334136	5128	9	[[[ 0.17478219 -1.14002135 -1.75474663]
  [-0.16557443  2.08337609 -1.13212335]
  [ 0.38902061  1.45412469 -0.45846026]
  [ 0.10671716  0.78680118 -1.39482262]
  [ 0.19522312 -0.74753038 -0.36326582]
  [-0.83334369  0.03330535 -1.07207655]
  [-1.62235459 -0.49412375 -0.36249808]
  [-0.70274952 -1.15416466 -0.85230892]
  [-0.27104956 -0.08475188 -2.07642887]
  [ 0.40433412  0.47536938 -0.04708745]]]
