Experiment	1	-15.969047855763955	12.453484144236045	29212	8	[[[-0.831421    1.64545387  0.03128533]
  [-0.658129    0.16187104 -0.13858718]
  [ 0.56749889  0.70081279 -0.33816492]
  [ 0.99796078 -0.19921101 -0.91549116]
  [-0.70336236 -0.69072773  0.54060419]
  [ 0.35670066 -1.23117863  0.35200136]
  [ 1.22974415  0.49687405  0.54231953]
  [ 0.79486542 -0.35126558  0.14210173]
  [ 0.19926151  0.07571853 -1.52569564]
  [ 0.05238621 -0.69307699 -0.61800098]]]
Experiment	2	-15.362487964938316	13.060044035061685	92658	8	[[[ 0.64979695 -1.06119443  0.07361749]
  [-0.66509227 -1.29425005 -0.57325316]
  [ 1.48006415 -1.14630484 -1.28835916]
  [ 0.88651703 -0.14494993 -1.43039521]
  [ 1.021488   -0.82416978 -2.26015112]
  [ 0.73743233 -1.92226059 -2.2821733 ]
  [-0.43650079 -2.11163846 -1.27150391]
  [ 0.34482289 -1.37665387 -1.36395737]
  [-2.29637168 -2.5        -0.9733591 ]
  [ 0.02254841 -0.47171018 -2.02411825]]]
Experiment	3	-16.99960616739119	11.422925832608811	89186	7	[[[-0.62430304 -1.5600683   1.15712764]
  [ 0.58587879 -1.67413379  0.90081444]
  [ 0.97690419 -2.20948266  1.67736551]
  [-1.70507789 -2.35760922  1.3378378 ]
  [ 0.27290892 -1.41966749  1.89371231]
  [-0.02974902 -2.5         1.51726305]
  [-0.43749814 -1.05324708  0.05578974]
  [-1.52018426 -1.48644387  0.16236925]
  [-0.08889155 -1.99649089  0.04876303]
  [ 0.39879289 -0.509494    0.78406372]]]
Experiment	4	-14.04585480216626	14.37667719783374	77418	7	[[[-1.38823913 -0.97074133  1.17735223]
  [-1.32110138 -1.9312399   0.51246444]
  [-1.43709155  0.14354371  1.10604572]
  [ 1.58786823  1.79119024 -0.52862987]
  [-0.22905159 -0.0946791   0.40565299]
  [-0.98814707  0.48235871 -0.17472114]
  [-1.14123392 -0.91328469  0.1589711 ]
  [-2.32875408 -1.14465971  0.7997489 ]
  [ 0.84662512 -0.14416281  0.82785708]
  [-0.27811031 -1.4025884   0.69644536]]]
Experiment	5	-16.682810822000146	11.739721177999854	17569	9	[[[ 1.65018291 -0.62940167  1.10895988]
  [ 0.88945549 -0.40512602  1.96335251]
  [-0.28010133  0.68844374  0.31221194]
  [-0.07888909 -0.98157902 -0.15915147]
  [ 0.20950292  0.09490194  1.16804459]
  [-0.23642945  0.21383606 -0.85797513]
  [ 0.17348585 -1.0269714   1.08069454]
  [-1.62930655  0.56460923  0.18783559]
  [-0.97018798 -0.34149271  0.20092038]
  [ 0.41698077 -0.05104893  0.0238633 ]]]
Experiment	6	-15.893291376668094	12.529240623331907	97189	8	[[[-0.57274111 -0.38419151 -0.97235613]
  [ 1.00604264  1.45686446  0.44241494]
  [-0.07402215  1.30649327 -0.36595452]
  [ 0.59160158 -0.46280048 -1.29950482]
  [-0.11815696  1.96579024 -2.17687602]
  [ 0.64248232  0.52713959 -0.57774806]
  [-0.0240332   0.51518039 -1.41035274]
  [ 0.62718335  1.56530884 -1.37366017]
  [-0.00548993  0.02814293  0.26982537]
  [-0.2077666   1.21347555  0.67489596]]]
Experiment	7	-14.766293297745266	13.656238702254734	21402	7	[[[-0.68674356 -0.60403353 -0.83629327]
  [ 1.48151342  0.274864    2.5       ]
  [-0.73889912  0.05249309  0.75922895]
  [-1.17435131 -1.10550361  0.05868375]
  [-0.25360334 -0.73600689 -1.81495769]
  [ 0.21557258 -0.19611252 -1.03752924]
  [-0.1016695  -0.9276697   0.10862241]
  [-1.47021273 -0.06679091 -0.09184572]
  [-1.53185753 -1.6228086  -1.02221841]
  [-0.83465072  0.46622314 -0.99563236]]]
Experiment	8	-14.682094157704984	13.740437842295016	43496	8	[[[ 1.8179941   1.2900122  -0.05972783]
  [ 0.40550506  0.32978666 -0.00630796]
  [ 2.3069828   0.28349322 -0.78620649]
  [ 1.07661584  0.21594415 -0.99680109]
  [ 0.86772166  1.34397983  0.53429923]
  [ 0.95746546  1.64849887 -0.56389824]
  [ 1.68113934 -0.03389841  0.08549837]
  [ 0.51673046  1.13274504 -1.38280798]
  [ 0.27497829  0.50310049  1.13120166]
  [-2.48874576 -1.95537609  1.42681552]]]
Experiment	9	-16.002041137705167	12.420490862294834	48842	8	[[[ 0.8798302   0.47790688 -0.57288656]
  [-0.0962761   0.90850114  0.17058213]
  [-0.23379201 -0.88330679 -1.01667986]
  [-0.07017789  0.17088539 -0.70547751]
  [-0.60404808  1.67504714  1.37655775]
  [-0.43270083 -0.31276989  0.11810887]
  [ 0.78376956 -0.77783732 -0.42977083]
  [ 0.56518793 -1.11420544  0.58665468]
  [ 0.67990675  1.46813776 -0.02640925]
  [ 0.70046889  0.05832168  0.43465444]]]
Experiment	10	-16.93989499797487	11.482637002025129	57574	8	[[[ 1.35826426  1.01015962 -0.02861088]
  [ 1.46235045  2.04798513 -0.13106336]
  [ 2.13162457  1.30063951 -0.97889791]
  [ 2.5        -0.40393937 -0.10625906]
  [ 0.33622079  0.5620138   0.18104613]
  [ 0.7053015   0.78182767 -0.91375218]
  [ 2.5         0.75450719  0.28240051]
  [ 0.43971349  1.59528801  0.34041722]
  [ 0.89869576  1.99487378 -0.95829128]
  [ 1.17645058 -0.13917508 -0.04627109]]]
Experiment	11	-16.734971274410007	11.687560725589993	17111	8	[[[-1.16172271 -1.33919201 -0.03841398]
  [-1.16756976 -0.56317575  0.99478026]
  [ 1.36415317 -0.5337022   0.85755256]
  [ 0.04610228 -0.32795609 -1.42238173]
  [ 0.08631509 -0.3819203   0.96275237]
  [-0.03512909  0.0948442  -0.0423825 ]
  [ 1.11274622 -0.39432316 -0.22911967]
  [-0.69401851 -0.59745566 -0.73583484]
  [-1.17373771 -0.01703149  0.11301085]
  [ 0.22542239 -1.14620008 -0.54950326]]]
Experiment	12	-15.820310830949241	12.60222116905076	32537	7	[[[-0.13511944  1.40435449  2.2122261 ]
  [ 1.64301566 -0.50110495  0.75103531]
  [ 0.11467197  0.10320319  0.4262525 ]
  [-0.25483686  0.63213923  1.31532861]
  [ 1.72472547  1.04558456  1.42454686]
  [ 1.19805894 -0.61122697  1.7421501 ]
  [ 1.49752062  0.43439257  2.5       ]
  [-0.01752664 -0.27390724  1.75194013]
  [ 0.86350475  0.41116356  1.17195836]
  [-0.10194665 -0.85078739  0.82021843]]]
Experiment	13	-15.576120156756028	12.846411843243972	83909	8	[[[ 0.17040484 -1.32341722 -0.51713049]
  [-0.07036553 -0.53891425 -1.36307916]
  [ 1.10427796 -1.68648431 -1.11339628]
  [-0.61840632 -1.47004245 -1.28280772]
  [ 0.52259044 -0.40340118  0.9301762 ]
  [-2.05002917  1.05794975  2.11986763]
  [ 0.1171146  -0.20488364 -0.11952705]
  [ 0.88783273 -0.64127151 -0.74795197]
  [-0.71274954 -1.01419922  0.06874072]
  [ 0.55448535 -1.84480016  0.40811832]]]
Experiment	14	-16.24244742535804	12.18008457464196	14610	8	[[[ 1.03439469 -0.76283475 -1.50515637]
  [-1.02319737 -0.85447162  1.36819836]
  [ 0.49846114  0.23960898 -0.33305599]
  [ 0.05479379 -0.92754121 -0.26352628]
  [ 1.0440815  -1.35984931 -0.31321436]
  [-0.4360778   0.10477842 -0.76690913]
  [ 0.24401513 -0.05265415  0.78061378]
  [ 1.29832162 -0.23634886  0.35429037]
  [ 1.79978297 -0.62215867 -0.59539623]
  [-0.76713896 -0.36998162  0.45691548]]]
Experiment	15	-15.582473790077554	12.840058209922447	33448	7	[[[ 0.57306086  0.7994868   0.29024425]
  [-0.78416497 -0.78193961  0.82612978]
  [ 0.022107   -0.50252284  0.03873142]
  [-0.63555362 -1.56357622 -0.05844949]
  [-0.88654294 -0.21316281 -0.20847358]
  [ 0.97741161 -0.12629403  0.62667024]
  [-0.43103772  0.56285569  0.76947271]
  [-0.43975109  1.26795914 -1.62901297]
  [ 0.83955443 -0.07079241 -0.56405978]
  [-0.28455592  0.15998449 -0.98097835]]]
Experiment	16	-16.436696205304486	11.985835794695515	47172	8	[[[ 1.17539732  2.35360834  0.6344617 ]
  [ 0.03563072  0.73335924 -0.47854526]
  [-0.04763933  0.26683404  0.81184362]
  [ 0.82730205 -0.24383361  0.24584618]
  [ 0.44212623  2.21425848 -0.88829849]
  [ 1.60123958  1.8021341  -0.27966371]
  [ 1.10536077  0.30712934  1.17481388]
  [ 0.18050821  1.59826315  0.63212182]
  [-0.44395413  1.80035965 -0.29025342]
  [ 1.0807065   0.89713228  0.0362173 ]]]
Experiment	17	-15.289258201307806	13.133273798692194	21895	8	[[[ 0.55073458  0.18170423  0.67862208]
  [-0.25749885 -1.78970474  1.57297269]
  [ 1.28175663 -0.50564612  1.98716568]
  [ 1.33850426 -2.2186682   1.48242699]
  [-0.05169235  0.82130225  1.26216562]
  [ 0.93259366  1.06990128  1.93051168]
  [ 1.61615098  0.22741528  1.01703665]
  [ 0.35116889  0.05762996  1.85198163]
  [-0.62011304 -0.70586924  1.6529532 ]
  [ 0.20704768 -0.92270914  1.02273481]]]
Experiment	18	-16.235524287215835	12.187007712784165	89331	7	[[[ 2.5         0.07238486 -0.00812761]
  [ 1.41778648  0.07282534  0.28913713]
  [ 1.66615291  0.62107537 -0.54240676]
  [ 0.41425967  0.42026731  1.41992448]
  [ 1.80074746 -0.62624851 -0.51061264]
  [ 0.36504258  0.01873774  0.12952392]
  [ 0.82472065  0.94494446  0.56448937]
  [ 1.16593735 -0.70352333  0.96374029]
  [ 2.37883203  0.08462642  1.10513313]
  [ 1.63252111  0.36906215  2.5       ]]]
Experiment	19	-15.357690803522985	13.064841196477015	78555	6	[[[ 1.08446631  1.00495003 -0.65647978]
  [ 0.18586353  0.54173696  1.94444928]
  [-1.19409767  1.64393461  0.7982945 ]
  [ 0.13095425  0.72986344  0.10092726]
  [ 0.20047244 -0.02468022  0.98644608]
  [ 0.62476014  1.65848344  0.30177907]
  [-0.80213271  0.35372414  2.12138559]
  [-1.10247123  0.60423638  1.01002   ]
  [ 0.08687064  1.05667761  1.08048487]
  [-0.22971012  2.3060727   1.02777142]]]
Experiment	20	-17.755190807103443	10.667341192896558	75144	8	[[[ 1.16318936 -1.09969238  1.71561819]
  [ 1.99427792 -0.49440818  2.11251814]
  [ 1.6104657  -0.05254905  1.15116791]
  [ 0.91983049  0.16110099 -0.16999889]
  [ 1.79582457 -0.30232762 -0.59607189]
  [ 0.39581678 -2.12303959 -0.2539615 ]
  [ 2.33341848 -0.07325585  0.33271055]
  [ 2.13563933 -1.0059654   0.91951939]
  [ 1.27512796 -1.39698269 -0.14031415]
  [ 0.81670291 -0.68146583  0.60986904]]]
Experiment	21	-16.41388352791484	12.00864847208516	76913	7	[[[ 1.38118485  1.43208641  0.82154625]
  [-0.20049283  0.16305975  1.53638176]
  [-0.00928569  1.12756673  0.14585427]
  [-0.31236555  1.25358402  1.20983301]
  [ 1.15373294  0.76813733 -0.00560504]
  [ 0.40436982  0.06913294  0.06793469]
  [ 0.20029035  2.09272735  1.72950789]
  [ 1.94814696 -2.06410929  0.6330123 ]
  [ 0.40211656  2.13858106  0.38557196]
  [ 0.64977573  0.75735954  1.01049487]]]
Experiment	22	-16.788494260876227	11.634037739123773	54594	8	[[[-0.48937951  0.63546217  0.72994426]
  [ 0.33632487  0.33951955  1.54014663]
  [-1.42717846  1.12460326  1.79004964]
  [-0.21558268  0.22089186 -0.56649298]
  [-1.1420176   1.59783811  0.81966677]
  [ 0.64582126  1.53132421  0.72622384]
  [-0.30386923  1.40502003 -0.0834065 ]
  [-0.61161558  1.86380296  1.75806323]
  [-1.53905803  0.68999235  0.27082266]
  [ 0.663791    0.96073032 -0.30579937]]]
Experiment	23	-16.70243077860104	11.72010122139896	27103	7	[[[ 0.00995677 -2.5        -0.62737342]
  [-2.17704783 -1.47331104 -0.56088465]
  [-1.0136929  -1.8408813  -0.72567346]
  [-0.27045854 -1.64444433  0.0336029 ]
  [-1.47312593 -1.19077418  0.30723958]
  [-1.60863513  0.34765386 -0.3940173 ]
  [-1.33270999 -0.74020924 -0.64287457]
  [-0.39026201 -1.91505747 -1.68313518]
  [-1.72079664 -0.97437884 -1.97923994]
  [-2.5        -0.42627032 -0.77660505]]]
Experiment	24	-16.114451769936643	12.308080230063357	57629	7	[[[-0.67473381 -1.97110115 -1.72863304]
  [-1.10089554 -0.18271412 -1.33169598]
  [ 0.30052923 -0.47922371 -0.94934238]
  [-0.03230873 -0.26725308  0.27055203]
  [ 0.22701312 -1.68671832 -1.03033904]
  [-0.96055946 -0.74742386  0.55850786]
  [ 1.15933075 -0.97490201  0.98158133]
  [ 0.06592906 -1.73735247  0.40388435]
  [ 0.72759441 -0.86060344 -0.08968843]
  [-0.35959647 -1.05247571 -0.33456896]]]
Experiment	25	-15.991413427002916	12.431118572997084	66236	6	[[[-0.77673447 -0.22135911 -0.9104269 ]
  [ 1.17432656  0.70405728 -1.12881977]
  [-0.81202444 -0.63386067  0.21167767]
  [-1.4253423   0.58658389 -0.5628853 ]
  [ 0.30288838 -0.21943573 -0.77892398]
  [ 0.26850807  0.59129339 -1.92431616]
  [-0.77581829  1.39222717 -0.84987867]
  [-0.26099769  1.74615979 -1.926604  ]
  [-0.31781465  0.40872734 -0.07620721]
  [ 0.41544537 -0.50847826  0.36559999]]]
Experiment	26	-16.01413187089106	12.40840012910894	25799	7	[[[-0.11481764 -0.00513395  0.08659409]
  [-0.64728081  0.92013763  0.10814364]
  [ 0.20607695 -1.18114155 -0.56936521]
  [-0.60030683 -1.03399889  0.38846984]
  [-1.75207162  0.58188748 -0.81976385]
  [-1.50697566 -0.91468575 -0.24519879]
  [-1.19966516  0.07302349  0.58832366]
  [-0.70752512 -1.64188951 -0.41546587]
  [-0.66354523 -0.4802558  -0.7951796 ]
  [ 0.13984362  1.17932999 -1.7513029 ]]]
