Experiment	1	-14.561525825161375	13.861006174838625	9449	9	[[[ 0.61378942  1.32484449 -1.21780082]
  [ 2.16391085  0.05836132 -2.21451195]
  [ 1.44335045  0.96804866 -2.5       ]
  [ 0.79199154  2.21375148 -1.84082926]
  [ 2.5         1.24879833 -1.89446613]
  [ 2.02553134  1.63155754  0.78538198]
  [ 0.58909826 -0.68310433 -0.99709667]
  [ 1.37222212  0.55754428 -1.13910839]
  [ 1.57672645  1.74973259 -1.2315536 ]
  [ 1.05190867  0.03442688 -2.03548291]]]
Experiment	2	-13.331729868644782	15.090802131355218	35171	6	[[[ 0.24274039 -2.08244506  0.51601873]
  [-0.37123709  1.71172619  1.13609335]
  [-0.89360322  0.54265802  1.44678005]
  [-1.42711888  2.41881766  0.19648006]
  [-1.30603977  1.35442025  0.26222864]
  [-0.48502907  0.45887559  0.44652295]
  [-1.70062802  0.17399734  0.79030056]
  [-0.1192049   2.5         2.14010834]
  [-1.5601351   1.42167021  1.62021722]
  [-0.54074135 -0.41706527  1.03351048]]]
Experiment	3	-13.107013852007796	15.315518147992204	40108	6	[[[ 0.31801048  1.85946443 -0.72088488]
  [ 2.24567341 -0.01939511  0.08792221]
  [ 1.93566404 -0.94287949 -1.19514986]
  [ 1.53741014  0.22999215 -0.71486071]
  [ 0.79700631  0.83783499 -1.29714532]
  [ 2.5         0.46573056 -1.10548268]
  [-0.43794707  0.81906032 -1.46515833]
  [ 0.40864759  1.6966695   0.35411107]
  [-0.57887654  0.98448483 -0.12536869]
  [ 0.2786806   0.41871829 -0.29710816]]]
Experiment	4	-14.992742675914453	13.429789324085547	35935	8	[[[-0.02533097 -0.44199959  0.09057742]
  [ 0.65655247  0.04223558  2.5       ]
  [-0.90610259  0.88989283 -0.17283519]
  [-0.13426485  1.38378719  1.12070725]
  [ 1.1922386   0.1013951   1.11195035]
  [ 0.13140953 -0.33417315  1.09955736]
  [-0.75136492  0.44426913  1.41628305]
  [-0.76809737 -1.26205834 -0.41444779]
  [ 0.79436225  0.97570483  1.64996977]
  [ 0.27318304  0.60518104  0.48991489]]]
Experiment	5	-13.505171206148718	14.917360793851282	39736	8	[[[-0.92186783 -1.73378696 -1.16245934]
  [-1.85858422 -0.80104038  1.0800727 ]
  [-0.61465387  1.24351268  0.38117207]
  [-2.14898035 -0.99328007 -0.58398315]
  [-2.5        -1.3651603   0.27605246]
  [-1.0860523  -1.31994544 -0.08830914]
  [-1.21346309 -0.3059458  -0.59167851]
  [-0.20819322 -0.73885763 -0.92705727]
  [-2.5         0.07950406 -0.36354415]
  [-1.17785931 -0.01009885  0.72366453]]]
Experiment	6	-14.503555237855103	13.918976762144897	35482	9	[[[ 4.79068171e-01 -6.66449647e-02  8.55135265e-01]
  [-2.17861994e-03  1.35387088e+00  2.06774560e+00]
  [-1.61121075e+00 -1.76424976e-03  2.31081643e+00]
  [-5.42832032e-01  1.14907061e-01  2.38123962e+00]
  [ 9.67256836e-01 -1.07164430e+00  1.03718133e+00]
  [ 2.91077889e-01  4.31438724e-01  1.68459383e+00]
  [ 4.13454307e-01 -6.71655033e-01  1.84426814e+00]
  [ 1.04154643e+00  9.71894721e-01  2.36473677e+00]
  [-4.56579665e-01  5.58596072e-01  9.24370906e-01]
  [ 1.72890402e+00  3.10385692e-02  2.13541686e+00]]]
Experiment	7	-13.529540408277006	14.892991591722994	76888	6	[[[ 0.41627814 -0.71266143  2.10364503]
  [ 1.69036158 -0.35594788 -1.53573496]
  [-0.2460065  -0.9124917   1.32034434]
  [ 0.73347882 -0.65304027  0.85911042]
  [ 0.7337499  -1.65262669  1.2398402 ]
  [-0.34717907 -1.34055716 -0.19869268]
  [-0.79354669 -0.52459143  0.21818306]
  [ 0.06976895  0.18708155  0.52146936]
  [-0.77327879  0.24593785  1.57692328]
  [ 0.10285071 -1.95898738  2.05959997]]]
Experiment	8	-13.13188973707092	15.29064226292908	47423	8	[[[ 1.94490978  1.97946044  0.51128992]
  [-1.15787315 -0.99988897 -1.51646851]
  [ 2.26177589  0.70542781  0.31622126]
  [ 0.75054422 -1.30523585  0.72282939]
  [ 0.68611063 -0.36174468 -0.61839403]
  [ 1.39680901 -0.60044407  0.05542803]
  [ 0.97496167  0.42786028  0.22646493]
  [ 0.29368544 -0.27796245  0.51611581]
  [ 2.5        -0.36093127 -0.27130036]
  [ 0.96274305 -0.37720862  1.41026473]]]
Experiment	9	-13.852684654088717	14.569847345911283	14328	8	[[[-0.02182517  2.27566568  0.72365921]
  [ 1.79150387  1.82202188  1.08415428]
  [ 1.39779006  0.49225143  0.59559809]
  [ 1.49345748  0.09383557 -0.65011914]
  [-1.33009073 -0.80338991  0.4698094 ]
  [ 0.84622167  1.25866777  1.13798042]
  [ 1.18149717  1.28717476 -0.36498416]
  [ 0.5192883   0.46790014 -0.87451177]
  [ 0.41204895  0.68257653  0.26369354]
  [-0.11681928  0.52786429  1.39885333]]]
Experiment	10	-13.359853517476177	15.062678482523824	22754	8	[[[-1.50162961  1.51043584 -1.52895462]
  [-2.5         0.92012719 -1.11949408]
  [-0.47223681  1.06649996 -0.54310137]
  [ 0.50990839  0.7563872  -0.0026325 ]
  [-2.5         1.90638582 -0.66937604]
  [ 0.08404545  2.5         0.29189171]
  [ 0.19297889  1.58052343 -1.11613501]
  [-1.37064977  1.79624469 -0.44560089]
  [-1.31568008  2.5        -1.26753939]
  [-1.40380456  0.69572037  0.03565523]]]
Experiment	11	-13.48080678421066	14.94172521578934	68507	7	[[[ 1.69156025  0.79908437 -1.64056982]
  [ 1.42374508  0.56891632 -0.05467692]
  [ 2.5         0.41977451 -0.93505247]
  [ 2.09612637  1.50513285 -0.8677609 ]
  [ 0.84018736  1.32679923  0.76355855]
  [ 2.5         1.35976726 -2.20429078]
  [ 0.09664097  0.64177269  0.32636668]
  [ 1.08800886  0.38875543  1.1874528 ]
  [-0.12986299  1.99869635 -0.72173954]
  [ 0.98012695  1.97049125 -0.290806  ]]]
Experiment	12	-13.432873769815687	14.989658230184313	6840	9	[[[1.10191261 0.30582235 2.38198913]
  [1.23415622 0.14820006 1.38682461]
  [2.06355221 1.34728285 1.5653829 ]
  [0.25867142 0.09327067 0.57386017]
  [2.08535838 0.05770692 0.36887043]
  [0.44328201 1.00481118 1.55041618]
  [0.07659728 1.16698434 0.61605161]
  [1.17448665 1.43971931 0.68615266]
  [0.59775266 1.35584908 2.5       ]
  [1.3024017  2.5        0.98630037]]]
Experiment	13	-13.18478681267838	15.23774518732162	71131	6	[[[-0.36061451 -0.95442965 -1.65450379]
  [-0.22687545 -1.53544846 -0.60818624]
  [-1.28557139 -2.5         0.22171562]
  [-0.08354059 -1.54340391  0.48850977]
  [-1.18200026 -1.19167185 -0.09513583]
  [ 0.15591665 -0.45348877 -0.66546479]
  [-0.90141329 -1.37264608  1.1093613 ]
  [ 0.12111273  2.5        -2.5       ]
  [-0.34628156 -2.5         0.79814752]
  [ 0.81930618 -2.0333013   0.61895096]]]
Experiment	14	-13.890144884720893	14.532387115279107	35925	8	[[[ 2.5         1.7325573  -1.61023526]
  [ 1.10616338  0.81979451  0.47311524]
  [ 0.12388463 -0.57084462 -1.00096586]
  [ 1.66122416 -0.98072159  1.47600466]
  [ 2.12411028 -0.06640168 -0.63463205]
  [ 1.6875891  -0.99584258 -0.31894042]
  [ 2.2932952   0.80895596 -0.07599713]
  [ 0.96830848 -0.10456934 -0.64705199]
  [ 1.55653372 -0.09671049  0.41847739]
  [ 0.52345834 -0.51694095  0.39248556]]]
Experiment	15	-15.278365126218516	13.144166873781485	91496	7	[[[-0.02084014  0.07984383 -0.5075426 ]
  [ 0.44608755 -0.22317026  0.50631844]
  [-0.70907021 -0.62492477  0.34465115]
  [ 0.67086607  0.6182674   0.03151484]
  [-0.07606991  0.28730949  1.37712168]
  [-0.79533436  0.41371063  0.32860857]
  [ 1.41842007 -0.21734325 -0.06737755]
  [-0.10229464 -1.02319145 -0.32087601]
  [ 1.24281096 -1.05497163  0.66023361]
  [-1.7617214  -0.38684837  1.07279366]]]
Experiment	16	-14.360974267480032	14.061557732519969	34958	8	[[[-0.00714645  0.55369815 -0.33017471]
  [-1.09684021  0.50001828  0.07866167]
  [-1.13596021  0.72340926  2.18286709]
  [-0.50460169  1.37909723 -0.05790844]
  [-0.96001218  1.46471112  1.26574325]
  [-1.92162036  1.4432284  -0.41616827]
  [-2.5         1.6317568   2.10398736]
  [-1.21707842  2.26171343  0.39024927]
  [-2.5         1.94580226  0.5953118 ]
  [-1.84146868  1.12951978  0.67414541]]]
Experiment	17	-13.668976255712527	14.753555744287473	15334	8	[[[ 0.54686437  0.77944444 -1.26792224]
  [ 1.47558598 -0.75398729 -1.09408964]
  [ 0.50667634 -1.00004662 -0.64451618]
  [ 0.73385843  0.10382568 -0.39240689]
  [ 0.74607113  1.64477993 -0.29939686]
  [ 0.85314812 -1.84658814 -1.4362554 ]
  [ 0.19169098 -0.26355489 -1.35336108]
  [-0.23811595 -0.48879606  0.87487814]
  [ 1.61417468 -0.37460966  0.50247118]
  [ 0.73245752 -0.92960933  0.81667923]]]
Experiment	18	-13.478524387546562	14.944007612453438	74719	7	[[[ 0.15352702 -0.34465301 -1.16220371]
  [ 0.4164119  -1.07772499 -2.01208131]
  [ 0.50934929 -2.5        -0.71495778]
  [-0.55527945  0.84080121 -0.52053843]
  [ 0.57854967 -1.50684945 -0.96649361]
  [ 0.91360685 -1.50746852  0.19926722]
  [-0.22380203 -1.48829081 -0.26479691]
  [-0.80682942  0.35909632 -1.62040094]
  [ 1.60166942 -1.24331244 -0.9714924 ]
  [ 0.97312014 -0.33114023  0.05898535]]]
Experiment	19	-13.171619263705713	15.250912736294287	77773	7	[[[ 1.04164198 -0.52142132 -1.02309707]
  [-0.67881103 -1.7186232  -1.24678098]
  [-0.55453905 -1.41640451 -0.23397166]
  [ 0.20963593 -0.54462562  0.65410906]
  [-0.57465851 -0.84289063  2.19396264]
  [ 0.66633543 -1.53151335  0.22652472]
  [ 0.82838437 -2.5         0.81792946]
  [-0.91831967 -2.5         1.26538006]
  [-0.08531569 -1.74581446  1.15707382]
  [-0.177172   -2.5         0.41052447]]]
Experiment	20	-14.248877109494261	14.17365489050574	74236	8	[[[ 0.73425523 -0.98749726  0.59307232]
  [ 1.45530944 -0.657761    1.69517578]
  [ 1.43623405 -0.12334864  0.43980046]
  [ 1.07841324  0.63272671 -0.84489802]
  [ 0.97417641 -1.60697594 -0.57337262]
  [ 0.38954827  0.72339664  1.73530537]
  [ 1.41431302 -0.40434652 -0.60279208]
  [ 2.5        -0.29499609  0.19853389]
  [ 1.6708187  -1.45370236  0.39809763]
  [ 0.75394785 -2.22579922  0.41634322]]]
Experiment	21	-12.85394141909398	15.56859058090602	32667	7	[[[-0.67843698 -0.18423402  1.56526512]
  [ 0.15515532  0.22014085  0.36280293]
  [ 1.05367833 -0.31829458  0.98220646]
  [ 0.08309844 -0.88842445  1.25102548]
  [ 1.73734523  0.12704603  0.24348983]
  [ 0.77020845 -1.12979158  0.23199231]
  [-1.22191934  0.49350414  0.89406606]
  [ 0.13146914  0.7871835   1.72959683]
  [-0.54179927  0.65533415 -0.58371015]
  [ 2.5        -0.44618638  0.88180809]]]
Experiment	22	-14.254959613704468	14.167572386295532	79774	7	[[[ 1.85173228 -0.04871704  0.4994207 ]
  [ 1.1550568  -0.36083452  1.31032849]
  [ 0.85644246 -0.11214204  0.20385231]
  [ 1.3584924  -0.74426195 -0.55458467]
  [-0.42566536 -0.57917799  1.81849212]
  [-0.5379427  -1.59692613  0.75233457]
  [ 2.24116996 -0.948213    1.42742482]
  [-0.19773049  0.54082866  0.14375372]
  [ 1.05589992  0.64287469  1.0245887 ]
  [-0.15069596 -0.62705782  0.39239773]]]
Experiment	23	-13.613801754529954	14.808730245470047	26108	8	[[[-0.44566069  0.4359907   0.28289937]
  [-1.83410905  0.16517956 -0.85665309]
  [ 0.62202965 -0.10870767 -0.70333869]
  [ 1.42687516  2.5         0.2429338 ]
  [-0.14869254  0.69237411 -1.18420133]
  [-1.94657643  1.19077454 -0.10262477]
  [ 0.91809665  1.02747163 -0.23291174]
  [-1.33253146  1.04929961 -1.40195196]
  [-0.8062153   1.36931732 -0.20911979]
  [-0.55216928 -0.23445544 -0.71698768]]]
Experiment	24	-14.157814156475483	14.264717843524517	58273	9	[[[-0.51929863  1.37718506  0.58238389]
  [-0.78403414 -0.86408435  0.1646874 ]
  [-0.77870889 -0.17881539  1.30298946]
  [-0.25247613  0.21154335  2.30695419]
  [-1.06129307 -1.85383611  0.43572277]
  [-1.01821231  0.47481866  0.32505411]
  [ 0.05561576 -0.06849141  0.46619861]
  [ 0.21739287 -1.12012316  0.85717946]
  [-1.12489284  0.83502713  1.47123154]
  [ 1.80008239 -0.49445235 -0.66556648]]]
Experiment	25	-13.321684990058776	15.100847009941225	33824	8	[[[-0.16482933 -0.12570989 -1.62627235]
  [ 0.92970587 -0.51813288  0.21156747]
  [ 0.92012074 -0.60825691 -1.15942743]
  [ 0.9222262   0.59551478  0.68333141]
  [ 0.52556751  0.18913048 -0.45598725]
  [ 0.64129774  0.32751438 -2.09745592]
  [ 1.48874398  0.40829192 -0.21275662]
  [-1.55049152 -1.57986307 -1.10690599]
  [ 2.21858623  0.57328223  0.57338416]
  [-0.10147617 -0.48090623  0.19320815]]]
Experiment	26	-14.249342351399129	14.173189648600871	61465	7	[[[-1.70525244  0.75847218 -1.31187207]
  [ 0.64086047  0.6501961  -0.03488768]
  [-1.26697485 -1.00211798  0.17092667]
  [-1.99037158  0.15442461  1.17610396]
  [-2.27454357  0.44477192 -0.46575371]
  [-1.89264269  1.29732357  0.10305828]
  [-2.19344764 -0.45561179  0.21630327]
  [-0.31197779 -0.26802787  0.27341364]
  [-1.38928694  0.19393736  0.19977065]
  [-0.34991125  0.6060467  -1.26607557]]]
