Experiment	1	-15.252551524447828	13.169980475552173	66475	7	[[[-0.60857528  0.30046479  0.58352632]
  [-1.38118907  1.57815388  1.03958878]
  [-0.37844719  1.13199298  1.29866793]
  [ 0.34795553  0.34670898  1.08881938]
  [ 0.23547694 -0.1792009   0.16275248]
  [-0.72435304 -0.12094481 -0.5000578 ]
  [-0.91308701 -0.83676214 -1.9143461 ]
  [ 0.25035982  2.14417321  1.18021153]
  [-0.0781808   0.83126065 -0.80174745]
  [ 0.24295981  1.02476216  0.3818396 ]]]
Experiment	2	-13.398284771702992	15.024247228297009	52769	5	[[[ 2.5         0.77113164 -0.44859833]
  [-0.3945089   1.04951886  1.58189348]
  [ 0.41966977  1.07052776  0.50335522]
  [-0.75822975  1.29163803  0.6313679 ]
  [ 1.06646018  1.35743188 -0.82356014]
  [ 0.60981035 -0.08267431  0.86371493]
  [-0.70653801 -0.29712194  1.69226637]
  [-0.44595786  0.25586878  0.83437437]
  [ 0.2295423  -0.09203228 -0.42334008]
  [ 0.37256591 -0.39141715  1.87126616]]]
Experiment	3	-13.648803225736636	14.773728774263365	75653	7	[[[-0.99697787  0.77632007 -0.58910109]
  [ 0.69085554 -0.94572365 -0.60590383]
  [-1.45549671  1.33594709 -1.47121784]
  [-0.47526513  0.02118094 -1.59715776]
  [-0.09587691 -1.50144581  0.27315528]
  [-0.5109288  -1.12245189 -1.0046975 ]
  [-2.1278549   0.08967773 -0.6769575 ]
  [-0.92311086 -0.68625807  1.15437258]
  [-1.08417383 -0.22930629 -0.56301411]
  [-0.20290286 -0.37965906  0.01704993]]]
Experiment	4	-15.128599514578424	13.293932485421577	51910	7	[[[ 0.99549587  1.17654825  2.5       ]
  [-0.77640524 -0.13515597  1.74906731]
  [ 0.24525408  0.89863521  0.23797239]
  [-0.02347045  0.64092006  1.47648975]
  [ 0.92835339  0.74796049  1.56869981]
  [ 0.55153914 -0.45737558  1.87631088]
  [-1.04006102  1.08358745  0.942726  ]
  [-0.15986663 -0.90942696  2.5       ]
  [ 0.07226037  0.38565868  2.5       ]
  [-0.02393811 -0.51531812  0.94414013]]]
Experiment	5	-13.117861458523645	15.304670541476355	30421	8	[[[ 1.2431077  -1.07300271  0.74963816]
  [-0.82709833 -2.10752694  1.08838898]
  [ 0.26490779 -0.2301999   1.01948879]
  [-1.15121903 -0.63608704  1.23354364]
  [-0.70594803 -1.17748297  0.29205027]
  [-0.25432317 -1.27573591  1.23540456]
  [ 0.71662748 -2.1327236  -0.13170921]
  [ 0.4926811  -0.72788945 -0.15158435]
  [-0.37412052 -1.3277987   2.5       ]
  [-0.76851944 -2.5         2.2885464 ]]]
Experiment	6	-14.357523220244978	14.065008779755022	92522	5	[[[-0.23932741 -0.66548198  1.0415673 ]
  [ 0.53930069 -1.16708109 -0.97621514]
  [ 1.22228166 -0.88744626  0.73318328]
  [ 0.65430574 -0.41727676 -0.06797494]
  [-1.10993672 -1.25439918  0.5188922 ]
  [ 1.0560453  -2.09695144  1.57973219]
  [ 1.18507071 -0.90182367  1.96978155]
  [ 1.94999911 -1.30472666 -0.00406118]
  [ 0.19810082 -1.39923351  1.62803569]
  [ 0.82313982 -1.82772691  0.50571366]]]
Experiment	7	-13.512384556314892	14.910147443685108	77705	8	[[[-1.56886812 -0.80195114  1.0853667 ]
  [ 0.53483777 -1.05276767  1.15580528]
  [-0.08292363 -0.53840134  1.79145154]
  [-0.79930825  0.18928772  0.05658055]
  [-0.32918634  1.56893781  1.28660045]
  [-0.47809627 -0.70799596  0.5688112 ]
  [ 0.0360963   0.43967494  0.78851454]
  [-1.23699995 -1.38665506  0.09404686]
  [-0.92028455  0.74864721  0.93623681]
  [-2.22242016 -1.51374336  1.70607804]]]
Experiment	8	-13.055446505884207	15.367085494115793	76221	8	[[[-0.28683376  1.31591127 -1.40261482]
  [ 0.50397282  2.19852246 -1.35586808]
  [-0.9478739   1.40967013 -0.48152416]
  [-1.29590228 -0.30855441 -1.04363025]
  [-0.34439156  0.1665607  -1.88820143]
  [-1.21411225  0.80746878 -1.687366  ]
  [-0.84157192 -0.32635696  0.1442711 ]
  [ 1.19039768  1.43468579 -0.76738819]
  [ 1.30250483 -2.13500114 -0.33342657]
  [-0.15982769  0.49024133 -0.73729484]]]
Experiment	9	-14.309486162104394	14.113045837895607	72206	7	[[[-1.29926962  0.93772971  0.71443322]
  [-0.64451268 -0.28877138  1.16619079]
  [-1.60638601  1.8457025   1.06291013]
  [-0.82858597  2.21651595  1.77074986]
  [-0.84762704  0.91121626 -0.33965122]
  [-0.10541479  0.68178515  0.46253644]
  [-0.83170879  1.73373955  0.28056035]
  [-0.48856976  0.51469912 -1.26993236]
  [-0.92629011  1.80156143 -1.01981041]
  [-0.66224039 -0.36845257 -0.25098796]]]
Experiment	10	-13.66673957310992	14.75579242689008	45072	7	[[[ 0.11691148 -1.83526904 -1.88885338]
  [ 0.80979501 -0.49636171 -0.03160465]
  [ 0.92499373  0.57061353 -0.87088665]
  [-0.43256088 -0.42944922  0.26769326]
  [ 2.12145728 -0.65132018 -0.38398032]
  [ 2.06021263  0.21014653 -1.20607699]
  [ 1.10994168 -0.58409391 -1.24088533]
  [ 0.78111731 -0.99963414 -2.28662225]
  [ 1.12192647 -1.61108637 -1.40153119]
  [ 1.53382017 -1.63152634 -2.5       ]]]
Experiment	11	-14.367648458375584	14.054883541624417	5694	9	[[[ 2.16663065  1.03371837  0.67228787]
  [ 0.7403017   0.79224551 -1.01331508]
  [ 0.53176751  1.41899677 -2.20112142]
  [ 1.22487084  2.43047046 -1.94196264]
  [ 1.37995073  0.30563197  0.74536756]
  [ 1.0481928   0.32348282 -1.88789623]
  [ 1.16356536  0.06264024 -0.45226752]
  [ 1.67149833  1.50535073 -1.60210358]
  [ 1.86484802  0.61259285 -0.98268107]
  [ 0.21054371  2.33469358 -1.4849802 ]]]
Experiment	12	-15.252551524447828	13.169980475552000	66470	7	[[[-0.60857528  0.30046479  0.58352632]
  [-1.38118907  1.57815388  1.03958878]
  [-0.37844719  1.13199298  1.29866793]
  [ 0.34795553  0.34670898  1.08881938]
  [ 0.23547694 -0.1792009   0.16275248]
  [-0.72435304 -0.12094481 -0.5000578 ]
  [-0.91308701 -0.83676214 -1.9143461 ]
  [ 0.25035982  2.14417321  1.18021153]
  [-0.0781808   0.83126065 -0.80174745]
  [ 0.24295981  1.02476216  0.3818396 ]]]
Experiment	13	-13.398284771702992	15.024247228297000	52760	5	[[[ 2.5         0.77113164 -0.44859833]
  [-0.3945089   1.04951886  1.58189348]
  [ 0.41966977  1.07052776  0.50335522]
  [-0.75822975  1.29163803  0.6313679 ]
  [ 1.06646018  1.35743188 -0.82356014]
  [ 0.60981035 -0.08267431  0.86371493]
  [-0.70653801 -0.29712194  1.69226637]
  [-0.44595786  0.25586878  0.83437437]
  [ 0.2295423  -0.09203228 -0.42334008]
  [ 0.37256591 -0.39141715  1.87126616]]]
Experiment	14	-13.648803225736636	14.773728774263000	75650	7	[[[-0.99697787  0.77632007 -0.58910109]
  [ 0.69085554 -0.94572365 -0.60590383]
  [-1.45549671  1.33594709 -1.47121784]
  [-0.47526513  0.02118094 -1.59715776]
  [-0.09587691 -1.50144581  0.27315528]
  [-0.5109288  -1.12245189 -1.0046975 ]
  [-2.1278549   0.08967773 -0.6769575 ]
  [-0.92311086 -0.68625807  1.15437258]
  [-1.08417383 -0.22930629 -0.56301411]
  [-0.20290286 -0.37965906  0.01704993]]]
Experiment	15	-15.128599514578424	13.293932485421000	51910	7	[[[ 0.99549587  1.17654825  2.5       ]
  [-0.77640524 -0.13515597  1.74906731]
  [ 0.24525408  0.89863521  0.23797239]
  [-0.02347045  0.64092006  1.47648975]
  [ 0.92835339  0.74796049  1.56869981]
  [ 0.55153914 -0.45737558  1.87631088]
  [-1.04006102  1.08358745  0.942726  ]
  [-0.15986663 -0.90942696  2.5       ]
  [ 0.07226037  0.38565868  2.5       ]
  [-0.02393811 -0.51531812  0.94414013]]]
Experiment	16	-13.117861458523645	15.304670541476000	30420	8	[[[ 1.2431077  -1.07300271  0.74963816]
  [-0.82709833 -2.10752694  1.08838898]
  [ 0.26490779 -0.2301999   1.01948879]
  [-1.15121903 -0.63608704  1.23354364]
  [-0.70594803 -1.17748297  0.29205027]
  [-0.25432317 -1.27573591  1.23540456]
  [ 0.71662748 -2.1327236  -0.13170921]
  [ 0.4926811  -0.72788945 -0.15158435]
  [-0.37412052 -1.3277987   2.5       ]
  [-0.76851944 -2.5         2.2885464 ]]]
Experiment	17	-14.357523220244978	14.065008779755000	92520	5	[[[-0.23932741 -0.66548198  1.0415673 ]
  [ 0.53930069 -1.16708109 -0.97621514]
  [ 1.22228166 -0.88744626  0.73318328]
  [ 0.65430574 -0.41727676 -0.06797494]
  [-1.10993672 -1.25439918  0.5188922 ]
  [ 1.0560453  -2.09695144  1.57973219]
  [ 1.18507071 -0.90182367  1.96978155]
  [ 1.94999911 -1.30472666 -0.00406118]
  [ 0.19810082 -1.39923351  1.62803569]
  [ 0.82313982 -1.82772691  0.50571366]]]
Experiment	18	-13.512384556314892	14.910147443685000	77700	8	[[[-1.56886812 -0.80195114  1.0853667 ]
  [ 0.53483777 -1.05276767  1.15580528]
  [-0.08292363 -0.53840134  1.79145154]
  [-0.79930825  0.18928772  0.05658055]
  [-0.32918634  1.56893781  1.28660045]
  [-0.47809627 -0.70799596  0.5688112 ]
  [ 0.0360963   0.43967494  0.78851454]
  [-1.23699995 -1.38665506  0.09404686]
  [-0.92028455  0.74864721  0.93623681]
  [-2.22242016 -1.51374336  1.70607804]]]
Experiment	19	-13.055446505884207	15.367085494115000	76220	8	[[[-0.28683376  1.31591127 -1.40261482]
  [ 0.50397282  2.19852246 -1.35586808]
  [-0.9478739   1.40967013 -0.48152416]
  [-1.29590228 -0.30855441 -1.04363025]
  [-0.34439156  0.1665607  -1.88820143]
  [-1.21411225  0.80746878 -1.687366  ]
  [-0.84157192 -0.32635696  0.1442711 ]
  [ 1.19039768  1.43468579 -0.76738819]
  [ 1.30250483 -2.13500114 -0.33342657]
  [-0.15982769  0.49024133 -0.73729484]]]
Experiment	20	-14.309486162104394	14.113045837895000	72200	7	[[[-1.29926962  0.93772971  0.71443322]
  [-0.64451268 -0.28877138  1.16619079]
  [-1.60638601  1.8457025   1.06291013]
  [-0.82858597  2.21651595  1.77074986]
  [-0.84762704  0.91121626 -0.33965122]
  [-0.10541479  0.68178515  0.46253644]
  [-0.83170879  1.73373955  0.28056035]
  [-0.48856976  0.51469912 -1.26993236]
  [-0.92629011  1.80156143 -1.01981041]
  [-0.66224039 -0.36845257 -0.25098796]]]
Experiment	21	-13.66673957310992	14.75579242689000	45070	7	[[[ 0.11691148 -1.83526904 -1.88885338]
  [ 0.80979501 -0.49636171 -0.03160465]
  [ 0.92499373  0.57061353 -0.87088665]
  [-0.43256088 -0.42944922  0.26769326]
  [ 2.12145728 -0.65132018 -0.38398032]
  [ 2.06021263  0.21014653 -1.20607699]
  [ 1.10994168 -0.58409391 -1.24088533]
  [ 0.78111731 -0.99963414 -2.28662225]
  [ 1.12192647 -1.61108637 -1.40153119]
  [ 1.53382017 -1.63152634 -2.5       ]]]
Experiment	22	-14.367648458375584	14.054883541624000	5690	9	[[[ 2.16663065  1.03371837  0.67228787]
  [ 0.7403017   0.79224551 -1.01331508]
  [ 0.53176751  1.41899677 -2.20112142]
  [ 1.22487084  2.43047046 -1.94196264]
  [ 1.37995073  0.30563197  0.74536756]
  [ 1.0481928   0.32348282 -1.88789623]
  [ 1.16356536  0.06264024 -0.45226752]
  [ 1.67149833  1.50535073 -1.60210358]
  [ 1.86484802  0.61259285 -0.98268107]
  [ 0.21054371  2.33469358 -1.4849802 ]]]
