Experiment	1	-15.632878020581174	12.789653979418826	52424	6	[[[-0.37378299 -0.63400139 -1.43808581]
  [ 0.23208627 -2.11702625 -0.04331222]
  [ 0.75786557 -0.44336368 -1.1890018 ]
  [ 1.34279442 -0.93148977 -0.12092872]
  [-0.82531744 -1.40510337 -0.81405966]
  [-0.83955094 -0.56505141 -2.41646053]
  [ 0.14202353 -0.82413644 -0.49521677]
  [ 0.33874411 -1.44136019 -1.51158228]
  [ 0.36593819  0.53610288 -1.45359521]
  [-0.61190335 -2.22022641 -1.63873654]]]
Experiment	2	-16.293318031436364	12.129213968563636	75418	6	[[[-0.48323005 -0.08562857 -0.60087681]
  [ 0.48559827  0.51598808 -0.01701312]
  [ 0.26019374 -1.08542793  0.21148425]
  [ 0.7084557  -0.03269086 -0.87110346]
  [ 0.84765393 -0.33343693  0.69602931]
  [ 1.211182   -1.34988438  0.78576669]
  [ 1.4509847  -0.37064984 -0.28510191]
  [ 1.39942367  0.73017493  0.57831556]
  [ 1.960416    0.47142889 -1.04349081]
  [-0.67228303 -0.25112378  0.46134224]]]
Experiment	3	-16.116219289673435	12.306312710326566	25930	7	[[[ 1.00608973 -0.42496435 -0.10414423]
  [ 1.12132988 -1.10799425  0.92834097]
  [ 0.22949969 -0.03050469  0.56001739]
  [-1.36828234  0.01088689 -0.31760852]
  [-1.34780754 -1.07262377 -0.39981045]
  [-0.62014981 -2.37458647  0.33880419]
  [ 0.13335107 -1.70846497 -0.72712116]
  [ 1.07568122 -1.54430508 -0.3153158 ]
  [-0.3027883  -0.39969659 -0.42005184]
  [ 0.11196644 -1.28640225  0.43693573]]]
Experiment	4	-16.29239496917731	12.130137030822691	15377	8	[[[ 0.35502947  0.64252053 -0.02055176]
  [-1.45020924  0.01401875 -1.25603815]
  [-0.26589837 -0.3200578   0.1246944 ]
  [-0.76590624 -1.08463351 -0.62824275]
  [-0.14685843  0.45457019  0.92596478]
  [ 1.39503566  0.07517046 -0.47890948]
  [ 0.79950781 -0.57401067  0.13302839]
  [-0.29875593 -0.96355623  1.00940686]
  [-1.13006963  0.78440412  0.38024095]
  [ 0.2287193  -0.27125878 -0.77495265]]]
Experiment	5	-16.408964659801153	12.013567340198847	30706	6	[[[-2.08945517 -2.33119183  0.09254825]
  [-1.27901028 -2.01073808  0.82747058]
  [-0.91731462  0.19263379  0.10308631]
  [-0.50559517 -0.48967962  0.97198095]
  [-2.22818662 -1.28541311  0.54944694]
  [-0.59783051 -2.1360808  -1.28142928]
  [-0.55369197 -2.03901479  0.03242365]
  [-1.0686147  -1.04135055  0.18710733]
  [-1.44357514 -1.79772967 -0.71344417]
  [-1.30614969 -0.22543798  1.56454833]]]
Experiment	6	-16.427531901211886	11.995000098788115	57406	5	[[[ 0.48834637 -1.74809975  0.32208103]
  [-0.09666563  0.26069676  0.20882734]
  [ 0.43228875 -0.39608422  1.43258943]
  [-0.19875539 -2.42111394  0.89101757]
  [-0.47908917 -1.23218813  1.29144033]
  [ 0.07375603  0.60795498  1.2529957 ]
  [ 1.68186743  0.006164    1.61593173]
  [ 0.85667973 -0.63747796  0.40336025]
  [ 0.48545076 -1.63888431  1.59353907]
  [-0.398296   -1.02940213  0.29164187]]]
Experiment	7	-15.558606340704246	12.863925659295754	72785	6	[[[-0.62574422 -0.8076578   2.09492484]
  [-1.85700316  1.46149082  1.35892232]
  [-0.83237034  0.78950447  1.28882469]
  [ 0.94509926 -0.00702294  2.31237591]
  [-0.30545511  0.08999798  0.11042774]
  [-1.40665508  0.00470698 -0.39139495]
  [-0.07183404  0.37394865  1.84012932]
  [-0.0623225  -0.51921373  1.15506943]
  [-1.24013202 -0.20270576  1.07681985]
  [-1.35150259  0.16629676  2.0663032 ]]]
Experiment	8	-17.745778754257913	10.676753245742088	98648	4	[[[-0.02939089  0.49320886  0.11950869]
  [-0.15187547 -1.8182738   1.7147891 ]
  [-0.1116911  -0.24959631 -0.6136689 ]
  [-1.03786195 -1.348841    0.63799505]
  [ 0.06193041 -1.47184965  0.4518606 ]
  [-0.376114   -0.4477896   0.77651796]
  [ 0.97253964 -0.19201293 -0.19649999]
  [-0.56080974 -1.54529987 -0.33301944]
  [-1.05808886 -0.5521775  -0.09833664]
  [-1.0435639  -2.38626467  0.16288297]]]
Experiment	9	-16.46468417788175	11.95784782211825	1488	9	[[[ 0.09724759  0.10409429  0.60124213]
  [-0.6487781   0.37603774 -0.99946886]
  [ 0.30264563 -0.33060186 -0.5663925 ]
  [ 1.04014853 -0.6707742  -1.31767361]
  [-0.31848982 -0.69510582 -1.6253618 ]
  [-0.40098239  0.94765196 -0.05576158]
  [ 1.19730731  0.95674102 -0.07401743]
  [ 0.92211865 -0.62229374  0.33548653]
  [ 1.6291522   0.39581933  0.73814344]
  [ 0.41608246  0.72774594 -0.93546796]]]
Experiment	10	-16.402362739285877	12.020169260714123	36069	8	[[[ 0.6675804  -0.11833576  0.00714021]
  [-0.9399031   0.03520286 -0.36543049]
  [ 0.8842097   1.08115309  0.33618948]
  [-0.21210779  0.239172    0.49236502]
  [-0.45899287  1.31378564  1.09948446]
  [-1.25010528  0.82665948  0.67336792]
  [-1.20581561  1.15895255 -0.61340926]
  [-0.27867831 -0.71740953 -0.131554  ]
  [-0.22144242  0.25770261 -1.17356254]
  [-0.37429134  1.5715632  -0.12171885]]]
Experiment	11	-16.853211817568646	11.569320182431355	20245	7	[[[ 1.15210089  0.19388314  0.21865   ]
  [ 0.26041688  1.79510212 -1.0027773 ]
  [ 0.27157284 -0.20117162  0.95163911]
  [ 1.25298972  0.45519577 -1.04693413]
  [ 0.47593525  0.97036927  0.88281478]
  [ 0.11740573 -0.0917337  -0.55081847]
  [ 1.87748888  0.94363881 -0.21928942]
  [ 0.27901161  1.0685819  -0.15058552]
  [ 1.16061363  1.68421551 -0.13845015]
  [-0.79611846  0.62392712 -0.7750506 ]]]
Experiment	12	-16.714920913869165	11.707611086130836	31562	8	[[[ 0.64756121  2.1085671  -0.3416276 ]
  [-0.23677566  0.60974273  0.32582137]
  [ 1.34964685  2.5         0.68893557]
  [-2.26614589  1.9092156  -1.44534022]
  [-0.24751991  1.64575105 -0.1950776 ]
  [ 0.65835356  1.21001575  0.40610251]
  [-1.17854219  2.44492361  0.17775432]
  [ 0.030278    1.02828625  1.37721583]
  [ 0.30992552  2.21508339  0.73412913]
  [-0.99490748  1.31194556  0.5182489 ]]]
