Experiment	1	-15.692969447394013	12.729562552605987	71969	6	[[[ 0.15042055  0.98139169  0.63595657]
  [ 1.19607759  1.59127184  0.71206803]
  [ 1.00248402  1.36845716 -0.28879807]
  [ 0.34498745  2.17005722 -0.04769393]
  [-0.71410415  0.79909651  1.48995999]
  [-0.67228838  1.95282668  1.01231967]
  [ 0.37526823  2.09909446  1.21024603]
  [-1.59553256  1.53439212  0.98047942]
  [ 1.72095779  1.20293381 -1.60398046]
  [-0.83956912  0.91019101  0.40323564]]]
Experiment	2	-15.965095042169407	12.457436957830593	59437	6	[[[ 0.41361362 -0.8158208   1.09813678]
  [ 0.79517832 -0.10949077 -0.57223022]
  [ 0.24372785  1.20519313 -0.04510146]
  [-0.31920467  0.17725687  0.30367979]
  [ 1.86107474 -0.20324775 -0.96292493]
  [-0.22889244  0.29628653 -0.96442571]
  [ 1.15986596  0.97876915 -0.41619094]
  [ 0.24406988 -0.9236724   0.04175166]
  [ 0.71722878  0.28947333 -1.66840827]
  [ 0.63332227  1.4561113  -1.22604719]]]
Experiment	3	-15.330669809362735	13.091862190637265	99996	9	[[[-0.10118785 -0.56302695 -0.24027237]
  [ 0.82003236  1.58150122  0.04252645]
  [ 0.91645897  2.27386283 -1.05586567]
  [ 0.89843302 -1.03115269 -0.25863678]
  [ 0.52341828  0.10121473  0.68865877]
  [ 0.83719794  1.20305021 -0.94084875]
  [ 0.48880645 -0.89878194 -1.23873197]
  [ 0.06674519  0.15288534 -1.16245974]
  [-0.2873099   0.88878486  0.54612756]
  [ 1.10781245  0.4232707  -0.2685089 ]]]
Experiment	4	-16.867667728181388	11.554864271818612	35948	7	[[[ 0.19848419  2.06352495  0.99658515]
  [ 0.50537546  0.22730585 -0.12257208]
  [ 0.20398497  0.3779058   0.96668272]
  [-0.82525272  1.74025725  1.02117113]
  [-0.05285947  1.05855224  1.91121799]
  [-0.74074883  0.6382519   0.76058603]
  [ 1.64083107  0.71104265 -0.09363341]
  [ 0.41859456  1.21665121  0.2632764 ]
  [-0.7148901   2.03999409 -0.08594146]
  [-0.3191438   0.89592936 -0.57201648]]]
Experiment	5	-14.584472489029151	13.838059510970849	28042	8	[[[-0.35995891  2.10954643 -1.87845958]
  [-0.9254036   1.04418102 -2.5       ]
  [ 0.41457462  0.14473385 -0.19906978]
  [ 0.18702248 -0.04199613  2.5       ]
  [-0.63685775  1.81339719 -0.90796803]
  [ 0.02661885  0.88764881 -2.0254358 ]
  [ 0.29033102  0.96318621 -1.00533184]
  [ 0.55025086  2.17181969 -1.16374923]
  [-0.86346788  0.25469871 -1.78933747]
  [-0.54087528  0.1249719  -0.79292808]]]
Experiment	6	-15.22807804775044	13.19445395224956	37238	9	[[[ 0.70694302 -1.705687   -2.42354258]
  [ 0.55534715 -1.5798075  -1.00988661]
  [ 1.20430431 -2.5        -0.4691437 ]
  [ 1.60444242 -1.28335918 -0.8098673 ]
  [ 0.55881164 -0.6598989  -1.82555275]
  [ 0.64248431 -0.53177323 -0.39354454]
  [-0.91616463  2.11916304  0.23712318]
  [ 1.43056083 -0.27374026 -1.15295417]
  [ 0.45977438  0.55201462 -0.82330029]
  [ 1.18050133 -1.52043997  0.21792473]]]
Experiment	7	-14.792530628661453	13.630001371338548	31737	6	[[[ 1.57258589e+00  3.23322862e-01  7.89968809e-01]
  [ 2.95144953e-01  5.24225819e-01 -7.96192709e-01]
  [ 9.81021885e-04 -3.56001217e-01 -1.21302829e+00]
  [ 1.25968967e+00  3.45473021e-01 -4.40570123e-01]
  [ 1.62911845e+00  5.54243473e-02  1.89704439e+00]
  [ 1.45064379e+00 -7.34209841e-01  1.02165129e+00]
  [ 5.14846926e-01  6.40769716e-01  3.24366687e-01]
  [ 6.64560033e-01 -5.01994775e-01  2.79314940e-01]
  [-1.53982882e-01  1.93636488e+00 -1.15648667e+00]
  [-6.93290303e-01  4.11268592e-01 -2.98821822e-01]]]
Experiment	8	-15.831833541274632	12.590698458725369	31990	8	[[[-0.39298094 -0.58464568 -0.19894046]
  [-0.95286073 -0.40216177  0.68846777]
  [-1.7737983   0.50678702 -0.44393268]
  [ 0.86174575 -0.41642186  0.41782726]
  [ 0.28919101 -0.64281175  1.48204634]
  [-0.69154452  0.46990331 -0.55699853]
  [-1.32803958  1.17478807  0.81141397]
  [-0.22720546  0.45967126  0.42808119]
  [-0.36224854  1.49776564  0.17310945]
  [-1.72448904 -0.57017204 -0.17431656]]]
Experiment	9	-15.154382504780957	13.268149495219044	56928	4	[[[ 0.15166091  2.5        -0.96815804]
  [-0.34190403  0.43126505 -1.58277212]
  [-0.14988769 -1.01673255 -1.07572899]
  [-0.64380889 -0.36212033 -0.34291985]
  [-1.19967791 -1.18003378 -0.72765575]
  [-0.58014905 -1.96574924 -1.19392732]
  [-0.34862003 -1.58554076 -0.14408115]
  [ 0.16927231  0.33555276 -0.53111436]
  [ 1.04698713 -0.31224056 -0.29284007]
  [-0.97421482 -0.72845369 -2.02970219]]]
Experiment	10	-15.395602511115582	13.026929488884418	43355	7	[[[-1.59618896 -0.4766345  -0.97229934]
  [-2.4331306   0.48744875 -0.25474743]
  [-0.35370532 -0.41408091  0.12472318]
  [-2.2967828   1.41258041  0.80960288]
  [-1.3731321   1.23194799 -0.57364468]
  [-1.34825205  0.06673978 -0.04437565]
  [-1.09485001  1.09986926  0.51613783]
  [ 0.46406444 -0.15841472 -0.4856105 ]
  [-2.08582822  0.92251761 -1.2509707 ]
  [-0.22656802  0.69431757  0.11171181]]]
Experiment	11	-15.893760034639262	12.528771965360738	54009	7	[[[ 0.16068561 -0.27771456  0.13290731]
  [ 0.5384156  -1.17961453 -0.56264147]
  [ 0.8315036   0.68863684 -0.4467561 ]
  [ 1.36247435 -1.02264693  0.53733872]
  [-0.30253646 -1.1127012   0.60446305]
  [-1.68965944  0.43732456  0.07595534]
  [ 1.53900702 -0.38474698 -0.38832315]
  [ 0.27796381 -0.12666113 -0.86341621]
  [ 0.99972859  0.25493069  0.70321713]
  [ 1.24526306 -0.11269721 -1.43415087]]]
Experiment	12	-16.591887334763626	11.830644665236374	65394	4	[[[-2.19427374  1.35309757  1.58582919]
  [-1.43509151  0.44455242  0.31809873]
  [-0.70626649  1.18387822  0.94347396]
  [ 0.07112872 -0.88852291  0.73878507]
  [-1.03550561  1.81141862  0.0632323 ]
  [-0.12505397 -0.53821952 -0.65410319]
  [-0.38167227  0.56344774  0.02439939]
  [ 0.4569177   0.74098161  0.69295768]
  [ 0.74726087 -0.21133307  0.05445917]
  [-0.48161807  0.02792255  1.08989677]]]
