Experiment	1	-14.842061631129495	13.580470368870506	95668	8	[[[ 0.6748587  -1.17416925 -1.26545239]
  [ 1.14144583 -2.01325879 -1.70831631]
  [ 1.08486123 -2.04507395 -0.45105778]
  [ 0.00793602 -1.41265353 -0.34743068]
  [ 1.77333723 -1.30734277 -0.88991885]
  [ 0.90877895 -1.8760277   0.49647449]
  [ 1.25025233 -0.86763282  0.27099503]
  [-0.5215425  -2.2165364  -0.01129119]
  [ 0.10290667 -2.20546708 -1.56996373]
  [ 0.81165009  0.10036176 -0.13162997]]]
Experiment	2	-14.07959546404339	14.34293653595661	43928	7	[[[-0.44317154  0.44129261 -1.68126748]
  [-0.85268031 -0.83371368 -1.73132386]
  [ 0.30745881 -0.95325925 -0.37653073]
  [ 0.14470685  0.06870497  0.46526573]
  [-0.47909461 -0.28590611 -0.48725222]
  [-1.25779209 -0.09991051 -1.14423893]
  [-0.08126098 -0.11783375  1.49015179]
  [ 0.23952318 -1.0002338   0.78947455]
  [-1.02314983 -0.92168181  0.16980503]
  [-2.08124864 -0.97188292 -0.17479833]]]
Experiment	3	-13.516484704981403	14.906047295018597	58154	8	[[[-0.59836761 -0.91362024  0.39419007]
  [-1.61107684 -0.09326518 -1.58780032]
  [-0.90363387  0.12761154  0.16676424]
  [-1.38702442 -0.52274161  0.97549978]
  [-1.33507234  0.70302623 -0.70669171]
  [-1.3885708  -0.52566077 -0.60128161]
  [-0.21521834  0.39160212 -0.52195716]
  [ 1.25097179  1.96368494  0.10112695]
  [-0.42160846  1.06427689 -1.38639963]
  [-1.09846237 -0.32002838  2.17282317]]]
Experiment	4	-13.514952556412391	14.90757944358761	20374	7	[[[ 1.5530455  -0.59880384  0.76956666]
  [ 0.76051765 -0.15545476  0.23424559]
  [-1.21808795 -1.79127687 -1.19162822]
  [-0.25342754 -1.32705333 -1.31168148]
  [-0.6812786  -0.39026554  0.55542402]
  [-0.57649382 -0.89128001 -0.4241403 ]
  [-2.27265569 -1.47303315 -0.22180208]
  [-0.24912157 -1.27246019  0.96972512]
  [ 0.26357613 -0.35093333  1.23658493]
  [-1.36508174 -1.4890297   0.38487643]]]
Experiment	5	-12.788585572518596	15.633946427481405	30227	6	[[[ 2.03121998 -0.32376468  1.77692941]
  [ 1.14311352 -0.03548273 -0.26644326]
  [ 1.78066281 -0.63865789  0.29336781]
  [ 0.72357184 -0.5066085   0.83710041]
  [ 0.77508768 -0.32033421  2.08783594]
  [ 1.32444643 -1.74314667 -0.12693035]
  [ 0.76529873  0.99031683  0.58735758]
  [ 1.6129989   0.45269758  0.7912198 ]
  [ 1.31183341 -1.21325106  1.24889579]
  [-2.14731354  0.2646137  -1.56996813]]]
Experiment	6	-14.277985361491272	14.144546638508729	28130	7	[[[-0.979601    0.80356234 -0.0453306 ]
  [-0.82347611 -0.61300472  0.6897222 ]
  [-0.25602292 -0.08841264 -0.12040528]
  [ 0.09212641  0.64024448 -1.85965629]
  [ 0.16284672  1.20831787 -0.51748264]
  [-0.51458286  0.45691992  0.94121974]
  [ 0.49557009  0.16516528  0.53701463]
  [ 1.00035109  1.99558163  0.63504896]
  [-0.54441636  0.37814133 -1.02950693]
  [ 0.74386011 -1.1069991  -0.12751667]]]
Experiment	7	-13.463675271899016	14.958856728100985	46856	7	[[[-5.58170249e-01  1.77137397e-01  1.95736979e+00]
  [-1.27793223e+00 -4.14930846e-01  4.42218297e-04]
  [-1.71657401e-01 -1.08116696e-01  4.64512171e-01]
  [-1.57533121e+00  3.92489816e-01 -1.83540134e+00]
  [-8.03761752e-01  7.41247628e-01  2.27936382e-01]
  [-1.81191711e-01 -1.16720292e+00  8.82048721e-01]
  [-1.51751326e+00 -1.53497810e+00  1.08155195e-02]
  [-1.20486287e+00  4.81385733e-01  1.15860489e+00]
  [-1.37803545e+00 -5.44453264e-01 -1.37453679e+00]
  [-1.59916672e+00  4.82705027e-01 -5.96307931e-01]]]
Experiment	8	-13.312487834384534	15.110044165615466	80174	6	[[[-1.54141279 -0.95370489  0.18885015]
  [ 1.02935798 -1.95979478 -0.72324838]
  [-0.84301707 -0.57575757  1.00932126]
  [ 0.97134562 -1.57449261  1.26794485]
  [-0.50199618 -1.01485631 -0.25611753]
  [-0.96930098 -1.73309898  0.91243498]
  [-0.09747487 -0.72515836  1.85493593]
  [-0.09954164 -1.26189681  0.67212014]
  [ 0.53061615 -1.10865717 -0.41553255]
  [ 0.24375914  0.44773212 -0.04717718]]]
Experiment	9	-12.893041897967157	15.529490102032844	33628	8	[[[-1.83162766 -1.73324479 -0.82850667]
  [-0.5297505  -0.4191081  -0.33124112]
  [-0.7366319  -0.67170268  0.83566953]
  [-0.75080505 -1.8097667   0.1180374 ]
  [-1.61051204 -1.07046371  0.08568864]
  [ 1.86357275  0.65306843 -0.1382072 ]
  [-1.37417214 -1.87899623  1.05710928]
  [-1.74230585 -0.00857722 -0.04998068]
  [-0.93945817 -1.55760425  2.03435958]
  [ 0.1436308  -1.28408524 -0.91674286]]]
Experiment	10	-14.952335187094812	13.470196812905188	75537	6	[[[-0.2177097   2.04152588 -0.39027262]
  [-0.44845478  1.96861645  2.27989277]
  [ 0.48905355  1.25695586  0.05842038]
  [-0.19745555  0.30954122 -0.71115134]
  [-0.62114336  1.31494993  0.43750198]
  [-1.15772662  1.35826186  1.67590687]
  [-0.10331971  2.2724909   0.73186006]
  [-0.44020706  1.37560434 -1.24054144]
  [-0.20386141  0.73631111  2.387918  ]
  [-1.06538725  2.23839723  1.14693019]]]
Experiment	11	-14.166914753530655	14.255617246469345	30229	7	[[[ 1.74408753 -0.78133911  0.57271819]
  [-0.73615355 -0.90403489  0.59696113]
  [ 1.26173908 -1.84900705 -0.03370544]
  [ 1.21867163 -0.52284705  1.56601807]
  [-0.50318859  0.37424933  0.62625744]
  [ 0.70772349 -0.49687831  0.64231894]
  [ 1.34099733  0.47382422  1.15715855]
  [-1.32324151 -1.90473719  0.61019253]
  [ 0.29459604 -1.92228386  0.55247152]
  [-0.06111    -0.4322109   1.35553636]]]
Experiment	12	-14.842061631129495	13.580470368870000	95660	8	[[[ 0.6748587  -1.17416925 -1.26545239]
  [ 1.14144583 -2.01325879 -1.70831631]
  [ 1.08486123 -2.04507395 -0.45105778]
  [ 0.00793602 -1.41265353 -0.34743068]
  [ 1.77333723 -1.30734277 -0.88991885]
  [ 0.90877895 -1.8760277   0.49647449]
  [ 1.25025233 -0.86763282  0.27099503]
  [-0.5215425  -2.2165364  -0.01129119]
  [ 0.10290667 -2.20546708 -1.56996373]
  [ 0.81165009  0.10036176 -0.13162997]]]
Experiment	13	-14.07959546404339	14.34293653595000	43920	7	[[[-0.44317154  0.44129261 -1.68126748]
  [-0.85268031 -0.83371368 -1.73132386]
  [ 0.30745881 -0.95325925 -0.37653073]
  [ 0.14470685  0.06870497  0.46526573]
  [-0.47909461 -0.28590611 -0.48725222]
  [-1.25779209 -0.09991051 -1.14423893]
  [-0.08126098 -0.11783375  1.49015179]
  [ 0.23952318 -1.0002338   0.78947455]
  [-1.02314983 -0.92168181  0.16980503]
  [-2.08124864 -0.97188292 -0.17479833]]]
Experiment	14	-13.516484704981403	14.906047295018000	58150	8	[[[-0.59836761 -0.91362024  0.39419007]
  [-1.61107684 -0.09326518 -1.58780032]
  [-0.90363387  0.12761154  0.16676424]
  [-1.38702442 -0.52274161  0.97549978]
  [-1.33507234  0.70302623 -0.70669171]
  [-1.3885708  -0.52566077 -0.60128161]
  [-0.21521834  0.39160212 -0.52195716]
  [ 1.25097179  1.96368494  0.10112695]
  [-0.42160846  1.06427689 -1.38639963]
  [-1.09846237 -0.32002838  2.17282317]]]
Experiment	15	-13.514952556412391	14.90757944358000	20370	7	[[[ 1.5530455  -0.59880384  0.76956666]
  [ 0.76051765 -0.15545476  0.23424559]
  [-1.21808795 -1.79127687 -1.19162822]
  [-0.25342754 -1.32705333 -1.31168148]
  [-0.6812786  -0.39026554  0.55542402]
  [-0.57649382 -0.89128001 -0.4241403 ]
  [-2.27265569 -1.47303315 -0.22180208]
  [-0.24912157 -1.27246019  0.96972512]
  [ 0.26357613 -0.35093333  1.23658493]
  [-1.36508174 -1.4890297   0.38487643]]]
Experiment	16	-12.788585572518596	15.633946427481000	30220	6	[[[ 2.03121998 -0.32376468  1.77692941]
  [ 1.14311352 -0.03548273 -0.26644326]
  [ 1.78066281 -0.63865789  0.29336781]
  [ 0.72357184 -0.5066085   0.83710041]
  [ 0.77508768 -0.32033421  2.08783594]
  [ 1.32444643 -1.74314667 -0.12693035]
  [ 0.76529873  0.99031683  0.58735758]
  [ 1.6129989   0.45269758  0.7912198 ]
  [ 1.31183341 -1.21325106  1.24889579]
  [-2.14731354  0.2646137  -1.56996813]]]
Experiment	17	-14.277985361491272	14.144546638508000	28100	7	[[[-0.979601    0.80356234 -0.0453306 ]
  [-0.82347611 -0.61300472  0.6897222 ]
  [-0.25602292 -0.08841264 -0.12040528]
  [ 0.09212641  0.64024448 -1.85965629]
  [ 0.16284672  1.20831787 -0.51748264]
  [-0.51458286  0.45691992  0.94121974]
  [ 0.49557009  0.16516528  0.53701463]
  [ 1.00035109  1.99558163  0.63504896]
  [-0.54441636  0.37814133 -1.02950693]
  [ 0.74386011 -1.1069991  -0.12751667]]]
Experiment	18	-13.463675271899016	14.958856728100000	46850	7	[[[-5.58170249e-01  1.77137397e-01  1.95736979e+00]
  [-1.27793223e+00 -4.14930846e-01  4.42218297e-04]
  [-1.71657401e-01 -1.08116696e-01  4.64512171e-01]
  [-1.57533121e+00  3.92489816e-01 -1.83540134e+00]
  [-8.03761752e-01  7.41247628e-01  2.27936382e-01]
  [-1.81191711e-01 -1.16720292e+00  8.82048721e-01]
  [-1.51751326e+00 -1.53497810e+00  1.08155195e-02]
  [-1.20486287e+00  4.81385733e-01  1.15860489e+00]
  [-1.37803545e+00 -5.44453264e-01 -1.37453679e+00]
  [-1.59916672e+00  4.82705027e-01 -5.96307931e-01]]]
Experiment	19	-13.312487834384534	15.110044165615000	80170	6	[[[-1.54141279 -0.95370489  0.18885015]
  [ 1.02935798 -1.95979478 -0.72324838]
  [-0.84301707 -0.57575757  1.00932126]
  [ 0.97134562 -1.57449261  1.26794485]
  [-0.50199618 -1.01485631 -0.25611753]
  [-0.96930098 -1.73309898  0.91243498]
  [-0.09747487 -0.72515836  1.85493593]
  [-0.09954164 -1.26189681  0.67212014]
  [ 0.53061615 -1.10865717 -0.41553255]
  [ 0.24375914  0.44773212 -0.04717718]]]
Experiment	20	-12.893041897967157	15.529490102032000	33620	8	[[[-1.83162766 -1.73324479 -0.82850667]
  [-0.5297505  -0.4191081  -0.33124112]
  [-0.7366319  -0.67170268  0.83566953]
  [-0.75080505 -1.8097667   0.1180374 ]
  [-1.61051204 -1.07046371  0.08568864]
  [ 1.86357275  0.65306843 -0.1382072 ]
  [-1.37417214 -1.87899623  1.05710928]
  [-1.74230585 -0.00857722 -0.04998068]
  [-0.93945817 -1.55760425  2.03435958]
  [ 0.1436308  -1.28408524 -0.91674286]]]
Experiment	21	-14.952335187094812	13.470196812905000	75530	6	[[[-0.2177097   2.04152588 -0.39027262]
  [-0.44845478  1.96861645  2.27989277]
  [ 0.48905355  1.25695586  0.05842038]
  [-0.19745555  0.30954122 -0.71115134]
  [-0.62114336  1.31494993  0.43750198]
  [-1.15772662  1.35826186  1.67590687]
  [-0.10331971  2.2724909   0.73186006]
  [-0.44020706  1.37560434 -1.24054144]
  [-0.20386141  0.73631111  2.387918  ]
  [-1.06538725  2.23839723  1.14693019]]]
Experiment	22	-14.166914753530655	14.255617246469000	30220	7	[[[ 1.74408753 -0.78133911  0.57271819]
  [-0.73615355 -0.90403489  0.59696113]
  [ 1.26173908 -1.84900705 -0.03370544]
  [ 1.21867163 -0.52284705  1.56601807]
  [-0.50318859  0.37424933  0.62625744]
  [ 0.70772349 -0.49687831  0.64231894]
  [ 1.34099733  0.47382422  1.15715855]
  [-1.32324151 -1.90473719  0.61019253]
  [ 0.29459604 -1.92228386  0.55247152]
  [-0.06111    -0.4322109   1.35553636]]]
