Experiment	1	-10.911367683436021	1.8006943165639786	395008	8	[[[ 0.58952299 -0.60881392  1.05242002]
  [ 1.48190837 -0.61744235  1.7015068 ]
  [ 1.4441021   0.17405734  0.95087097]
  [ 0.82000554  0.25987331  1.85876167]
  [ 0.43485995 -0.91311089  2.10680109]
  [-0.30062892  0.13670685  1.58009936]]]
Experiment	2	-10.849738766090042	1.862323233909958	351816	7	[[[ 1.12608716  1.61018622  0.37099485]
  [ 0.11170182  2.47326189  0.42081146]
  [ 0.89606046  2.5        -0.40700117]
  [ 0.19635907  1.41558311 -0.08162318]
  [ 0.48319007  1.66478943 -1.11916991]
  [-0.29135903  2.24810401 -0.56041537]]]
Experiment	3	-10.89458509856208	1.817476901437919	125256	8	[[[ 0.15013873  1.22738521  0.55165688]
  [-0.60070412  0.27555359  0.67191888]
  [-0.54215794  1.06970276  1.37962641]
  [-0.81204095  1.70763483  0.54774608]
  [-1.59604076  0.89693792  0.99898929]
  [-0.72021066  0.97476166 -0.17798276]]]
Experiment	4	-10.388811568231676	2.323250431768324	264940	7	[[[ 0.64109842  1.56955322 -0.37239352]
  [ 0.32559886  1.71785815  0.84087765]
  [ 0.35226026  2.5         0.12164635]
  [ 1.42063676  2.11462923  0.46509035]
  [-0.54878491  1.65629934 -0.18366076]
  [ 1.13290889  1.07429046  0.46821223]]]
Experiment	5	-10.41811554721319	2.293946452786809	269242	8	[[[-1.68275254 -0.37860221  0.70270485]
  [-0.20411274  0.10195052  0.01378859]
  [-1.24725828  0.04316548 -0.20955501]
  [-1.68746398 -1.00982405 -0.57482781]
  [-0.46753706 -0.57052735 -0.77956678]
  [-0.73281604 -0.91164902  0.17580473]]]
Experiment	6	-10.765068718655753	1.9469932813442465	394144	7	[[[ 0.94481303 -0.51094846 -0.63655783]
  [ 1.32355595  0.25362189  0.05142376]
  [ 0.27714139  0.03258513  0.39114077]
  [ 1.90486769 -0.06350128 -0.86295912]
  [ 0.53479165  0.46110218 -0.65635049]
  [ 1.49548933  1.04079485 -0.73605967]]]
Experiment	7	-10.623730787837582	2.0883312121624176	363988	6	[[[ 0.07455983  0.9605337   2.0270091 ]
  [-0.6269803   0.21767398  1.57434661]
  [-0.34672752  0.01599644  0.47727403]
  [ 0.19247368 -0.11414783  2.15771166]
  [-0.42667303  1.26229754  1.07204425]
  [ 0.53821865  0.29980355  1.12320676]]]
Experiment	8	-10.703814141639063	2.008247858360937	126669	8	[[[-0.28388727  0.1967938   1.44391005]
  [-0.82034018  0.43381149  2.47299558]
  [-0.45730621  1.38907141  1.69768987]
  [ 0.22201418  0.5991533   2.31803502]
  [-1.31818951  0.73862832  1.5141464 ]
  [-0.85412213  1.16097046  0.62823109]]]
Experiment	9	-10.599357068776003	2.1127049312239965	409048	9	[[[ 0.71650218 -0.926231   -0.14554595]
  [ 1.68838397 -0.84786391 -0.57867244]
  [ 1.24838395 -1.7360152   0.34714153]
  [ 0.74300953 -1.93725564 -0.81445341]
  [ 1.87949596 -1.9776521  -0.5665362 ]
  [ 0.82057689 -0.95734687 -1.32979325]]]
Experiment	10	-11.128498577577055	1.5835634224229445	246592	5	[[[-1.39472276 -0.02490954  0.63264112]
  [-2.30836275 -0.80648586  2.1588936 ]
  [-2.38855502 -0.56367706  0.94833068]
  [-1.65365744 -0.06523208  1.73919113]
  [-1.42352337 -1.03909879  1.34593448]
  [-0.58572057 -0.32372764  1.52628876]]]
Experiment	11	-11.350445811548305	1.3616161884516949	479450	7	[[[-0.66392608  0.45431084 -0.68737522]
  [ 0.47029542 -0.2125977  -0.42223195]
  [-0.40763135 -0.56405835 -1.05421117]
  [ 0.58930875 -0.4002003  -1.5315904 ]
  [ 0.3867712   0.6215426  -1.15802968]
  [-0.63658084  0.27431292 -1.75015553]]]
Experiment	12	-10.91206527875475	1.7999967212452503	84824	8	[[[ 0.24984122 -1.20348153  0.68064808]
  [ 0.20647463 -1.20414401 -0.45636786]
  [ 0.00360056 -2.17648838  0.23064219]
  [-0.7505925  -1.40097412  0.21663812]
  [ 1.22086168 -0.87296047  0.19813636]
  [ 1.09804784 -1.97637126  0.53601864]]]
Experiment	13	-10.508250188790916	2.203811811209084	256389	7	[[[ 2.5         0.28647684  0.46639714]
  [ 1.4497223   0.62459663  0.24875501]
  [ 1.79713236 -0.3492203  -0.11195342]
  [ 1.77633506 -0.37103918  1.0523819 ]
  [ 0.81506919 -0.56675198  0.43330279]
  [ 1.89419039  0.57617624  1.46080738]]]
Experiment	14	-10.496076757614066	2.2159852423859334	456448	8	[[[ 2.24181620e-01  8.26853175e-04 -2.04157074e+00]
  [-8.44473320e-01 -3.20468032e-01 -1.84731551e+00]
  [ 6.03639771e-01  8.64509789e-01 -1.28218325e+00]
  [-7.80795527e-01 -1.50710639e-01 -8.00128028e-01]
  [-4.37959784e-01  7.14709161e-01 -1.36449916e+00]
  [ 2.53203984e-01 -8.43181357e-02 -9.86735835e-01]]]
Experiment	15	-10.328331673029066	2.383730326970934	146179	8	[[[ 0.47331417  0.0311799   0.81450256]
  [-0.74878941 -0.12100713  0.49243575]
  [-0.35624555 -1.09670664  0.71910356]
  [-0.32873248  0.61962313  1.3744293 ]
  [-1.15384339 -0.45866327  1.50324266]
  [-0.13910011 -0.44702684  1.64121754]]]
Experiment	16	-10.366992362475798	2.345069637524201	29054	9	[[[-1.33120151 -1.20576568  2.13091829]
  [-0.4735488  -0.71666929  0.50422299]
  [-0.02728647 -1.90948139  0.77110223]
  [-0.98308058 -0.30511244  1.56711446]
  [-1.02389124 -1.42170005  1.08074391]
  [-0.02234976 -1.10611758  1.5405517 ]]]
Experiment	17	-10.455457302675773	2.256604697324226	257044	7	[[[ 2.38616622 -0.74023487  2.5       ]
  [ 1.25925953  0.64176554  1.76422941]
  [ 2.16197519  0.00661076  1.53582405]
  [ 1.91802406 -1.11602394  1.51058029]
  [ 1.30179299 -0.42984197  2.21050027]
  [ 1.42239609 -0.44028759  0.75098784]]]
Experiment	18	-11.00812141229476	1.7039405877052403	46349	9	[[[ 0.89354329 -1.22599726  0.05786023]
  [ 0.51242029 -1.12718868  1.17831844]
  [ 0.85089826 -0.14945822  0.86047879]
  [-0.11038726 -0.5700115   0.34158861]
  [ 1.74745378 -0.61918913  0.33678994]
  [ 0.75923371 -0.21761066 -0.19601534]]]
Experiment	19	-10.922166722555989	1.7898952774440104	263585	8	[[[-0.29530483  1.51567856  1.37936033]
  [-0.50710643  0.51697661  1.22515866]
  [-0.29498132  2.05889651  0.28961144]
  [-1.02758971  1.19764003  0.57194738]
  [ 0.57386697  0.66883076  1.49518709]
  [ 0.03873157  0.98328048  0.46997531]]]
Experiment	20	-10.696269122660764	2.0157928773392353	261331	8	[[[0.62565641 1.82991098 0.59511359]
  [1.3280509  2.32950096 1.26692732]
  [0.9213561  0.53640666 1.3485336 ]
  [1.6001321  1.36811996 0.89381923]
  [0.56307736 1.57830822 1.61706494]
  [0.06883295 0.96379374 0.78274156]]]
Experiment	21	-10.66768961544771	2.0443723845522896	359220	7	[[[ 0.94156265  0.44256405  1.64046073]
  [ 0.37037115  1.19493492  0.23473961]
  [ 0.85745212  0.2768572  -0.16268038]
  [ 1.10966311 -0.42499264  0.69401073]
  [ 0.23118105  0.25502046  0.78604683]
  [ 1.57456202  0.69192809  0.64161458]]]
Experiment	22	-10.502812810513266	2.2092491894867337	180364	7	[[[-1.01130118 -1.92483403 -1.77176811]
  [-0.00937809 -1.67791744 -1.30394516]
  [-0.57279106 -0.72148551 -1.87438467]
  [-0.99743219 -2.14607665 -0.57696295]
  [-0.86087789 -1.0217717  -0.83681344]
  [-1.71349237 -1.05941364 -1.47070001]]]
Experiment	23	-11.452034018025268	1.2600279819747318	353591	8	[[[ 0.30335501  1.68767939  0.60820741]
  [ 0.64433013  1.58083334 -0.74314562]
  [ 0.36559824  0.83184926  0.00747066]
  [ 1.31341394  1.51246287  0.15893529]
  [ 0.72744241  2.5         0.07963745]
  [-0.2937305   1.96441025 -0.26922948]]]
Experiment	24	-10.500047288225046	2.2120147117749536	266335	6	[[[-1.10899746  0.9260148  -0.20165354]
  [ 0.38761908  1.73096308 -0.07222529]
  [-0.65247913  1.81441193  0.42482884]
  [-0.05652582  0.91509279  0.31510302]
  [-0.49610538  1.91278043 -0.71786373]
  [ 0.15051118  0.85766861 -0.7395761 ]]]
Experiment	25	-11.25467344161499	1.4573885583850092	289777	8	[[[ 0.72981729  0.33377457 -1.61446614]
  [ 0.96615289 -0.64856868 -1.09390804]
  [ 0.15408754  0.04237835 -2.5       ]
  [-0.31050749  0.4659229  -1.58693183]
  [ 0.06942603 -0.61856795 -1.5835151 ]
  [ 1.07662802 -0.61992527 -2.17501901]]]
Experiment	26	-10.585610171810648	2.126451828189351	456689	8	[[[ 0.24918843 -0.96227109 -0.95765683]
  [-0.69042475 -1.43400239 -0.86593068]
  [-0.95382022 -1.60968022  0.2147341 ]
  [-0.95661709 -0.52182438 -0.3787328 ]
  [-0.08451341 -0.97745406  0.11246645]
  [ 0.21120455 -0.0152465  -0.43612928]]]
Experiment	27	-10.285737306977177	2.4263246930228224	194838	7	[[[-0.539061    1.15160778 -0.69730843]
  [-1.2882092   1.33802613  0.89668143]
  [-1.11604308  2.11040721 -0.04077067]
  [-0.86744034  0.57264745  0.29484666]
  [-0.28298084  1.49311475  0.2845146 ]
  [-1.52453056  1.03145952 -0.45859315]]]
Experiment	28	-10.740027407316461	1.9720345926835385	214070	8	[[[-1.26557832 -1.30181083  0.41572891]
  [-0.47041633 -2.2399292   0.36299672]
  [-0.50587229 -0.5245193   0.86475231]
  [-0.59563914 -0.40243158 -0.22339014]
  [ 0.0405559  -1.18888066  0.15195406]
  [-0.67087733 -1.46343467 -0.60652345]]]
Experiment	29	-10.487620161141177	2.224441838858823	581190	7	[[[ 1.00163646 -0.85831299 -0.62896216]
  [ 0.08241418 -0.76158183  0.03348904]
  [ 1.03291343 -0.07908911  0.22274402]
  [ 0.98324122 -1.15717338  0.46348768]
  [ 0.21451389 -0.19959604 -0.85854747]
  [ 0.18040567 -0.51210294  1.16266524]]]
Experiment	30	-10.324746929746125	2.387315070253875	277363	7	[[[-0.18678348  0.49327175 -0.27184141]
  [-1.95350144 -0.45090563 -1.08309137]
  [-1.22937987  0.80597177  0.0878055 ]
  [-2.1285923   0.09056958 -0.20165715]
  [-1.55095731  0.59699607 -0.90526759]
  [-1.03614811 -0.3061542  -0.34155232]]]
