Experiment	1	-10.671666285782708	2.0403957142172917	416464	8	[[[ 0.5679083   1.24909598  0.12694385]
  [-0.19739085  1.28193653  0.941477  ]
  [ 0.79337051  1.34375136  1.38305513]
  [-0.35679088  1.55595553  2.07856459]
  [-0.0567284   0.56372715  1.78105617]
  [ 0.30854753  0.3539156   0.78430538]]]
Experiment	2	-10.551241807485617	2.1608201925143824	152225	8	[[[ 1.10107267  0.72999201  0.61591561]
  [ 2.05712324  0.66769134  1.30730047]
  [ 2.33316519  0.94687966  0.09768945]
  [ 1.56262158  1.64946837  1.08710456]
  [ 2.3541905   2.13803835  0.35801962]
  [ 1.44412374  1.56462987 -0.08999736]]]
Experiment	3	-11.140503319598924	1.5715586804010755	52388	9	[[[ 0.00321129  2.5         0.58055955]
  [ 0.64217648  1.39576167  0.47252416]
  [ 0.29466323  2.07611084 -0.35778095]
  [-0.43650011  1.50426779  0.18906742]
  [-0.15602219  1.68731217  1.27445061]
  [-0.87264299  2.36076924 -0.39883348]]]
Experiment	4	-10.850726069103992	1.8613359308960078	343344	6	[[[ 1.00814844  1.83502288 -1.18942093]
  [ 1.61713435  0.92723126 -1.07942581]
  [ 1.29287529  1.49720512 -0.16639466]
  [ 0.48247701  0.75719681 -0.73696947]
  [ 0.25743847  1.67980945 -0.12231905]
  [ 0.78445098  0.66068036  0.2865894 ]]]
Experiment	5	-10.73068031750464	1.9813816824953587	520080	8	[[[-0.20268306 -2.08666717  0.93928825]
  [-1.24779567 -0.77632649  0.43138096]
  [-1.21509758 -1.67973946  0.94327728]
  [-0.26520413 -0.98894532  0.88038022]
  [-0.64693171 -1.53171089  1.95791792]
  [-0.49638316 -1.70210264  0.00605373]]]
Experiment	6	-10.28347088651116	2.4285911134888387	360659	7	[[[-0.73716151  0.86184028 -0.06329919]
  [-0.7830124  -0.08275987 -0.6504404 ]
  [-1.69948128  0.21812333  0.10784332]
  [-1.69040857  1.55610581 -0.20021042]
  [-0.74917743 -0.06882532  0.4682446 ]
  [-1.30131401  0.81262872 -1.1102399 ]]]
Experiment	7	-10.44217778893309	2.269884211066909	293261	8	[[[ 1.47666127  0.5654374  -0.05384201]
  [ 0.56927103  0.06309464  0.50211595]
  [ 1.05833224  1.47458332  0.53871236]
  [ 0.04289051  1.19109381  0.91363887]
  [ 0.29364594  0.88693966 -0.12680875]
  [ 1.06359259  1.41827435 -0.73970611]]]
Experiment	8	-10.683849338327882	2.028212661672118	468087	8	[[[-0.32806615 -0.46219908  0.84305002]
  [ 0.99583957 -0.0682093   0.69046762]
  [ 0.50678351 -0.73356791  1.42683154]
  [ 0.49153274 -1.23592445  0.45413698]
  [ 0.13623554  0.36123391  1.40271835]
  [-0.42190691 -0.36980409  2.04696158]]]
Experiment	9	-10.904018845899556	1.808043154100444	150708	8	[[[ 0.24808515 -1.84671087 -0.96287732]
  [ 1.02813415 -1.1693605  -1.63102561]
  [ 0.8485021  -0.5316781  -0.56282875]
  [-0.17539462 -0.86172312 -0.74935274]
  [ 1.46237375 -1.49675297 -0.62125305]
  [ 0.48122047 -1.41489116  0.01696392]]]
Experiment	10	-11.066313640921516	1.6457483590784836	140106	9	[[[-1.38044505  1.64827143 -0.6396923 ]
  [-1.1564169   2.11486953 -1.7697659 ]
  [-0.39557948  1.65220204 -0.22441816]
  [-0.77656948  0.79184422 -0.93275118]
  [-0.28647684  1.63023708 -1.37320724]
  [-0.60978125  2.5        -0.88782267]]]
Experiment	11	-10.907361827668266	1.8047001723317333	365329	6	[[[-1.67481324  0.07162926  0.40499204]
  [-1.1675149  -0.79903548  0.11307918]
  [-1.67320244 -1.05903349 -0.85822335]
  [-2.21760084 -0.782007    0.03228262]
  [-1.64144973  0.02405235 -0.63657208]
  [-1.78783253 -1.01927414  1.01136925]]]
Experiment	12	-10.592137285682602	2.1199247143173974	225520	8	[[[ 2.5        -1.30224677 -0.2811827 ]
  [ 2.08686801 -1.63571202  0.95799999]
  [ 2.03923009 -0.57586546  0.37831897]
  [ 2.1425428  -2.3360738  -0.22930634]
  [ 1.42403609 -1.43520629 -0.06161386]
  [ 1.12976646 -1.02780528  1.02566539]]]
Experiment	13	-10.527345621137057	2.1847163788629427	39850	9	[[[ 1.91063047  0.19292025 -0.98278227]
  [ 0.37852313 -0.36178924 -1.19152521]
  [ 1.24678942 -0.24493421 -1.87019054]
  [ 0.87814661  0.39480889 -0.72160398]
  [ 1.38803063 -0.79628632 -0.8866134 ]
  [ 0.54317123 -0.4196758  -0.04014469]]]
Experiment	14	-10.898768798760912	1.8132932012390874	257539	7	[[[ 0.25287849  1.1773762   0.2652534 ]
  [-1.13792342  1.35485496 -0.4120638 ]
  [-0.39049136  0.53289855 -0.61721827]
  [-0.79993798  0.71574675  0.37664494]
  [-0.73937877  1.75466095  0.5433178 ]
  [-0.04518168  1.84873605 -0.56137324]]]
Experiment	15	-10.532468126299316	2.179593873700684	409420	9	[[[ 1.20745595  0.75251513  0.61221923]
  [ 1.96968989  1.62914614  0.83015302]
  [ 0.75631067  1.77004642  1.01696782]
  [ 1.93050024  0.70484029  1.42587416]
  [ 1.29738165  1.49219467 -0.23419668]
  [ 2.14019567  0.76235573  0.08855751]]]
Experiment	16	-10.36669910636636	2.3453628936336397	79608	8	[[[-1.15589313  0.47840929 -0.59364667]
  [-1.20863259 -0.48941563 -1.25880593]
  [-0.84259335 -0.62527552 -0.2757622 ]
  [ 0.25466164 -0.33768473 -0.31261852]
  [-0.24799552  0.1672866  -1.06895801]
  [-0.1556406  -1.19231317 -1.01713771]]]
Experiment	17	-10.645420842631724	2.0666411573682755	238623	9	[[[ 0.48410727 -1.42699781  0.03525536]
  [ 0.89520982 -1.41388464 -1.01265318]
  [ 0.81393255 -0.1942085   0.35538101]
  [ 1.60906118 -1.13044382  0.24883725]
  [ 1.30340363 -0.54312348 -0.54633587]
  [ 0.16136851 -0.57884718 -0.52316819]]]
Experiment	18	-10.855583847324082	1.8564781526759173	582912	8	[[[-1.49033003 -2.04223254  0.81585681]
  [-0.63249039 -1.04340157  0.92095328]
  [-0.7991321  -1.63969619 -0.86921386]
  [-0.53736687 -1.88736152  0.15472044]
  [-1.3947681  -1.13751882  0.09321127]
  [-1.75235371 -2.03951369 -0.34775059]]]
Experiment	19	-10.662973268073266	2.0490887319267337	240459	8	[[[-0.63585551 -1.23708742  0.96585507]
  [ 0.25282807 -1.65156614  1.48959481]
  [-0.61849322 -0.55896391  1.79626571]
  [-0.0937212  -1.18567584  2.49203281]
  [-1.05490864 -1.574508    1.86925357]
  [ 0.42331497 -0.5444647   1.75087291]]]
Experiment	20	-10.702206720106703	2.009855279893296	594207	9	[[[ 1.61493925  0.64665815 -1.90233742]
  [ 1.75593324 -0.56653827 -2.17369372]
  [ 2.26882671 -0.12554197 -1.31738828]
  [ 1.04793117 -0.86858272 -1.25055023]
  [ 1.20043779  0.1462827  -0.87976959]
  [ 0.77560366 -0.12880957 -2.11279497]]]
Experiment	21	-10.643124343743477	2.068937656256523	49181	9	[[[ 0.44939552  0.78716388 -1.10062257]
  [ 0.50684539 -0.94785911 -1.72736874]
  [ 1.25366657 -0.04859909 -1.25295726]
  [ 0.86037621 -0.08502241 -2.36839155]
  [ 0.31036582 -0.20261542 -0.73609336]
  [ 0.03159518  0.01659758 -1.71842336]]]
Experiment	22	-10.377082045072969	2.3349799549270305	382062	6	[[[ 1.401119    0.89242585  0.61156895]
  [ 1.89603539 -0.26873996 -0.11069273]
  [ 2.46031403  0.76066419 -0.03201486]
  [ 0.59373154  1.19683819 -0.04306349]
  [ 1.81529981  1.65861969  0.0442437 ]
  [ 1.50079784  0.71002665 -0.55513652]]]
Experiment	23	-10.634546199134547	2.077515800865452	315022	6	[[[-0.89916545  1.3039961   1.03610967]
  [-1.66998191  2.03722974 -0.33235626]
  [-0.6233401   1.54903046 -0.00451751]
  [-1.84949766  1.94554797  1.02643482]
  [-1.69833157  1.14172096  0.20107184]
  [-1.14091166  2.49483889  0.51844852]]]
Experiment	24	-11.216873076052757	1.495188923947243	191499	8	[[[-0.62516477 -0.33218501 -1.30349581]
  [-0.36554061  0.59112122 -0.61010561]
  [ 0.90333464  0.23142449 -1.10210582]
  [ 0.06109808  0.53504765 -1.66899336]
  [ 0.18975307 -0.29751442 -0.54246366]
  [ 0.41750026 -0.63685694 -1.6344607 ]]]
Experiment	25	-10.161410215930754	2.5506517840692453	80828	8	[[[-0.87924479  0.03740943  1.31728991]
  [-0.87712012 -0.36160117  2.33039286]
  [-0.19145442  0.7342974   0.85365305]
  [-0.51181056  0.73881669  2.09678833]
  [ 0.04850192 -0.26717172  1.81869424]
  [-0.83962148 -1.20840924  1.64490437]]]
Experiment	26	-11.143704868589813	1.5683571314101865	209150	8	[[[ 0.58533005 -0.76685434 -0.56540217]
  [-0.0660533  -1.52709759 -1.06935429]
  [-0.26794116 -2.5        -0.61620059]
  [ 0.99190415 -1.91733109 -0.66087589]
  [-0.89382827 -1.57607449 -0.4151277 ]
  [ 0.11647287 -1.67326855 -0.01116107]]]
Experiment	27	-10.769396498557745	1.9426655014422547	472615	6	[[[-0.67309355 -0.33643516  1.36629954]
  [-0.19666475 -0.57455681  0.38385366]
  [-1.36900623 -0.62283074  0.45988878]
  [-1.27184462  0.45455146  0.89915947]
  [ 0.06579736  0.62282624  0.40085407]
  [-0.83036844  0.15401729 -0.14980646]]]
Experiment	28	-10.686541775158531	2.0255202248414683	492798	8	[[[-0.116779    1.34147792  1.0074783 ]
  [ 0.17571554  1.43264724  2.05921989]
  [-0.16732912  0.19511718  0.87414168]
  [-0.08990893  0.28104207  2.04618323]
  [ 0.77732421  0.73872525  1.40675444]
  [ 0.63551951  1.02321732  0.23584572]]]
Experiment	29	-11.172547819153273	1.5395141808467265	163534	7	[[[-2.50000000e+00 -1.02869863e+00  2.36362290e-01]
  [-2.10079035e+00 -4.83996924e-01  1.22380019e+00]
  [-2.18512049e+00  9.09599306e-04  1.09946894e-02]
  [-1.23421335e+00 -7.48525155e-02  6.66043553e-01]
  [-1.43911881e+00 -8.07495703e-01 -3.07922930e-01]
  [-1.37725500e+00 -1.24001152e+00  8.14345923e-01]]]
Experiment	30	-10.729966170302138	1.9820958296978617	303863	7	[[[ 1.38403596 -0.19767478  0.38194961]
  [ 0.31092799 -0.67583115 -0.53814828]
  [ 1.43027096 -0.75416323 -0.5913592 ]
  [ 0.71702122 -1.11591509  0.41231745]
  [ 1.05728634  0.2411349  -0.57014968]
  [ 0.44235308  0.25136527  0.43689385]]]
