Experiment	1	-11.35625114648877	1.3558108535112297	148538	8	[[[-3.91670476e-01  1.45362828e+00 -8.67108447e-01]
  [ 5.60481557e-02  9.02117312e-01  2.11564028e-04]
  [-1.02491987e+00  1.22014511e+00  1.23733809e-01]
  [-8.11051978e-01  1.07876903e-01 -2.18775442e-01]
  [-3.19584793e-01  4.11630096e-01 -1.28651063e+00]
  [-1.29095275e+00  8.82761841e-01 -9.59419934e-01]]]
Experiment	2	-10.881631773908765	1.8304302260912344	527488	8	[[[-1.13566592  1.86447323  0.14566023]
  [-0.05291209  1.23814065 -0.04421515]
  [-0.05367585  2.32800053  0.33274102]
  [-1.03285134  0.74566564 -0.30992634]
  [-0.85413376  1.03958553  0.84951362]
  [-0.70045751  1.64040716 -0.87105382]]]
Experiment	3	-10.67564503024046	2.0364169697595393	363166	8	[[[-1.70832253 -0.38960224 -1.48242931]
  [-1.18150179 -1.34072603 -1.65351491]
  [-2.35217031 -1.38046853 -1.33838812]
  [-1.96936509 -1.23013988 -2.4258088 ]
  [-1.7840386  -2.24047458 -2.038549  ]
  [-1.45761778 -1.85406313 -0.79970852]]]
Experiment	4	-10.936044841972885	1.7760171580271145	113628	8	[[[-0.06791887  1.88873822  0.64408464]
  [ 0.91399594  2.34760607  0.47105551]
  [ 0.8396798   1.25151862  0.25380736]
  [ 0.21294913  2.5         1.52740994]
  [-0.03863171  1.27183212  1.5381392 ]
  [ 1.00052838  1.7820413   1.3456145 ]]]
Experiment	5	-11.149945889583094	1.5621161104169055	8854	9	[[[ 0.94189729 -0.78558926 -0.58230294]
  [-0.1240384  -0.05378469 -0.90683886]
  [ 0.72234467  0.25040729 -0.16744063]
  [-0.131554   -0.76382305 -0.15522908]
  [ 0.70760026 -0.2638503  -1.56489084]
  [ 0.05834153 -1.14596792 -1.1626109 ]]]
Experiment	6	-10.197537933757166	2.514524066242833	285506	9	[[[ 1.39043613  1.90239303 -0.43765612]
  [ 1.93464044  0.62210485 -0.56098609]
  [ 0.66152512  1.27101207 -1.11149855]
  [ 2.02705877  1.49932759  0.40124288]
  [ 2.5         1.59974343 -0.57859166]
  [ 1.03209049  0.90856581 -0.0474498 ]]]
Experiment	7	-10.66157848042125	2.0504835195787496	381778	6	[[[ 0.71234141  1.12134274  0.03441415]
  [ 0.00449133 -0.08896296 -0.03422497]
  [ 1.15173888  0.33873405  0.61776681]
  [ 1.15157663 -0.30175118 -0.35108975]
  [ 0.64645533  0.54842687 -0.89634533]
  [ 1.64991087  0.7223847  -0.48938957]]]
Experiment	8	-11.01768874435283	1.6943732556471698	493888	7	[[[-2.18777287  0.16933291  0.29128316]
  [-2.49423574  1.20181338 -0.13986822]
  [-1.74549006  1.12168638 -0.85951111]
  [-2.5         0.280656   -0.82365509]
  [-1.39903041  1.04857278  0.19144573]
  [-1.20138822  0.28630732 -0.51510788]]]
Experiment	9	-10.710471259543516	2.001590740456484	442375	6	[[[ 1.08623867 -2.43193023 -1.28057816]
  [ 0.0239255  -2.02639292 -1.59821607]
  [ 0.851364   -1.18109715 -1.31818923]
  [ 0.02280907 -1.5239608  -0.56259719]
  [ 1.1030851  -1.573855   -0.36594873]
  [ 0.48556035 -2.5        -0.22866395]]]
Experiment	10	-10.419638081500814	2.2924239184991855	176713	9	[[[ 1.82412534  1.23857505  0.24827707]
  [ 0.88320612 -0.46321761  0.3534377 ]
  [ 1.58906205  0.23631913 -0.30913439]
  [ 0.69314878  0.25800943 -0.87439767]
  [ 0.78906038  0.76632337  0.06154363]
  [ 1.5023664   0.32764526  0.7882038 ]]]
Experiment	11	-10.60039969111656	2.1116623088834388	208574	7	[[[ 0.44529356 -0.73999375 -1.07701926]
  [ 0.19187325  0.25151937 -0.97886278]
  [-0.61047074 -0.53601726 -1.1891706 ]
  [-0.1420285  -1.11708373 -0.22774022]
  [-0.48204043 -0.02266744 -0.16932515]
  [ 0.52856915 -0.02973389  0.1448837 ]]]
Experiment	12	-11.093934761009882	1.6181272389901178	551438	7	[[[ 0.65946713  1.72052951 -0.19380241]
  [ 1.53008222  0.5173986  -0.12333747]
  [ 0.8600713   0.2969711  -1.01791255]
  [ 1.45043931  1.20770973 -0.96110779]
  [ 0.15029088  1.12385518 -1.09112309]
  [ 0.36979004  0.62353989 -0.05373961]]]
Experiment	13	-10.393380968638018	2.3186810313619812	49456	9	[[[ 1.17910258  1.93573316  0.39605722]
  [ 1.06420733  0.5853732  -0.01096076]
  [ 0.25343268  1.18040134  0.52132432]
  [ 1.45322841  1.0497161   1.0474255 ]
  [ 1.10303135  1.30577482 -0.83273118]
  [ 1.93834337  1.18970877  0.03650585]]]
Experiment	14	-10.658149192905185	2.0539128070948145	201655	7	[[[ 1.45839313  1.22277642  0.66161288]
  [ 2.5        -0.11238896  1.292564  ]
  [ 2.1123083   0.79527193  2.15270285]
  [ 2.5         0.93775057  0.90929347]
  [ 1.48753309  0.34449516  1.24541132]
  [ 2.02371499  0.1850619   0.20806715]]]
Experiment	15	-10.591418243152113	2.120643756847887	427709	6	[[[-1.58265579 -1.0489225  -1.19469368]
  [-1.17418674 -1.29140384 -0.16924351]
  [-2.25908979 -0.16379122 -1.38311136]
  [-2.26435895 -0.67158818 -0.33290671]
  [-1.27863137 -0.1890878  -0.68334513]
  [-0.53470571 -1.13142269 -1.17480726]]]
Experiment	16	-10.598602135229342	2.1134598647706575	357420	8	[[[-1.66209532 -1.35990104  0.25824029]
  [-0.47915152 -0.00415328  0.55878849]
  [-1.30841798 -0.2173106  -0.11353684]
  [-0.46084854 -1.03249925 -0.01409126]
  [-1.55391777 -0.2463932   0.9677037 ]
  [-0.78171577 -0.96782268  1.18132073]]]
Experiment	17	-10.90263783180576	1.809424168194239	271195	8	[[[-0.18785153  0.1646351  -1.6855639 ]
  [-0.60900869  1.06766122 -2.18252916]
  [-1.16879625 -0.40973435 -1.09565182]
  [-1.14353746  0.66071095 -1.16792827]
  [-0.34085899  0.08598797 -0.65398197]
  [-1.2792033   0.02026756 -2.12809198]]]
Experiment	18	-10.537658869424025	2.174403130575975	135819	7	[[[ 0.74492576  0.10632894 -0.76334178]
  [ 1.19347448  1.08252878 -1.07795815]
  [ 1.40834346 -0.45110527 -0.06078286]
  [ 1.66600728  0.66766101 -0.04073078]
  [ 1.82298662  0.19167155 -1.09216334]
  [ 1.79080318 -0.94036275 -1.08531504]]]
Experiment	19	-10.60487429466326	2.10718770533674	247029	7	[[[ 1.22571539 -0.68321566 -0.85341604]
  [ 0.37805837 -0.93486066 -1.65139404]
  [ 1.18349627  0.42215583 -0.83747687]
  [ 0.90384053  0.11314575 -1.8704119 ]
  [ 0.13870853 -0.05417299 -0.90628742]
  [ 1.8465957  -0.08171451 -1.49897247]]]
Experiment	20	-11.159659607735795	1.552402392264204	490506	8	[[[ 0.89680046 -0.04410064  0.92661713]
  [-0.16404356  0.28723961  1.00649349]
  [ 0.22091478 -0.14744023  1.85141075]
  [ 0.77351845 -1.04900865  1.41127789]
  [ 0.4714892  -0.91871564  0.29319202]
  [-0.28399786 -0.89756182  1.115416  ]]]
Experiment	21	-10.776356777427942	1.9357052225720572	290690	8	[[[-1.11540519  0.79039944 -2.46701955]
  [-1.17119737  0.38325239 -1.37808046]
  [-0.17590633  0.95068068 -1.82217749]
  [-0.66569053 -0.78952889 -1.23800171]
  [-0.60256722 -0.16741958 -2.18884899]
  [ 0.11310215 -0.02006252 -1.2305958 ]]]
Experiment	22	-10.886537439713731	1.8255245602862686	113932	8	[[[ 1.6551933  -0.04893036  1.30374315]
  [ 1.41753974  0.58379971  0.3508429 ]
  [ 2.22059434 -0.11121145  0.18817015]
  [ 1.34052711 -0.08980315 -0.53020376]
  [ 1.16516385 -0.47845362  0.43654226]
  [ 2.17858417  0.9816897   0.9789131 ]]]
Experiment	23	-10.587849629295995	2.1242123707040044	54059	9	[[[ 0.88485686  1.46510154 -0.66700304]
  [ 1.56625768  0.42340193 -0.74069573]
  [ 1.78006184  1.1416919   0.09437379]
  [ 1.20263542  0.25907245  0.33543758]
  [ 0.48475553  1.00206917  0.51288328]
  [ 0.41502223  0.34434256 -0.47586831]]]
Experiment	24	-10.486385436151018	2.2256765638489817	191939	8	[[[-0.88767585 -1.33531093 -0.89709624]
  [ 0.1677872  -1.42961464 -1.41591476]
  [ 0.30067053 -1.72749427 -0.35017639]
  [-0.64387128 -0.62560282 -1.73177335]
  [ 0.15022681 -0.63778    -0.72059342]
  [ 1.18765491 -1.11052536 -0.86392995]]]
Experiment	25	-11.124485900593681	1.5875760994063182	132751	7	[[[-1.152261   -0.21529821  0.5190022 ]
  [-1.07258176  0.45110798  1.5603014 ]
  [-0.19072236 -0.54475766  0.32258176]
  [ 0.00448495  0.75975508  1.69638111]
  [-0.28759021 -0.34078865  1.37806786]
  [-0.30779815  0.52659089  0.60379158]]]
Experiment	26	-10.668311130684872	2.0437508693151276	585856	7	[[[ 1.59334241  1.43371147 -0.43501822]
  [ 1.28749655  2.5        -0.93626466]
  [ 0.93382173  0.68234992 -0.79942341]
  [-0.01607669  1.36366731 -1.2317147 ]
  [ 0.5784555   1.8478955  -0.32906885]
  [ 1.14389269  1.48199354 -1.50946046]]]
Experiment	27	-10.861575380239648	1.8504866197603516	303361	7	[[[ 0.70160335 -0.36687244 -0.56607282]
  [ 0.36851172 -0.16379005 -1.62420266]
  [-0.55686007  0.3037181  -1.47689214]
  [-0.40640714 -0.01828047 -0.43876345]
  [ 0.35544643  0.80124607 -0.70389383]
  [-0.37809492 -0.80770953 -1.20435667]]]
Experiment	28	-10.054064060271855	2.657997939728144	393894	6	[[[ 0.44348982  0.29494107 -0.98745228]
  [-0.13941692  0.14883878  1.0003723 ]
  [-0.82302568 -0.63718675  0.54572763]
  [-0.17685282 -0.50294675 -0.49081912]
  [ 0.45858914  0.33639599  0.11947142]
  [-0.69808512  0.29124064 -0.03533208]]]
Experiment	29	-10.967138184253836	1.744923815746164	184453	8	[[[-2.5         0.4506455   0.33766833]
  [-1.60857077  0.09546752  1.00171057]
  [-1.47715203 -0.92179807  1.28690701]
  [-1.36793595  0.40621207 -0.13663958]
  [-1.86201493 -0.6056949   0.1430167 ]
  [-2.47627101 -0.5233697   1.07492065]]]
Experiment	30	-10.882711736619559	1.8293502633804408	312213	8	[[[-1.35219887 -0.84733967  0.6787467 ]
  [-1.22752158 -2.04371601  1.01753159]
  [-0.36460663 -1.4042228   0.27841939]
  [-1.17386715 -0.96751559  1.74178492]
  [-0.25339157 -0.61014443  1.16375479]
  [-0.2530257  -1.72646854  1.37705454]]]
