Experiment	1	-9.551157100327845	3.160904899672154	108903	9	[[[ 1.4910992   1.44705312  0.98128007]
  [ 1.95273043 -0.27696127  2.11385686]
  [ 2.5         1.23543736  1.22532947]
  [ 2.5         0.75296126  2.5       ]
  [ 2.08941375  1.79055319  2.09082397]
  [ 1.51095637  0.79291707  1.92766966]]]
Experiment	2	-9.533033075472241	3.179028924527758	290215	9	[[[ 0.17400906  2.05465681 -0.09355719]
  [ 1.15916392  1.67155793 -0.991675  ]
  [ 1.51444418  1.90763549  0.15835658]
  [ 2.04941913  1.02035009 -0.25769001]
  [ 0.94995051  1.34364782  0.96484687]
  [ 0.96066404  0.99210876 -0.15161975]]]
Experiment	3	-9.499035326832606	3.213026673167393	167071	7	[[[ 1.05326973  1.31961187  0.36196117]
  [-0.52774515  1.02393054  1.34321577]
  [ 0.65425691  2.07861776  0.9937364 ]
  [ 0.43512344  1.27289104  1.71109191]
  [ 0.48057885  0.40331237  0.82114537]
  [-0.16163403  1.22229919  0.30735048]]]
Experiment	4	-9.711891998632414	3.000170001367586	74683	8	[[[-0.10839916  2.06966905  0.95989607]
  [-0.20966388  2.37859366 -0.29844487]
  [-0.57136683  1.57593777 -1.05452201]
  [-0.07666274  1.30436078  0.14647129]
  [-0.86754832  1.05057293  1.04114117]
  [-1.03064723  1.97453121  0.21381033]]]
Experiment	5	-9.779830411390863	2.9322315886091364	293834	8	[[[-0.70280014 -2.32793743 -2.26507195]
  [-1.43142351 -2.49553305 -1.31568366]
  [-2.22032143 -1.52874835 -1.11697691]
  [-1.44659511 -1.57144587 -2.10793901]
  [-0.91902551 -1.55606858 -1.16035873]
  [-1.59031629 -1.66054041 -0.21927616]]]
Experiment	6	-10.159825827536784	2.552236172463216	319442	8	[[[-0.11835425 -0.57390314 -1.24857983]
  [-0.98502392  0.06927718 -0.64144622]
  [-0.19022986  0.53446875 -1.26371338]
  [-1.18456665 -0.91622643 -0.10522071]
  [-0.1911918  -0.40679136 -0.07320357]
  [-1.24645947 -0.9002678  -1.14156233]]]
Experiment	7	-10.48700627750585	2.225055722494149	452130	7	[[[ 1.88639527e-01 -9.31590403e-01  1.82251962e+00]
  [ 6.32904158e-01 -1.08050468e-01  8.24932857e-01]
  [-3.26808869e-01  4.37109701e-01  3.03420752e-01]
  [-1.86051407e-03  7.83097001e-01  1.28954435e+00]
  [-4.90134531e-01 -2.69719798e-01  1.18759737e+00]
  [ 3.51652914e-01  7.84538884e-02  2.08590083e+00]]]
Experiment	8	-9.646020694346012	3.0660413056539877	258473	8	[[[ 0.56683222  1.95380728 -1.05777321]
  [ 0.38015316  1.68778972 -2.09652023]
  [ 0.19284635  0.94627734 -0.81446463]
  [-0.22150503  1.80369299 -0.30405564]
  [ 0.89122788  1.42258623  0.07009936]
  [-0.59795363  1.99452639 -1.4183055 ]]]
Experiment	9	-9.825537402042421	2.886524597957578	350469	8	[[[ 0.1578927  -2.5         1.84047099]
  [ 0.47798401 -1.49903732  1.37947181]
  [-0.60359325 -1.21250605  1.79994704]
  [-0.87122213 -2.5         2.25913349]
  [-0.66725632 -2.20819406  1.13916485]
  [ 0.44813159 -2.5         0.69267523]]]
Experiment	10	-9.75126068334547	2.96080131665453	312952	6	[[[ 0.70871572 -1.51591685 -1.49693326]
  [ 2.5        -1.91498555 -1.17151935]
  [ 1.5533627  -1.48497958 -0.70754522]
  [-0.03988599 -0.559829   -1.32904084]
  [ 1.11730078 -0.52439972 -1.18896881]
  [ 1.77006301 -1.22189497 -1.70306091]]]
Experiment	11	-9.674311478695012	3.0377505213049876	598336	8	[[[-0.60623307 -2.4275574   1.01316268]
  [-1.78337302 -2.18750383  0.84399201]
  [-0.32315788 -1.34331002  0.98485256]
  [-1.1492443  -1.72471396  1.77510626]
  [-1.44580241 -1.11915324  0.45762404]
  [-0.53114531 -1.61220197 -0.03660387]]]
Experiment	12	-10.341327434201423	2.3707345657985766	357476	9	[[[-0.88246004  0.82110004  1.14676987]
  [-1.30596277 -0.19056919  1.05721971]
  [-1.63070893  1.58807891  1.17095515]
  [-1.81003309  0.7954459   1.83283239]
  [-2.4631239   0.00924247  1.12833542]
  [-1.78996528  0.62889817  0.62687216]]]
Experiment	13	-9.590686889718569	3.1213751102814307	43506	9	[[[-0.39180093  0.58121185 -0.45827917]
  [-0.99085314  0.52539941  0.59569651]
  [-0.06493779 -0.89446092  0.96751663]
  [ 0.12295468 -0.19011389  0.14098669]
  [-0.94089435 -0.29133134 -0.12594534]
  [-0.16527545 -1.16302253 -0.1590238 ]]]
Experiment	14	-10.167403903897412	2.5446580961025873	410284	7	[[[-0.50914632 -0.7709671   1.18791656]
  [-0.41849389 -1.87596536  2.5       ]
  [ 0.48628089 -1.34062276  1.42220388]
  [-0.35269032 -0.69948313  2.32945461]
  [ 0.51778319 -1.29160269  2.5       ]
  [ 0.64966226 -0.34796287  1.87753362]]]
Experiment	15	-9.826668846404111	2.8853931535958885	577049	7	[[[-0.25991869 -1.82967833  1.41889437]
  [ 0.3311867  -1.53873752  2.5       ]
  [-0.41598682 -0.67029723  1.85604261]
  [ 0.74434225 -1.22931231  1.5540299 ]
  [ 0.47969693 -0.36366761  2.5       ]
  [ 1.4537664  -1.28260348  2.48080898]]]
Experiment	16	-10.110825412506335	2.6012365874936645	229184	8	[[[-2.16064395  1.33533709 -2.35813027]
  [-0.54521928  0.98987179 -1.4444193 ]
  [-1.66154609  0.64696667 -1.31035997]
  [-1.14634675  1.22937717 -2.5       ]
  [-1.75017199  0.22743731 -2.49294408]
  [-1.45463758  1.67619873 -1.54060887]]]
Experiment	17	-10.182327990518827	2.5297340094811727	83307	8	[[[ 1.40664885 -2.44663627  1.23253367]
  [ 1.48354139 -0.81942532  0.7232547 ]
  [ 0.69146164 -1.72231775  0.57135709]
  [ 2.5        -2.35591957  1.38644408]
  [ 1.97187685 -1.40252642  1.52494301]
  [ 2.00368087 -1.73394386  0.53055638]]]
Experiment	18	-9.847674123816498	2.8643878761835015	117549	9	[[[ 1.31351074 -1.3906024  -1.27633712]
  [ 1.12072335 -2.33718145 -1.79462541]
  [ 0.95149247 -0.69536774 -2.1959319 ]
  [ 1.70350233 -1.59559667 -2.24238255]
  [ 2.43206132 -1.90989308 -1.39122768]
  [ 1.96827491 -0.51628137 -1.72721832]]]
Experiment	19	-9.741246802945234	2.9708151970547654	287623	8	[[[ 0.8538578  -1.11430171  0.33263066]
  [ 0.55762516 -2.28211456  0.01386395]
  [ 0.10821409 -1.37065628 -0.49905742]
  [ 1.20275515 -1.5149107  -0.61956045]
  [ 0.00998887 -1.99591281  1.02271593]
  [ 1.3884949  -1.90811901  0.91562954]]]
Experiment	20	-9.386137282695893	3.3259247173041064	276591	7	[[[-0.76849276  2.5         0.44928867]
  [-1.24645441  1.59342241 -0.31133221]
  [-2.42146512  2.2620685   0.77304965]
  [-2.33026386  1.50936358 -0.21706462]
  [-1.51144392  1.33098464  0.76302552]
  [-1.913839    2.5        -0.15355445]]]
Experiment	21	-10.041393189944708	2.6706688100552913	80787	8	[[[ 0.34613945 -1.4406256   0.51867822]
  [ 1.04863253 -2.12874929 -0.02818766]
  [ 1.09551478 -1.00239097 -0.48882562]
  [ 1.6229404  -1.40622273  0.6455415 ]
  [ 1.66687227 -1.96138947 -0.95993205]
  [ 0.53994789 -1.77927674 -1.01284696]]]
Experiment	22	-10.276342069276176	2.435719930723824	579577	8	[[[ 0.46237441  1.83720754  0.99901714]
  [ 0.21570869  0.85990107  1.4907036 ]
  [-0.41924251  0.13668288  0.3373864 ]
  [ 0.59863937 -0.14197791  0.87128615]
  [ 1.21022663  0.73137854  1.01505693]
  [ 0.43623316  0.91823658  0.28137345]]]
Experiment	23	-9.98345147997927	2.7286105200207302	184223	6	[[[ 2.36951413  0.52985639 -1.65334944]
  [ 2.5         0.82371185 -0.59508313]
  [ 1.41531227  1.58026613 -2.28458715]
  [ 1.66058873  0.48639464 -2.5       ]
  [ 1.32699321  0.93742286 -1.3872896 ]
  [ 2.18807874  1.6188374  -1.59913093]]]
Experiment	24	-9.62019458047543	3.0918674195245703	167887	8	[[[-1.2029614  -0.01673094  0.97752986]
  [-1.70923117  0.46927588  1.95189333]
  [-2.1612038   0.65438505  0.89342488]
  [-0.96338002  0.98904093  1.09876228]
  [-1.05272545  2.06131513  0.56775571]
  [-1.81819889  1.62579103  1.46650938]]]
Experiment	25	-10.138235011903143	2.5738269880968563	390999	8	[[[ 0.13857828 -0.87072128  0.21647839]
  [ 0.71580534 -0.69442908  1.23271614]
  [-1.35072579 -0.72276329  1.25121838]
  [-0.33089237 -0.19048118  1.04272958]
  [-0.25661796 -1.36389447  1.19247085]
  [-0.10352713 -0.56615547  2.17376555]]]
Experiment	26	-10.911249421527895	1.8008125784721045	268931	8	[[[-1.43621645  0.35485949 -2.49868209]
  [-1.45893848 -0.71048641 -0.89470615]
  [-0.42421435 -0.80206862 -1.29696829]
  [-1.26683197 -0.70102649 -2.08707835]
  [-2.10510058 -0.0943697  -1.48233848]
  [-0.89049267  0.13693084 -1.41438002]]]
Experiment	27	-10.311560557232722	2.4005014427672773	317661	8	[[[-0.7517451   0.81310762  0.30881258]
  [-1.5090219   1.68906849  0.86375675]
  [-2.40235383  1.44212932  0.16393345]
  [-1.45139853  1.35299192 -0.53133927]
  [-1.80726218  0.656449    0.780902  ]
  [-0.68713533  1.909215    0.09333794]]]
Experiment	28	-9.6227069078708	3.0893550921291997	396563	6	[[[-0.51802424  0.74634392 -1.87981509]
  [-1.42151889  0.17515482 -1.45285263]
  [-0.88074694 -0.20456969 -2.29026424]
  [-0.70545614  0.72533383 -0.69808227]
  [-0.7256702  -0.97740039 -1.11420759]
  [-0.06803825 -0.13193009 -1.53186364]]]
Experiment	29	-9.963843727499935	2.748218272500065	467105	9	[[[-1.33632902  0.05322504 -0.79483608]
  [-2.05660391  0.46990415 -1.43436888]
  [-1.14910881  1.02887881 -1.37181872]
  [-2.34802327  0.5758414   0.32964267]
  [-2.43972353 -0.09910403 -0.48067223]
  [-1.8245932   1.03457359 -0.43331195]]]
Experiment	30	-9.492923776080517	3.219138223919483	338377	9	[[[-0.97049884  1.69067581  1.36289141]
  [-1.47503053  2.5         0.77351684]
  [-2.01131573  1.47109513  1.36416112]
  [-1.99178304  1.4445504   2.5       ]
  [-1.51069018  2.40762565  1.99748869]
  [-2.12568153  1.75620632  0.3511146 ]]]
