Experiment	1	-9.82874971253341	2.8833122874665893	85833	8	[[[-0.93122921  0.3157247   0.94950226]
  [-0.73315998 -0.70583092  0.6845332 ]
  [-1.56631797 -0.32373846  1.51464193]
  [-0.76381376  1.08739307  1.81091127]
  [-1.22065256  0.2467053   2.5       ]
  [-0.3266787  -0.0025942   1.86373216]]]
Experiment	2	-9.753315448465573	2.9587465515344267	450961	8	[[[-0.93237309 -0.95269125  0.21955955]
  [-0.09017104 -1.60537397 -0.00910648]
  [-0.61020162 -2.11078019  0.91450674]
  [-1.0284796  -1.98866753 -0.08162602]
  [-1.6535224  -1.73365805  0.78093293]
  [-0.33279555 -2.5        -0.72158746]]]
Experiment	3	-10.323493138134777	2.388568861865222	271727	8	[[[-0.14718794  0.69413993 -0.15691978]
  [ 0.06530796 -0.17435794  0.64547425]
  [ 0.63858276  1.17473692 -0.75686153]
  [ 0.02793055 -0.31882809 -0.56286514]
  [ 0.82339484  0.35544135 -0.01935814]
  [ 0.42199328  0.95327762  0.71667615]]]
Experiment	4	-9.838824340784758	2.873237659215242	420864	5	[[[-0.32013851 -1.42646619 -1.19489295]
  [ 0.59029665 -0.04925392 -0.97592657]
  [ 0.36399576 -0.99124956 -0.22665833]
  [ 0.75680916 -1.04489042 -1.32890939]
  [ 1.53296231 -0.6685528  -0.46318899]
  [-0.40698849 -0.50151241 -0.69665972]]]
Experiment	5	-9.843002505404684	2.869059494595316	255686	7	[[[ 1.16563839 -0.1809469  -0.58142683]
  [ 0.77406679 -1.9576179  -1.08645729]
  [ 1.1861761  -0.2566169   0.56239776]
  [ 1.7708406  -1.03854907 -0.06543392]
  [ 0.55257047 -1.05957363 -0.25686486]
  [ 1.54005572 -1.12499343 -1.20565389]]]
Experiment	6	-10.102291427661433	2.609770572338567	566397	7	[[[-0.1331418   1.8232026   0.91783409]
  [-0.19231807  0.67168684  0.99240091]
  [-1.00762007  1.23804693  0.614356  ]
  [-0.64296174  1.77052383  1.8554462 ]
  [ 0.21473411  1.07180974  1.84821565]
  [-0.88163758  0.73462524  1.72629117]]]
Experiment	7	-9.801197106624834	2.910864893375166	101777	8	[[[ 1.14331395  0.45502684 -0.12999949]
  [ 1.82350865 -0.25132049 -1.81900386]
  [ 1.85570597  0.59494484 -1.01306673]
  [ 0.84512175 -0.10800842 -1.13737535]
  [ 1.54527889 -0.54694098 -0.27635462]
  [ 2.5        -0.04610513 -0.42009639]]]
Experiment	8	-9.968975462029592	2.7430865379704077	292493	7	[[[ 1.28691884  1.9332962   0.84344033]
  [ 1.98647954  0.98827753  0.72954765]
  [ 2.17178242  1.90684666  0.04063183]
  [ 2.24937434  1.94479617  1.19524308]
  [ 1.11333423  2.35731925 -0.58783896]
  [ 1.13722408  1.38156565 -0.12611055]]]
Experiment	9	-9.913240251163849	2.7988217488361506	376133	8	[[[ 2.5         0.16414933  2.08418354]
  [ 1.47707342 -1.19027314  1.1431949 ]
  [ 1.70743521 -0.71420464  2.07469039]
  [ 1.48218763  0.37085531  2.32991464]
  [ 1.76654059  0.55242577  1.3068494 ]
  [ 2.19054713 -0.40437061  1.18750661]]]
Experiment	10	-9.61616720468165	3.0958947953183493	70395	8	[[[-2.49844032  0.61859821 -0.25729858]
  [-2.19982654  0.56784313 -1.35983897]
  [-1.0418547   0.53836965 -1.23491282]
  [-1.49768455  0.8385088  -0.22918205]
  [-1.1647496   1.65503038 -1.1768271 ]
  [-1.88104311 -0.20537655 -0.54543749]]]
Experiment	11	-10.229506859002477	2.4825551409975226	592260	7	[[[ 0.83462361  0.94655101  0.30445453]
  [ 0.21131474  0.79689661  1.32050866]
  [ 0.96176324  1.75516104  1.19823705]
  [ 1.56386156  0.72966247  1.1294493 ]
  [ 0.75286864 -0.10496766  1.02997931]
  [-0.1316891   0.32357568  0.1942265 ]]]
Experiment	12	-9.764394891054543	2.9476671089454562	94665	9	[[[ 0.21507013  2.1738171  -1.35345516]
  [ 0.79013932  2.5        -0.39228853]
  [ 0.90076622  1.33802171 -0.77786398]
  [ 0.45567969  1.27738032  0.20688837]
  [ 1.8646862   2.0013468  -0.47244041]
  [ 1.29439712  2.13949533 -1.50643149]]]
Experiment	13	-10.044196723841493	2.6678652761585067	117840	8	[[[-1.10528407  1.08222817  0.96059288]
  [-1.00448283  1.65895141  0.00828779]
  [-1.23094796  0.47855126  0.09749469]
  [-1.04240315 -0.08233011  1.22657205]
  [-0.11292759  0.85830409  1.47799777]
  [-0.15349043  0.74262981  0.38064246]]]
Experiment	14	-9.468468830748007	3.2435931692519926	497360	7	[[[-0.60396906  1.67931997 -1.00018781]
  [-0.87679359  0.66652889 -0.21959694]
  [-0.79541173  2.5        -0.38929566]
  [-1.68334321  1.98643789 -0.72206792]
  [-1.77620391  1.17367382  0.17424094]
  [-0.84182274  1.62946666  0.29873843]]]
Experiment	15	-10.398522820750136	2.3135391792498634	402634	6	[[[ 2.37001523 -1.35901318  2.5       ]
  [ 2.5        -2.00166021  1.59206077]
  [ 1.38084355 -0.81581875  2.5       ]
  [ 1.14205673 -1.87344475  2.05285179]
  [ 1.93877474 -2.5         2.5       ]
  [ 1.90425742 -0.9924616   1.48033562]]]
Experiment	16	-10.172056226698269	2.540005773301731	511247	8	[[[ 0.22735945 -0.34866926 -0.03503652]
  [ 1.15337994 -0.36031565  0.62183783]
  [ 1.09237344 -1.03865536 -0.15360463]
  [ 1.06291429  0.2118073  -0.54420296]
  [ 0.61889022  0.70305464  0.37040107]
  [ 0.29541354  0.08632748  1.29849528]]]
Experiment	17	-10.03190965195389	2.680152348046109	193191	8	[[[ 2.17314159 -0.70908635 -0.39610879]
  [ 1.94953643  0.35369807 -0.76039717]
  [ 1.34665657  0.24594844 -1.71375533]
  [ 1.30082737 -0.7344393  -1.14556777]
  [ 0.95359043  0.79883012 -0.84467061]
  [ 2.18310344 -0.54010706 -1.67446905]]]
Experiment	18	-9.848294251539652	2.863767748460347	588717	6	[[[ 1.73930136  0.61074593  2.07323681]
  [ 1.1219683  -0.20692381  2.5       ]
  [ 1.66607643 -0.47434977  1.51240789]
  [ 2.19134757 -1.13688298  2.29339936]
  [ 2.48750895 -0.09759551  2.5       ]
  [ 0.81674092  0.10216676  1.50293958]]]
Experiment	19	-9.741863979087164	2.970198020912836	69336	8	[[[-2.5        -1.49767216  0.42232849]
  [-1.52131442 -1.61236056  0.94741045]
  [-2.24681994 -0.36296181  2.38827417]
  [-2.5        -1.84914145  1.50146611]
  [-1.51477854 -1.56150724  2.09120382]
  [-2.3142082  -0.81194221  1.40430242]]]
Experiment	20	-9.480075166955295	3.2319868330447044	327014	7	[[[ 0.91958266  2.5         1.48337204]
  [-0.17831263  2.06471259  2.30009598]
  [ 0.75194619  2.47717203  0.25952998]
  [-0.75952379  1.62958245  1.34970726]
  [-0.0956318   2.5         1.06474037]
  [ 0.31757441  1.47717001  1.04266849]]]
Experiment	21	-9.883404337917792	2.8286576620822075	308666	8	[[[ 0.55082444 -0.08227068  0.61556184]
  [ 2.05017318 -0.03811877  0.05621015]
  [ 1.43295855  0.98119382 -0.58276327]
  [ 1.30388583  0.82582633  0.46724314]
  [ 2.36030486  0.96109057  0.01939321]
  [ 0.90237654  0.03941524 -0.37933214]]]
Experiment	22	-10.121026501760344	2.5910354982396555	446313	8	[[[ 0.99126695 -1.53758359  0.85316805]
  [ 1.29547426 -1.38940879  1.93710036]
  [ 1.21346505 -0.16342333  1.47172499]
  [ 2.10342563 -0.90236284  1.4017714 ]
  [ 1.68230438 -0.43646118  2.5       ]
  [ 2.24210555  0.17370692  1.72987529]]]
Experiment	23	-9.163918831089518	3.5481431689104816	389780	7	[[[-2.26008282 -2.08553123  0.41465942]
  [-2.07351237 -1.74500658  1.53634486]
  [-1.77685018 -1.27597273 -0.2550624 ]
  [-2.5        -0.95199063  0.75612095]
  [-0.96636465 -2.04721758  0.45930692]
  [-1.25729728 -0.89547811  0.79351291]]]
Experiment	24	-9.802299933275458	2.909762066724541	215613	9	[[[ 0.74893405 -0.32292026  1.60976401]
  [ 1.20480774 -0.60197885  2.49357298]
  [-0.07104922 -0.6976252   2.5       ]
  [ 0.61296601  0.31848     2.5       ]
  [-0.58844743 -0.58376329  1.54623761]
  [-0.46621574  0.27556193  2.25780992]]]
Experiment	25	-10.688133633477642	2.023928366522357	133548	8	[[[-0.29466375 -0.66617965 -0.32243823]
  [-0.61694477 -1.97841194 -1.72559167]
  [-1.36206376 -2.2250631  -1.00779241]
  [-0.37218063 -1.86616581 -0.47310805]
  [ 0.01042637 -1.21243736 -1.2969801 ]
  [-1.10684994 -1.00897299 -1.07967984]]]
Experiment	26	-10.196250435438728	2.5158115645612718	107346	8	[[[0.59049363 0.5700045  1.7856358 ]
  [1.42508611 1.53680891 2.5       ]
  [0.77971257 1.71009427 1.59577486]
  [1.71678548 1.10557149 1.33514125]
  [2.30308583 0.99493075 2.22083158]
  [1.42558782 0.4136218  2.5       ]]]
Experiment	27	-9.540101341736294	3.171960658263705	459396	8	[[[ 1.20052907 -1.58374927  1.63987686]
  [-0.21186838 -1.11953084  1.34442834]
  [ 0.79892453 -0.5964814   1.59810889]
  [ 0.83116693 -1.09576542  0.69020978]
  [ 0.05842497 -0.27962499  2.33045072]
  [ 0.32006787 -1.31907959  2.5       ]]]
Experiment	28	-9.535732180307063	3.1763298196929366	190963	8	[[[ 0.41864678  2.20529323 -0.24053589]
  [-0.15539817  2.21040171  0.89468196]
  [ 0.22329748  0.91184144  0.34117735]
  [-0.75758973  2.47758779 -0.13128309]
  [-0.53122564  1.53753964 -0.72001526]
  [-0.87468182  1.44959148  0.35379517]]]
Experiment	29	-9.897879529541408	2.814182470458592	406713	6	[[[-0.34667906  0.439325   -2.25897983]
  [ 0.08559124  0.83438053 -0.5403649 ]
  [-1.01104303 -0.12062881 -1.3620237 ]
  [ 0.15896635  0.03870727 -1.3501165 ]
  [ 0.26013636  1.1663082  -1.58510748]
  [ 0.71013054  0.37203717 -2.32027694]]]
Experiment	30	-10.236593555705147	2.4754684442948527	397664	8	[[[ 0.84992474 -1.48703337  1.18121832]
  [ 1.10340641 -0.80733181  0.30586929]
  [ 1.72623932 -1.84707344  0.55153872]
  [ 1.81250461 -1.00347641  1.21458672]
  [ 1.26215297 -2.5         1.53908444]
  [ 2.33839643 -0.87091497  0.3052957 ]]]
