Experiment	1	-10.841449680531822	1.8706123194681776	72041	8	[[[ 0.72490393 -0.08612545  0.03771827]
  [-0.30876493  0.18207442 -0.70150475]
  [ 0.09559738  1.09618123 -1.1934122 ]
  [ 0.7544071   0.13748629 -1.11876416]
  [-0.44933255  1.25307156 -0.30548252]
  [ 0.64734324  0.9242494  -0.21422772]]]
Experiment	2	-10.943344039432661	1.7687179605673382	239833	8	[[[-0.1671223   1.36720548 -1.18253369]
  [-1.1424271   2.5        -1.00015884]
  [-1.19902568  1.53483254 -1.70665936]
  [-1.22085507  1.46969727 -0.55802931]
  [-0.07838216  2.5        -1.37336433]
  [-0.41862221  2.06431652 -0.27126924]]]
Experiment	3	-10.560166602427703	2.1518953975722965	199157	8	[[[ 0.01139799 -0.03903164 -0.99986595]
  [-1.17508945  0.01614018 -1.2026928 ]
  [ 0.09091651 -1.15480274 -0.95947721]
  [-1.4791176  -1.11667097 -1.231977  ]
  [-0.87577785 -0.7814933  -0.35588979]
  [-0.51393752 -0.57464799 -1.80687653]]]
Experiment	4	-10.784795269465658	1.9272667305343418	376387	7	[[[-0.69663318  0.64144921 -0.38667675]
  [ 0.26828968  0.65859175  0.81343747]
  [-0.80628975  1.24177458  0.59374809]
  [-0.59528659  2.08209687 -0.10039129]
  [ 0.23362662  1.26387962 -0.12275638]
  [ 0.03526327  1.84240247  0.91239432]]]
Experiment	5	-10.664654396142408	2.0474076038575912	368210	7	[[[-0.97957406  0.91822711 -0.91974664]
  [-0.0849149   0.12478899 -1.18864356]
  [-0.79826302  0.09329041 -0.31233515]
  [ 0.16370823  1.2746554  -0.79735952]
  [ 0.19107912  0.46975108 -0.14587305]
  [-0.79223189  1.10846212  0.1975009 ]]]
Experiment	6	-10.83659668678341	1.8754653132165888	72256	8	[[[ 0.0917455   0.49008662  0.23303442]
  [-0.88584705  0.41844294 -0.3032454 ]
  [-0.581134   -0.57831482  0.04079118]
  [ 0.53625532 -0.4966811  -0.26378944]
  [-0.69154652 -0.474823   -1.00699075]
  [ 0.10566217  0.35153939 -1.00263406]]]
Experiment	7	-10.69788892192817	2.0141730780718294	225749	7	[[[ 1.23016029  0.13591566  2.17007793]
  [ 0.20901688 -0.30938295  2.5       ]
  [ 0.50104984 -0.31221515  1.36305486]
  [ 1.29558516 -0.92833628  2.1202656 ]
  [-0.41670865 -0.79544277  1.69072892]
  [ 0.3287463  -1.3733231   2.31207277]]]
Experiment	8	-10.813627652612876	1.8984343473871235	185316	8	[[[ 1.42098371  0.24956136 -0.42869723]
  [ 0.75437969  0.67739885  0.65755564]
  [ 0.30715472  0.65647753 -0.40089195]
  [ 1.93772968  0.67825698  0.50536666]
  [ 1.27136365  1.45207446  0.06154374]
  [ 1.25086819 -0.30994955  0.55569531]]]
Experiment	9	-10.837730054308999	1.8743319456910008	149650	7	[[[-2.15549878 -0.11052588  0.90281154]
  [-1.61782663  0.93484122  2.17858948]
  [-1.23488749 -0.70944827  1.22320147]
  [-0.86371793 -0.07986773  2.07076721]
  [-1.96821364 -0.20854738  2.06409481]
  [-1.38655425  0.51658561  1.23631469]]]
Experiment	10	-10.606286143691685	2.1057758563083144	402530	7	[[[ 0.77903996 -2.39685112  1.53172061]
  [ 0.00959825 -1.6450841   1.66520462]
  [ 0.68144433 -1.30005955  2.45975897]
  [ 0.18198448 -0.57382612  1.74574772]
  [ 0.93868755 -1.28242336  1.21854305]
  [-0.52395507 -1.26698748  2.5       ]]]
Experiment	11	-10.889888668640463	1.8221733313595365	465701	6	[[[ 0.75226754  1.20887479 -0.64056921]
  [ 0.63129628  1.14489016 -1.87176297]
  [ 1.49877126  0.61001124 -2.38094443]
  [ 1.24085634  0.38268036 -1.26034   ]
  [ 0.14678356  0.20754049 -1.00592072]
  [ 0.52895526  0.10796887 -2.18970834]]]
Experiment	12	-10.085612305181918	2.6264496948180813	139988	8	[[[-1.33872143  0.45780111 -0.9184994 ]
  [-2.3169485   0.11862427 -0.93483352]
  [-0.81725982  1.40259217 -0.37520422]
  [-1.97840933  1.15287597 -0.4757342 ]
  [-1.3828514  -0.50385998 -0.44491292]
  [-1.34649558  0.45348354  0.18969286]]]
Experiment	13	-10.439130285306934	2.2729317146930654	63791	8	[[[ 1.30173365  0.63005196  0.32009898]
  [ 1.06424103 -0.72160658 -0.32000546]
  [ 2.0114051  -0.20571301  0.16897406]
  [ 0.42033282  0.21899877 -0.12356989]
  [ 1.52987842  0.23186414 -0.7496464 ]
  [ 0.8301737  -0.05473042  0.95056485]]]
Experiment	14	-10.436598193020398	2.2754638069796016	350680	9	[[[-1.16534696  1.67259778  0.55705601]
  [-0.69383993  0.78029202  0.91566743]
  [-0.74956451  1.73407343 -0.51358957]
  [-1.30619299  0.77030729  0.0235276 ]
  [-0.03655616  1.62496581  0.48709426]
  [-0.33106019  0.75316977 -0.0973118 ]]]
Experiment	15	-11.143176948661008	1.5688850513389916	409444	9	[[[-0.15645334  1.48544389  0.70981384]
  [ 0.72298301  1.14622158 -0.28600402]
  [ 1.00903399  1.27054672  0.77354169]
  [-0.37525746  1.56952406 -0.45569658]
  [-0.20346819  0.59637778  0.05485823]
  [ 0.47968061  2.21535629  0.21052787]]]
Experiment	16	-11.22135192580344	1.49071007419656	26300	9	[[[-0.30623386 -2.07678844  0.03095501]
  [ 0.33353444 -1.38286549 -0.50166789]
  [ 0.38626041 -1.18592582  1.31335407]
  [ 0.65548729 -1.96275585  0.40227211]
  [-0.18231436 -0.95090088  0.35847097]
  [ 0.92753909 -0.8470255   0.35324945]]]
Experiment	17	-10.748671786830249	1.9633902131697507	437422	8	[[[ 0.03492773  1.14843934  0.59268618]
  [-1.22066655 -0.0962599   0.29768823]
  [-0.80657078  0.8047768  -0.34523161]
  [-0.63214762  0.15862587  1.4336167 ]
  [-1.04078725  0.94298428  0.71510849]
  [-0.20065179  0.13487688  0.21775889]]]
Experiment	18	-10.08543188478995	2.62663011521005	100922	9	[[[-0.9690935  -0.05282862  0.54557301]
  [-0.23719067  0.32262421 -0.44242285]
  [ 0.24020276 -0.14589762  0.63148775]
  [-0.3054497   0.43331335  1.52626223]
  [-0.44923668  0.90316895  0.50672117]
  [ 0.69649055  0.9520113   0.08771556]]]
Experiment	19	-10.999626208219391	1.7124357917806083	523918	6	[[[ 2.34737907  0.37592975 -0.72034675]
  [ 1.39949201 -0.52782245 -1.17751614]
  [ 2.43136349 -0.57326849 -1.67062564]
  [ 1.69182763 -0.21919972 -0.08220275]
  [ 1.25186951  0.55396597 -0.82361931]
  [ 1.80385618  0.42434272 -1.74054414]]]
Experiment	20	-11.046585640317112	1.6654763596828879	480352	4	[[[1.57751728 2.15189051 0.36216933]
  [1.58270765 1.5065555  1.25854922]
  [2.5        0.95924348 1.59410959]
  [1.23469068 1.10159549 0.17211764]
  [1.82470555 0.56757247 0.84987285]
  [2.44968185 1.50626463 0.61670776]]]
Experiment	21	-10.373856113595057	2.3382058864049426	153501	9	[[[ 1.37169291 -0.22689315  1.79425327]
  [ 2.00047007  0.51763979  1.24060242]
  [ 0.32495226  0.9398486   0.26533786]
  [ 1.51248482  0.88161714  0.1748105 ]
  [ 0.95730768  0.09121372  0.7032117 ]
  [ 1.03714193  1.22736529  1.07200518]]]
Experiment	22	-10.80791697840834	1.9041450215916598	483130	7	[[[-2.65048038e-01  1.34444169e+00  8.39538755e-01]
  [ 3.83524379e-01  1.67165951e+00 -7.33626239e-02]
  [-4.24511691e-01  1.17056191e+00 -7.44804735e-01]
  [-7.10315634e-01  1.91982004e+00  2.10560355e-03]
  [-1.12975393e-02  2.50000000e+00  5.10027787e-01]
  [ 1.92052531e-01  6.12323619e-01  2.35754230e-02]]]
Experiment	23	-10.741337268604543	1.9707247313954568	366206	8	[[[-0.7208991   0.55788754  0.82244204]
  [-0.91458712  1.62883204  0.56687418]
  [ 0.37327412  0.64427073  0.78777442]
  [-0.24343544  0.33444041  1.77881886]
  [-1.43126354  0.98438155  1.49862895]
  [-0.39275923  1.41505467  1.58687846]]]
Experiment	24	-10.375180932368325	2.3368810676316745	96971	8	[[[-0.23789394 -0.04719088  0.58952281]
  [-1.11470545  0.17701346 -0.04018736]
  [-0.40908676 -0.47910646 -0.55114858]
  [-0.54012628  0.9972667   0.31214233]
  [-1.07509369  0.50754166  1.10231646]
  [-1.30903666 -0.7119424   0.6209751 ]]]
Experiment	25	-10.807832614977066	1.9042293850229335	397265	5	[[[-1.25184543 -0.64362312  1.34460506]
  [-1.6681441  -1.80166106  1.62619706]
  [-0.69413376 -1.52712911  1.11924818]
  [-0.752044   -2.14205907  2.10089546]
  [ 0.03245512 -1.25286338  1.80572031]
  [-0.93589847 -1.13564607  2.3429232 ]]]
Experiment	26	-10.77668441339543	1.9353775866045702	440028	7	[[[ 1.27062735  1.22834289 -2.5       ]
  [ 1.98166575  0.83779936 -1.70551026]
  [ 1.22003358  1.55957831 -1.21870043]
  [ 1.43659821  0.60208927 -0.72194553]
  [ 1.374512    0.11755954 -2.4533908 ]
  [ 0.67431486  0.56905708 -1.59094281]]]
Experiment	27	-10.663232556376954	2.0488294436230454	313597	6	[[[-1.05901481  0.6394543  -0.78129189]
  [-1.48472688  0.60730674 -1.82604718]
  [-1.16129562 -0.40772455 -0.95705224]
  [-2.00709519 -0.3700756  -1.80538029]
  [-2.18801865  0.17659208 -0.82354245]
  [-1.40692445  0.09283076  0.10518678]]]
Experiment	28	-11.217665909128613	1.494396090871387	524442	5	[[[1.55857849 2.08757935 1.08295272]
  [0.46568567 0.50082076 1.17426154]
  [1.59276492 0.98695326 0.85543878]
  [0.60117337 1.62964547 0.69267882]
  [1.64550173 1.68595763 0.0629662 ]
  [0.96146291 1.41447231 1.73585318]]]
Experiment	29	-10.587733455272783	2.1243285447272164	300429	6	[[[-1.77732696  1.35185484  1.75457132]
  [-1.52135312  0.63910504  0.58511932]
  [-1.82875655  1.52754499  0.10509119]
  [-2.46610911  1.19137338  0.91740357]
  [-0.98887259  1.50996155  0.95860587]
  [-1.9850451   0.27637702  1.46793643]]]
Experiment	30	-10.480475868056136	2.231586131943864	511344	7	[[[-1.62980888  1.16477335 -0.04097535]
  [-0.31825333  2.37090674  0.55615978]
  [-1.34217359  1.95158019  0.6896662 ]
  [-1.25084086  1.04166946  1.21227514]
  [-0.90683724  2.09669921 -0.34117079]
  [-0.39866821  1.27920376  0.16792989]]]
