Experiment	1	-9.443108437374752	3.2689535626252475	264657	7	[[[ 0.11653956 -1.35813085 -1.37881   ]
  [-0.77176171 -1.90208075 -1.30501919]
  [ 0.18464754 -2.4807528  -1.54909946]
  [ 0.71707124 -2.29321077 -2.5       ]
  [-0.44051145 -2.01117337 -2.5       ]
  [ 1.07427315 -1.34892926 -2.0058304 ]]]
Experiment	2	-9.811626352715486	2.900435647284514	356107	6	[[[ 0.58117024  0.60756296 -1.59923525]
  [-0.3488783   0.39429242 -2.5       ]
  [-0.31665737  0.26695931 -1.03598399]
  [ 1.04519888 -0.27027413 -1.29532019]
  [ 0.70278629 -0.1002982  -2.5       ]
  [ 0.03648751 -0.58977522 -1.82817404]]]
Experiment	3	-10.301556506528879	2.4105054934711205	415689	9	[[[-1.66943486 -0.02828645 -0.30300106]
  [-2.5        -0.05668074  1.25832557]
  [-2.0602824   0.69990103  0.58424075]
  [-1.1819204   0.08595875  1.41279637]
  [-0.98342577  0.37857665  0.40887526]
  [-1.66081891 -0.59538116  0.61031564]]]
Experiment	4	-9.514111764927318	3.197950235072682	599720	7	[[[ 1.6613341  -0.50825144  1.45292383]
  [ 0.31801361  0.27257398  1.44323863]
  [ 0.18757701 -0.90105805  1.09876901]
  [ 1.14875155 -1.31362243  0.86463915]
  [ 1.01976741 -1.58121175  1.85630206]
  [ 0.68809856 -0.55529291  2.05421912]]]
Experiment	5	-9.634276883666042	3.077785116333958	250338	7	[[[ 2.5        -1.47247167 -1.6119288 ]
  [ 1.58538827 -1.44276357 -0.92070295]
  [ 0.94334254 -0.56917435 -0.82300618]
  [ 1.55170713 -1.8484463  -1.95062302]
  [ 1.54053847 -0.75056751 -1.89269002]
  [ 2.5        -2.31408214 -0.85782211]]]
Experiment	6	-10.133021827096236	2.5790401729037633	246647	8	[[[-1.60821757  2.5         0.22673919]
  [-1.93037359  1.96531824 -0.95427415]
  [-2.5         0.92096124 -0.31213279]
  [-1.51711957  1.41771989 -0.04154985]
  [-2.5         1.98204887  0.10367472]
  [-1.69445678  0.74211417 -1.15328336]]]
Experiment	7	-9.662011854021996	3.0500501459780036	283575	8	[[[-1.44244243  0.04681918  0.20123648]
  [-0.33987549 -0.50554474  0.34024171]
  [ 0.47266196  1.27507458  0.32838333]
  [ 0.53180581  0.15238491  0.93566539]
  [ 0.16281849  0.29116493 -0.19055329]
  [-0.43720181  0.49550514  0.67109188]]]
Experiment	8	-9.592258283741057	3.119803716258943	237635	7	[[[ 2.01024651  2.01377287 -0.87325368]
  [ 1.04424792  0.36446162 -0.23805501]
  [ 0.10604924  0.51954149 -0.89941559]
  [ 1.12476297  1.13033803 -1.11634345]
  [ 1.49938916  1.55379475 -0.11083363]
  [ 0.40565027  1.25001774 -0.21240632]]]
Experiment	9	-9.974681198848318	2.737380801151682	174838	8	[[[-0.16765018 -1.71480054 -1.34455384]
  [-1.02292251 -2.1862091  -2.05720574]
  [-0.98537719 -2.1799004  -0.93077422]
  [-1.17529316 -1.1202696  -1.44930842]
  [-1.3441958  -1.25406894 -2.49663954]
  [-0.09382555 -1.60483569 -2.5       ]]]
Experiment	10	-9.5703679844505	3.141694015549499	79368	8	[[[-1.75663513  0.52349003  1.60101748]
  [-1.39014855  0.03377597  2.43941639]
  [-2.5         0.34614966  2.5       ]
  [-2.07780957 -1.51313583  1.9418355 ]
  [-1.32496415 -0.59349528  1.38451082]
  [-2.42647039 -0.47020687  1.72302181]]]
Experiment	11	-10.056346259389619	2.655715740610381	478046	6	[[[ 1.50551412  0.51141344 -0.74328599]
  [ 1.9357231   1.4811643  -0.79023484]
  [ 1.4968809   0.3536162  -1.76275477]
  [ 1.16781442  1.34683621 -1.58454715]
  [ 2.5         0.67619732 -1.22226071]
  [ 0.64967838  1.3857205  -0.63354627]]]
Experiment	12	-10.192676071542232	2.5193859284577673	60620	8	[[[ 1.57968582  0.75326276 -0.68329565]
  [ 0.92607239  1.72059472 -1.07456197]
  [ 1.92198157  1.54184001 -1.34226832]
  [ 1.18729449  2.5        -1.83840294]
  [ 1.53739021  1.63172223 -0.15946065]
  [ 1.79077793  2.5        -0.74896682]]]
Experiment	13	-9.603098506176071	3.1089634938239286	579508	8	[[[ 1.23083251  0.31172531  0.46901755]
  [ 2.1545746   0.46946447 -0.20384936]
  [ 1.35229356 -0.34223789 -0.27949605]
  [ 2.16170702 -0.25313368  0.72985926]
  [ 2.45585821 -0.55676898 -0.28468689]
  [ 1.13418702 -1.1339528   0.62569926]]]
Experiment	14	-9.759331018044074	2.9527309819559253	441361	8	[[[-0.59764356 -0.28129306  1.21100555]
  [-0.58578756  0.57187658  2.16556339]
  [-0.62629918  0.83991008  1.13937759]
  [-0.06293844 -0.30041668  2.15910687]
  [ 0.38391968  0.59929761  1.31396814]
  [ 0.45355485  0.71768507  2.5       ]]]
Experiment	15	-9.60937523383427	3.1026867661657302	512674	6	[[[ 0.41751749 -0.4558147  -1.24617575]
  [-0.33910781  0.02124298 -2.06768759]
  [ 0.17686111  0.46720394 -0.60125248]
  [ 0.62289264  0.66714922 -1.57265558]
  [ 1.18209944  0.29012634 -0.76003897]
  [ 0.86295857 -0.69694638 -0.25001085]]]
Experiment	16	-9.49828864999728	3.21377335000272	493244	7	[[[-1.87439834  1.56333364 -0.88517621]
  [-0.83496131  0.64618129 -0.71127326]
  [-0.27065606  1.07276631  0.23614518]
  [-0.81628872  1.69619318 -0.5292312 ]
  [-1.87697109  0.67397189 -0.12779778]
  [-1.3649683   1.64932669  0.51726846]]]
Experiment	17	-10.83920925449674	1.872852745503259	588778	8	[[[ 1.28498216 -0.85294023 -1.23359481]
  [ 1.87723568 -1.65814723 -1.81189258]
  [ 0.21480584 -1.02524213 -1.8485716 ]
  [ 1.19684296 -1.11200441 -2.5       ]
  [ 1.09185803 -2.30320452 -2.5       ]
  [ 0.8087626  -1.83971034 -1.43224623]]]
Experiment	18	-11.270111178609922	1.441950821390078	438399	8	[[[-1.48202178 -0.56743416 -0.82855756]
  [-0.72016109 -0.08675991 -1.56699939]
  [-0.43385086 -0.23232719 -0.52809618]
  [-2.49743298  0.07525422 -0.76517848]
  [-1.93644879 -0.14671148 -1.71529421]
  [-1.45511826  0.50727628 -0.95262294]]]
Experiment	19	-9.95216927039417	2.759892729605829	135701	8	[[[-2.06582342 -0.67178795 -2.5       ]
  [-2.5        -1.71529792 -2.43765423]
  [-2.5        -2.34044792 -1.19119669]
  [-2.5        -1.14805637 -1.54990081]
  [-1.58651444 -1.52079624 -2.00044274]
  [-1.61398862 -0.5022274  -1.54509651]]]
Experiment	20	-9.796391322212761	2.9156706777872383	154964	8	[[[-0.70102718  1.10079026 -0.8011129 ]
  [-1.09341553  0.40505083 -1.54407334]
  [-0.06833926  0.82239832  0.24107183]
  [-0.06044082  0.82287084 -1.87659158]
  [ 0.00883776  0.02474817 -1.19811607]
  [ 0.41724125  1.03541286 -0.83354754]]]
Experiment	21	-9.504566618864864	3.2074953811351357	117488	9	[[[ 1.02018318  1.61819913  0.4733152 ]
  [ 0.19017021  0.9440824  -0.07596986]
  [ 0.15422451  1.32835155  0.98866218]
  [ 1.25676324  0.45337685  0.31541414]
  [ 0.379746    0.16173533  0.82941274]
  [ 0.69632582  0.16036927 -0.53745597]]]
Experiment	22	-9.855162647351763	2.8568993526482362	302731	8	[[[ 2.2883601   0.59574393  2.5       ]
  [ 1.65746865 -0.08751415  1.66160714]
  [ 2.2686835   0.91553137  1.42101346]
  [ 1.44263312  1.22954005  2.06129486]
  [ 0.63641406  0.67217092  1.75286462]
  [ 1.34432669  0.52567144  0.87777515]]]
Experiment	23	-9.761997651627244	2.9500643483727558	272308	8	[[[-0.44717872  0.26308932  0.59016811]
  [-0.02144934 -0.81273663  0.7018614 ]
  [ 0.3757674  -0.28808253 -0.18882671]
  [-0.93659294 -1.38957784  1.20523936]
  [-1.31244188 -0.38132729  0.53105481]
  [-0.63609308 -0.34606664  1.5736663 ]]]
Experiment	24	-9.701728156169537	3.0103338438304625	414035	8	[[[ 0.04366158  0.16154033 -0.12493833]
  [ 0.12242523  1.29945956 -0.59788241]
  [ 0.48909301  0.12350004 -2.0135471 ]
  [ 0.40425803  1.15882965 -1.91795253]
  [-0.19866681  0.27822312 -1.1992905 ]
  [ 0.79981881  0.65599094 -1.00721808]]]
Experiment	25	-10.44010148647355	2.27196051352645	42871	9	[[[ 0.23848603 -0.58465038  1.47631357]
  [ 0.29594169  0.43774797  0.98365608]
  [-0.07740974  0.31409733  2.10147569]
  [ 0.94134405  0.4318386   1.93737342]
  [-0.23681723 -0.7722793   2.5       ]
  [ 1.18373468 -0.20435786  1.04301614]]]
Experiment	26	-9.481155362760788	3.2309066372392117	405851	9	[[[ 1.10817384  1.18620819 -1.28422956]
  [ 1.84902837  1.68689795 -1.88253422]
  [ 2.22040918  1.07438086 -0.94005171]
  [ 2.02941017  0.46822813 -1.97806827]
  [ 2.5        -0.17973903 -1.20115159]
  [ 1.20762665  0.03226867 -1.46738903]]]
Experiment	27	-10.173215281729208	2.5388467182707917	396794	7	[[[ 0.64377562  0.91906398  2.14955626]
  [-0.738258    1.83460303  0.99884253]
  [ 0.66831879  0.464775    0.99155211]
  [-0.09221448  1.69278599  1.99700024]
  [-0.27760006  0.70237927  1.43438283]
  [ 0.68043659  1.56899481  1.1432203 ]]]
Experiment	28	-10.444075439410463	2.267986560589536	479675	6	[[[ 0.2150295   0.6003475   1.47313362]
  [ 1.07766965  0.83092427  2.07058101]
  [ 1.18447923 -0.0859796   1.10590868]
  [ 0.13453457  0.38787865  2.5       ]
  [ 0.33603577 -0.467085    1.71709331]
  [ 1.28951164 -0.43466286  2.26041713]]]
Experiment	29	-9.840210016940524	2.871851983059475	1234	9	[[[-0.81688392 -0.84118591 -1.14175958]
  [-1.67665384 -1.41964199 -0.81627155]
  [-0.46554534 -2.08010008 -0.64967863]
  [ 0.0097677  -0.92380804 -0.45954803]
  [-0.92822721 -1.38015979  0.08321003]
  [-1.63038986 -0.38351768 -0.34622084]]]
Experiment	30	-9.713701614623115	2.998360385376884	444476	7	[[[-2.04846711  2.11478719 -0.41820323]
  [-2.5         0.01972763  0.31404267]
  [-1.48801963  1.78426218  0.45783568]
  [-2.02791938  1.0609854  -0.73313915]
  [-2.5         1.15650572  0.35939606]
  [-1.39626346  0.69054307  0.13170363]]]
