Experiment	1	-9.99895228625454	2.7131097137454603	117743	9	[[[-1.48687945 -1.12983958  0.63872297]
  [-0.75054934  0.49591617  1.25947291]
  [-1.25518467 -0.40347973 -0.32425078]
  [-1.64430415 -0.06629361  0.66287364]
  [-0.2886115  -0.11336426  0.37676723]
  [-1.02032421  0.74974712  0.19989555]]]
Experiment	2	-9.84356472593225	2.8684972740677495	501883	7	[[[-0.88957569 -0.34979003 -1.02979996]
  [ 0.12634133  1.0479856  -0.15294703]
  [-0.46296666  0.11638331 -0.05278022]
  [ 0.18997068  0.26435767 -0.88916971]
  [ 0.04252315  0.73918559 -1.89644595]
  [-0.70266615  1.0044245  -1.02703159]]]
Experiment	3	-9.681231177562386	3.030830822437613	579648	8	[[[ 0.17317904  2.17421162 -2.47391876]
  [ 1.82407682  2.10297901 -1.6542473 ]
  [ 1.02935092  0.9395769  -1.31998524]
  [ 1.38305957  1.36839386 -2.32227892]
  [ 0.74089963  1.98619887 -1.37595348]
  [ 1.17113358  2.5        -2.5       ]]]
Experiment	4	-9.44018985141195	3.2718721485880486	391357	7	[[[-0.19009955  0.22710382 -1.45350008]
  [-1.1136067   0.60257295 -0.98419857]
  [-0.93659696 -0.48504651 -1.58612724]
  [-1.13797073  0.68702616 -2.1710419 ]
  [ 0.01848535  0.66848923 -2.5       ]
  [-0.42697939  1.30817698 -1.80551955]]]
Experiment	5	-9.529132621389538	3.1829293786104618	363812	7	[[[-0.43114927 -1.03794743  1.93980365]
  [-0.47909668 -0.6822004   0.08155965]
  [-1.61863678 -1.59846678  0.92334632]
  [-0.05160252 -0.30383914  1.13888698]
  [-0.35366249 -1.54210983  0.99274858]
  [-1.14955422 -0.51914601  1.21106354]]]
Experiment	6	-9.49744915822585	3.2146128417741497	538435	7	[[[-0.07940441 -1.63374093  1.23664623]
  [ 0.18630159 -2.15405168  0.22192839]
  [ 0.36608843 -2.5         1.31363304]
  [-0.58633471 -2.5         1.88813111]
  [-0.57394952 -1.1861651   0.36518511]
  [-0.66041459 -2.49877474  0.81464402]]]
Experiment	7	-9.593198652034548	3.1188633479654513	526704	7	[[[-0.84814787 -0.21317531 -0.9148159 ]
  [ 0.04756175 -0.3950499   0.58261865]
  [-0.74089926  0.85858966 -0.90484478]
  [-0.59922037  0.31209831 -0.01649061]
  [ 0.22765937 -0.12690695 -0.55131447]
  [-0.01227511  0.37371805 -1.44230823]]]
Experiment	8	-9.959220300376465	2.7528416996235343	132072	8	[[[-0.58136185  1.28222841 -0.85741307]
  [ 0.5448988   2.49755029 -2.5       ]
  [ 0.21334206  1.96296026 -1.49311599]
  [-0.04461526  0.93694385 -1.77640627]
  [-1.19044455  1.40294509 -1.76230687]
  [-0.34657747  1.77910045 -2.5       ]]]
Experiment	9	-9.936887502866341	2.7751744971336585	276645	7	[[[ 0.40312131  0.768554    0.73021398]
  [ 0.54046455  1.54941575  1.68488948]
  [-0.10709131  1.84992197  0.72935161]
  [-0.22037817  0.73721451  1.57424693]
  [-0.07089143  2.5         1.70930026]
  [-0.90429238  1.53393729  1.44100904]]]
Experiment	10	-10.294975667559797	2.4170863324402028	575907	9	[[[ 0.35497757 -0.77492308  1.51657533]
  [ 1.40151523  0.48832451  1.90117982]
  [ 0.1567306   0.31448541  1.43812078]
  [ 1.30372792 -0.04085644  0.93773591]
  [ 1.74355579 -0.54463583  1.88018414]
  [ 0.76361894 -0.23796271  2.39998838]]]
Experiment	11	-10.077473268436034	2.634588731563966	105454	9	[[[-1.33461294 -1.58705768 -0.83934872]
  [-2.5        -1.93462592 -0.95345859]
  [-1.30028533 -1.19609969 -1.91262251]
  [-2.10948034 -0.88162261 -1.12132239]
  [-1.37126679 -2.5        -1.33604618]
  [-2.3672367  -1.45956718 -2.01852806]]]
Experiment	12	-10.095092484708012	2.616969515291988	428775	7	[[[-1.83467338 -0.59690111 -2.24478957]
  [-2.5         0.31237444 -1.777411  ]
  [-1.08130951 -0.13999747 -0.35823807]
  [-1.91474343 -0.43324546 -1.15904863]
  [-1.14038207  0.33466578 -1.75966093]
  [-1.83340479  0.62618217 -0.95946003]]]
Experiment	13	-9.760644737553182	2.9514172624468173	184750	7	[[[ 1.57524153  2.08803321 -2.00224896]
  [ 1.31990993  1.35473171 -1.26983212]
  [ 2.5         1.66435913 -1.5758113 ]
  [ 0.45780317  2.5        -1.67622342]
  [ 0.61978956  1.91075918 -0.73405619]
  [ 1.47670594  2.5        -1.02620149]]]
Experiment	14	-9.80266400473131	2.909397995268689	442011	5	[[[-0.60088364  1.78786933 -2.04250267]
  [ 0.44837433  1.90040317 -2.33976836]
  [ 0.37536598  1.77382502 -0.57443801]
  [ 1.29002429  1.71926543 -1.48059496]
  [ 0.64308281  2.5        -1.41511578]
  [ 0.23779341  1.27097127 -1.50409352]]]
Experiment	15	-10.013958116398632	2.6981038836013678	115307	8	[[[ 7.42477597e-02  2.50000000e+00 -1.41909008e+00]
  [-8.94016346e-01  1.80656114e+00 -1.17642980e+00]
  [ 5.93398506e-01  2.33188109e+00 -2.34207926e+00]
  [-2.45194915e-01  1.56518604e+00 -2.01226125e+00]
  [-2.36372558e-03  6.60282904e-01 -1.50480114e+00]
  [ 6.70554513e-01  1.58598093e+00 -1.34996907e+00]]]
Experiment	16	-9.870364827428268	2.841697172571731	294903	9	[[[-2.5        -1.80102775 -1.34996495]
  [-1.72931173 -1.25401863 -1.79071509]
  [-1.94838865 -0.71671836 -0.91827931]
  [-1.6301751  -1.72434705 -0.6252637 ]
  [-1.64585915 -2.5        -1.50768061]
  [-0.93874942 -0.83182245 -0.59554162]]]
Experiment	17	-9.832650227334115	2.8794117726658843	199736	8	[[[-1.16984443 -0.93221371 -1.20750418]
  [-1.70360262 -0.54635392 -0.18317378]
  [-1.31977571  0.10432158 -1.26942464]
  [-0.7971435  -0.67330627  0.5302602 ]
  [-1.32300816  0.26144603  0.57541697]
  [-0.64975339 -0.12955602 -0.41862062]]]
Experiment	18	-10.111080002525416	2.600981997474584	177962	9	[[[-0.98729662  2.5         1.70879612]
  [-0.16969575  2.30476084  1.05046358]
  [-1.72495141  2.16710912  2.5       ]
  [-1.89655965  1.80931533  1.38857608]
  [-0.65266876  1.82853219  2.5       ]
  [-0.77438883  1.50628803  1.4557288 ]]]
Experiment	19	-10.476843726891008	2.235218273108991	196891	7	[[[-1.4612257   2.5        -2.12715707]
  [-1.64540874  1.45576699 -1.05227781]
  [-1.29390407  2.5        -1.08313258]
  [-0.78176521  1.67413198 -1.65653472]
  [-1.42886281  1.44656474 -2.5       ]
  [-2.41780399  1.76062457 -1.92395934]]]
Experiment	20	-10.433543665265631	2.2785183347343683	559265	7	[[[ 1.47169323 -0.18459398  0.23216854]
  [ 0.48346186  1.38406067  0.84069371]
  [ 0.33576003 -0.54975908  0.41145189]
  [ 0.90975951  0.14248618  1.17830568]
  [ 1.35366367  0.9242684   0.34507393]
  [ 0.43066178  0.45120442 -0.03110679]]]
Experiment	21	-9.94824978908266	2.76381221091734	401697	7	[[[-1.39597389 -0.63221672  1.67423439]
  [-0.89465956 -0.12983191  2.5       ]
  [-1.93151872 -0.11853174  2.5       ]
  [-1.29626409 -0.24543627  0.76490939]
  [-2.44717782 -0.14420773  1.51898644]
  [-1.41942498  0.4802711   1.68227499]]]
Experiment	22	-10.250480437154286	2.461581562845714	145283	7	[[[-0.11700209  1.78980313 -0.00412273]
  [ 0.14086923  0.9579673   0.79986955]
  [ 0.91073736  1.91982466  0.12704096]
  [ 0.33287653  1.86238098 -1.05876728]
  [-0.36999673  0.91256653 -0.76162485]
  [ 0.64049512  0.88369936 -0.25848923]]]
Experiment	23	-10.352746968649669	2.359315031350331	404403	8	[[[ 1.07616741  0.29582603 -0.87196032]
  [ 1.54184414  0.60015969 -1.82875133]
  [ 1.34643791 -0.78070257 -1.04410313]
  [ 0.50279088  0.92115269 -1.82445637]
  [ 0.87189136 -0.30280235 -1.86302305]
  [ 2.09014941 -0.27579725 -1.72488347]]]
Experiment	24	-9.987116348154517	2.7249456518454824	281617	8	[[[ 0.10045884  0.75316823 -1.74920879]
  [-0.89230925  1.22859003 -1.96232816]
  [-0.05006945  1.8467596  -1.46179835]
  [-0.34584335  1.98263407 -2.5       ]
  [-1.22659239  2.28614822 -1.51487655]
  [-0.61922776  1.35398979 -0.72048734]]]
Experiment	25	-10.054780043422513	2.657281956577487	380705	6	[[[ 1.35494801 -1.2076684   0.03415363]
  [ 0.15156321 -1.40188364  0.52981638]
  [-0.14516215 -1.44282233 -0.58901774]
  [ 0.74597005 -2.0726472  -0.3579177 ]
  [-0.36462125 -2.47120679 -0.25772398]
  [ 0.38533194 -2.5         0.53982733]]]
Experiment	26	-9.840136791359948	2.871925208640052	33729	9	[[[1.50968136 2.36693247 1.57153867]
  [2.28498712 2.5        0.97673386]
  [0.60126069 2.5        1.07784886]
  [0.91612379 1.41018878 1.53892434]
  [2.12649464 1.50813384 1.46107104]
  [1.33039989 1.80405153 0.62771857]]]
Experiment	27	-9.48477121327886	3.22729078672114	479029	8	[[[ 2.18614455 -0.06657209  1.19270727]
  [ 1.76779097  0.18472024  0.19676771]
  [ 1.63441657 -0.74952434  0.57460296]
  [ 1.10813723 -0.13235593  1.35435631]
  [ 1.159623   -0.30845597 -0.5216456 ]
  [ 0.7505928  -0.01007611  0.35810029]]]
Experiment	28	-9.909881951482843	2.8021800485171564	445114	7	[[[-0.56822185 -1.6123108  -2.5       ]
  [-0.55468162 -2.5        -1.75202246]
  [ 0.44350477 -2.00481368 -1.30862113]
  [ 0.1521875  -2.48069754 -2.5       ]
  [-0.4223523  -1.31174494 -1.44957433]
  [ 0.78285071 -1.59675595 -2.20248073]]]
Experiment	29	-10.430652729176106	2.281409270823893	364139	7	[[[ 1.19607869 -0.32381177 -0.92300127]
  [ 0.3107906  -0.80006549  0.14374417]
  [ 0.59108831 -1.45048238 -0.81678013]
  [ 0.56088006 -0.78159032 -1.66727823]
  [ 0.24413224  0.19044454 -1.17601203]
  [-0.25792163 -0.73620404 -0.78962099]]]
Experiment	30	-9.853987155745418	2.858074844254581	119051	9	[[[ 0.25999624 -1.23645636  1.0397815 ]
  [-0.21633692  0.08964616  0.60204902]
  [-0.28542152 -0.42020268  1.67407221]
  [-0.68350683 -1.83159609  0.84370552]
  [-0.78195403 -0.76496296  0.73608819]
  [-1.20100832  0.07880337  1.2649934 ]]]
