Experiment	1	-10.512154916087034	2.199907083912965	36816	9	[[[-1.4403576  -0.50516844 -0.26767977]
  [-0.32873112 -1.07575094  0.38699971]
  [-0.38221901 -0.00307272 -0.24251592]
  [-1.05985697 -0.48122099  0.84354222]
  [-1.40182424  0.49666733  0.24251277]
  [-0.37781901  0.36308645  0.79372424]]]
Experiment	2	-10.543284365075813	2.1687776349241865	221348	7	[[[ 1.39578663  0.90486088 -0.63988129]
  [ 0.2193025   0.25284784 -0.70182155]
  [ 1.05406129  0.02486552 -1.37044556]
  [ 1.20153437 -0.07197554 -0.20815865]
  [ 0.69085957  1.19797805 -1.48048873]
  [ 0.41275888  1.05567786 -0.05586098]]]
Experiment	3	-10.282857711739894	2.429204288260106	182068	7	[[[-0.70236392 -0.42416069 -0.03913757]
  [-0.15571238  0.48118335  0.32188963]
  [-1.01987291 -0.28504297 -1.08242361]
  [-1.21953631  0.72184777  0.05106501]
  [ 0.24249967 -0.22026504 -0.77590534]
  [-0.3816022   0.67406445 -0.853971  ]]]
Experiment	4	-10.09310434214524	2.618957657854759	414630	6	[[[-1.86115884 -1.334863   -0.18552603]
  [-0.47760292 -0.00599918  0.04691671]
  [-0.89091257 -1.05316948  0.35189441]
  [-0.95601196 -0.10494774  1.12342037]
  [-1.02109761 -1.12123745 -0.77036098]
  [-1.53680004 -0.19639057 -0.06316177]]]
Experiment	5	-10.56085869069608	2.15120330930392	101283	9	[[[-0.70100199  2.5        -0.19334961]
  [-0.77128448  1.15023917 -1.46151465]
  [ 0.02233384  2.03631502 -0.84360504]
  [-0.98959904  1.40296646 -0.41256566]
  [-0.01992362  0.92581399 -0.62275961]
  [-1.09778363  2.11600675 -1.32863049]]]
Experiment	6	-10.554358452797858	2.157703547202141	548358	7	[[[-0.71964813  0.49871381 -0.54424966]
  [-0.85319714  1.00593654  1.12529232]
  [-0.25759542  0.24115788  0.49461783]
  [-1.25077577  1.52388527  0.21995256]
  [-1.43346031  0.39236235  0.44964966]
  [-0.03508975  1.17450807 -0.04626545]]]
Experiment	7	-11.53085201467797	1.1812099853220293	341539	9	[[[ 2.5         0.39265751 -0.7075549 ]
  [ 1.36830221  0.40777714 -0.27643098]
  [ 1.68614006  0.5643253  -1.38610204]
  [ 1.74689116 -0.38826224 -0.8935742 ]
  [ 1.81125291  1.33020041 -0.65600591]
  [ 2.5        -0.06767712 -1.74436955]]]
Experiment	8	-10.568269838556978	2.143792161443022	544284	7	[[[-0.45390016  0.39658453  0.4546989 ]
  [-1.62912769  0.22301924  0.41587183]
  [-0.07224278 -0.51521918  0.05272695]
  [-1.04821662 -1.06614472 -0.24941227]
  [-0.71988704  0.07433287 -0.64845471]
  [-0.89932622 -0.59508763  0.80434814]]]
Experiment	9	-10.715286819580474	1.996775180419526	568927	6	[[[ 1.59491223 -0.64658758 -1.84758163]
  [ 1.67474503 -0.80847472 -0.70550858]
  [ 0.79847479 -0.02922567 -0.49922163]
  [ 0.5264656  -0.66117153 -1.49840587]
  [ 2.21630721  0.14217855 -1.22718106]
  [ 1.08389764  0.28637839 -1.52027479]]]
Experiment	10	-10.368182622552688	2.343879377447312	268463	8	[[[ 0.52601541  0.35762259 -0.63364388]
  [-1.19830847 -0.15048508 -0.02750447]
  [-0.28321616  0.73402882  0.10877088]
  [-0.49119655 -0.37658393  0.69373981]
  [-0.11953826 -0.41746461 -0.29192241]
  [ 0.63353448 -0.02650349  0.46277424]]]
Experiment	11	-11.051088319958893	1.6609736800411063	399534	5	[[[-0.94401695  1.72400029 -0.16384676]
  [-0.90981775  0.91760447 -0.91903094]
  [-0.06826288  2.21210274 -0.82147942]
  [ 0.01618353  1.81415745  0.34157977]
  [-0.45903849  0.71636929  0.26879387]
  [ 0.19888899  1.17738402 -0.5700109 ]]]
Experiment	12	-10.573679709478268	2.138382290521731	242063	8	[[[-0.77781992 -0.44069778  0.63238052]
  [-1.06109418 -1.6473153   1.06950784]
  [-2.03647534 -1.81526143  0.55828261]
  [-2.5        -0.72723969  0.31216987]
  [-1.75943288 -0.6508949   1.14114342]
  [-1.43538373 -1.08406335  0.13164894]]]
Experiment	13	-10.87381484930537	1.8382471506946292	231518	9	[[[ 0.4028293   1.04632144 -1.01183502]
  [-0.25431959  1.26740146 -1.86034542]
  [ 0.02939653  2.02062487 -1.1359193 ]
  [-0.67923008  0.95785749 -0.81561816]
  [-0.24526542  0.26227594 -1.49951001]
  [ 0.60838198  0.55256241 -2.19419871]]]
Experiment	14	-11.036572301741403	1.6754896982585965	48369	9	[[[-0.04285619  0.43012096 -1.49919645]
  [-0.43540388  0.95424983 -2.5       ]
  [-0.6335201   1.89712476 -1.77904091]
  [ 0.68411428  0.84144683 -2.23528673]
  [ 0.20523233  1.79617268 -2.5       ]
  [ 0.4298435   1.44907294 -1.40929092]]]
Experiment	15	-10.485458415279584	2.226603584720415	546363	8	[[[-0.25329192 -0.93958768  1.72273631]
  [-0.6703733  -1.76997613  0.93904922]
  [ 0.2252323  -1.03598578  0.56378367]
  [ 0.11403149 -2.03469006  1.73667665]
  [ 0.2811244  -2.20542086  0.51873837]
  [ 0.91067472 -1.67014999  1.13729849]]]
Experiment	16	-10.6693817439809	2.0426802560191	574068	9	[[[-0.6949469  -0.02315581 -0.14387725]
  [-1.18185022  0.25631053 -1.1720141 ]
  [-1.67421399  0.56358017  0.02877124]
  [-0.04378531  0.23287606 -1.03121707]
  [ 0.09848429  0.64716832  0.00819317]
  [-0.62553676  1.07187265 -0.71936581]]]
Experiment	17	-11.142057269515549	1.5700047304844507	106677	9	[[[-1.44804449  0.13520619 -0.3273708 ]
  [-0.57257226 -0.04682034 -1.01709229]
  [-0.35000874  0.04254451  0.1101909 ]
  [-1.49056407 -0.90217628 -1.081646  ]
  [-0.97788376 -0.85326182 -0.15598849]
  [-0.31366048 -1.07889846 -1.0242353 ]]]
Experiment	18	-10.84112266134499	1.8709393386550097	533507	5	[[[-1.26383534  0.67613101  0.16914132]
  [-1.38202339  0.79775735  1.5254894 ]
  [-2.08508322  0.18674811  0.86375267]
  [-1.80352646  1.4104784   0.74031329]
  [-0.53071912  1.00696981  0.91320803]
  [-0.99327488 -0.21808716  0.75729938]]]
Experiment	19	-10.800657186772433	1.9114048132275663	540730	6	[[[ 0.95962182  0.11380382  0.51925677]
  [-0.12037513 -0.32674242  0.16569218]
  [ 0.74697089 -0.85960294  0.94870045]
  [ 0.07968383 -0.05405368  1.18895003]
  [ 0.17206218 -1.46765144  0.29332076]
  [ 1.09140124 -0.89786513 -0.13655398]]]
Experiment	20	-11.019441837589692	1.6926201624103072	132950	7	[[[-0.51629387  1.73454203  2.34951287]
  [ 0.49511204  1.52139141  1.97595371]
  [-0.18207453  1.26933425  1.17048945]
  [-0.71663918  0.74423924  2.01716581]
  [-0.2051573   2.43027646  1.57477696]
  [-1.10900528  1.83548425  1.2942897 ]]]
Experiment	21	-11.262494939892328	1.4495670601076718	234085	8	[[[-0.32906222  1.164908    0.3435087 ]
  [-0.48075418  0.37541772  1.15071468]
  [-0.64683622  1.00499095  2.11139199]
  [-1.37989046  0.70516208  0.35352288]
  [-1.5215803   0.54690051  1.44418866]
  [-0.90699398  1.54502078  1.16595342]]]
Experiment	22	-10.853389998005234	1.8586720019947656	378707	6	[[[-0.1211062   0.50075817  0.22725029]
  [ 1.2422756   0.40309602  0.05439661]
  [ 0.67460241  0.85318241  0.84410399]
  [ 0.43614911 -0.00673546 -0.6491063 ]
  [ 0.61593753  1.13406126 -0.41959557]
  [ 1.35813532  0.45171104 -1.05571134]]]
Experiment	23	-10.935669675199023	1.7763923248009768	206245	7	[[[-0.87250322  0.55860027  0.31803613]
  [ 0.19930197  0.61837194  0.7269168 ]
  [-0.35142463 -0.28732941  0.91906692]
  [-0.69646578  0.787081    1.44761747]
  [-0.07132402  1.59647239  1.07328741]
  [ 0.16090251  0.13386133  1.83757699]]]
Experiment	24	-11.079811607510312	1.6322503924896878	354833	8	[[[-0.08086078  1.13168469 -0.47256032]
  [-0.10037404  0.66962708 -1.43027557]
  [ 0.70602286  1.549969   -1.08536002]
  [ 0.87336513  0.50650954 -0.80343871]
  [-0.12853182 -0.06742899 -0.68357367]
  [-0.33898657  1.84754959 -1.34413693]]]
Experiment	25	-10.80904003989326	1.9030219601067397	32658	9	[[[-1.32621473 -0.01245409 -0.13077046]
  [-1.18652663 -0.80701422  1.04643082]
  [-0.60707696  0.30531503  0.6786766 ]
  [-0.51719597 -0.67624119  0.11903544]
  [-1.6754786   0.10700564  0.84273208]
  [-0.07145262 -0.62210948  1.15124793]]]
Experiment	26	-10.554465192331893	2.1575968076681065	434752	6	[[[ 0.33601225 -0.3218399   1.44417504]
  [ 1.39654598 -1.15812407  0.77789657]
  [ 0.94221483 -1.30619421  1.77234508]
  [ 1.3513965  -0.3788847   2.31215013]
  [ 1.45243917 -0.09672401  1.06454854]
  [ 2.05124129 -0.9508006   1.57863052]]]
Experiment	27	-10.202540757106176	2.5095212428938236	420611	7	[[[ 0.55737351  2.37691577 -0.53553802]
  [ 1.72717175  2.21420522 -0.86339825]
  [ 0.40836191  1.15274308 -0.53629942]
  [ 0.94367143  1.71991945 -1.54950715]
  [ 1.48084238  1.14537614 -0.70959923]
  [-0.23731318  1.92364245 -1.17710292]]]
Experiment	28	-10.508459599738032	2.2036024002619676	3090	9	[[[-1.09389694 -0.23198129 -0.47991931]
  [-0.90596055  0.62018996  0.31320507]
  [-0.50160992 -0.39824176  0.55517155]
  [-0.24979008  0.46359514 -0.82366793]
  [ 0.50283417  0.27299672  0.24169466]
  [-0.02778762 -0.53070385 -0.46292062]]]
Experiment	29	-10.890823108895496	1.8212388911045032	211064	7	[[[-1.14869092  0.52835228  1.70228618]
  [ 0.5446445  -0.18390036  1.98306553]
  [-0.09364251 -0.27808394  0.98678871]
  [-0.26539288  0.60985838  2.5       ]
  [ 0.02754691  0.63874304  1.52622671]
  [-0.54219625 -0.34710427  2.05023321]]]
Experiment	30	-10.296411114592868	2.415650885407132	524989	6	[[[-1.65286241  0.53389258  1.14573831]
  [-0.62009218  0.92779194  1.53962052]
  [-2.5         1.3592884   0.9918484 ]
  [-1.02491458  0.87596662  0.13065884]
  [-1.76724401  1.31281851  1.93624623]
  [-1.27654976  1.68687445  0.99701757]]]
