Experiment	1	-10.285574787498538	2.4264872125014616	150721	8	[[[ 2.5        -0.92503366 -1.88283166]
  [ 2.5         0.16963451 -1.74402969]
  [ 1.60597592 -0.69185493 -1.25889856]
  [ 2.5         0.03672607 -0.6644824 ]
  [ 1.46649163  0.37111363 -1.31576275]
  [ 1.55193549 -0.4511483  -2.40895549]]]
Experiment	2	-10.128608350591756	2.583453649408243	277732	8	[[[-0.98539692 -0.21800849  2.20358337]
  [-2.06700896  0.23095133  1.63280543]
  [-1.69724812  0.68793858  0.57299414]
  [-1.311018   -0.39095111  1.1217015 ]
  [-0.77057211  0.50430631  1.38467653]
  [-2.47663866 -0.34765771  0.75642307]]]
Experiment	3	-9.908996891570393	2.8030651084296068	234000	7	[[[-0.79071156  1.3637925  -1.78866651]
  [-0.00367764  2.12101066 -1.4464099 ]
  [-1.05323264  2.38056991 -1.27807431]
  [-0.5686061   2.26858037 -2.39496829]
  [-0.6733976   1.62726839 -0.7093546 ]
  [-1.72975024  2.5        -2.47870864]]]
Experiment	4	-9.836732600519424	2.8753293994805755	420294	6	[[[-0.67981572 -0.89987569  0.84405591]
  [-1.02588869 -0.13592746 -0.03312958]
  [ 0.37720104 -1.0124427   0.6323221 ]
  [-0.38976102 -0.90347653 -0.22237993]
  [ 0.116952    0.01685917  0.21280722]
  [-0.66786582  0.2518117   1.23932596]]]
Experiment	5	-11.074641989230027	1.6374200107699721	229074	7	[[[ 0.70425317  0.44092585  0.43635813]
  [-0.03872628 -0.33041314 -0.08941357]
  [ 0.72042262 -0.75813464  0.61052455]
  [ 1.53998058 -0.24754541  0.01593659]
  [ 0.67010107 -1.12995795 -0.38742703]
  [ 0.82926402  0.21701549 -0.61167948]]]
Experiment	6	-9.993364565620164	2.718697434379836	301259	5	[[[-0.27992597 -0.47292369  2.5       ]
  [-1.39626438  0.73620795  1.23600204]
  [-0.92142525  0.85353957  2.315323  ]
  [-0.45764793 -0.92727584  1.48218199]
  [-1.3040881  -0.19371859  2.01415815]
  [-0.31412062  0.31865601  1.43703743]]]
Experiment	7	-10.435985651839596	2.2760763481604034	204911	7	[[[-1.04214094 -1.61048753 -2.07935988]
  [-0.45661856 -0.87535774 -1.16093408]
  [-1.33262666 -0.19126864 -1.3210339 ]
  [ 0.07597987 -1.66859773 -1.78458107]
  [-0.63256649 -1.96173038 -0.88317905]
  [-1.54841359 -1.31682452 -1.15621994]]]
Experiment	8	-9.548462098521746	3.1635999014782534	444539	6	[[[-1.63979434 -0.83878622 -0.07706423]
  [-1.31248189  0.21592695 -0.01348307]
  [-2.5        -0.23390333  0.53196338]
  [-2.44156165 -1.23669827  1.13948343]
  [-1.66050842  0.70109041  1.05532818]
  [-1.58819139 -0.48109261  1.04416685]]]
Experiment	9	-9.816513728737238	2.8955482712627614	224966	8	[[[0.18504355 2.5        1.78698345]
  [1.58739763 0.93388483 1.29971422]
  [0.61245119 0.85966853 1.61922543]
  [0.29600587 1.60559948 2.4533492 ]
  [1.25528599 1.97441042 1.89758636]
  [1.24589206 1.06049667 2.5       ]]]
Experiment	10	-10.057717448803833	2.654344551196166	509937	9	[[[2.29525902 2.31789476 1.84127625]
  [1.68575042 2.17120642 0.07264926]
  [1.46536795 2.13615682 1.06258341]
  [2.5        2.5        0.76942611]
  [1.67651919 1.28161636 1.70742648]
  [2.4925782  1.45824173 0.86876568]]]
Experiment	11	-10.348900038853445	2.363161961146554	368923	7	[[[-0.63443306  0.08495377  0.75369591]
  [-0.16313287  1.83274246  0.00665337]
  [-0.86895072  0.89292529 -0.1487944 ]
  [-0.58772871  1.18199244  0.86825872]
  [ 0.07361333  0.61109161  0.18974897]
  [ 0.46831059  0.3647418   1.19838056]]]
Experiment	12	-9.686802248883987	3.025259751116012	41461	9	[[[-0.23394564 -0.09180229 -0.65209622]
  [ 0.18780285  1.04481208 -0.41302859]
  [ 0.2223058   1.3963933  -1.61998641]
  [-0.18973388  0.40171519 -1.63970358]
  [-1.02631404 -0.33270515 -1.36203379]
  [ 0.80131357  0.4715054  -1.12460693]]]
Experiment	13	-10.109435004451921	2.6026269955480785	268879	8	[[[ 0.10640357 -0.99234911  0.91845097]
  [-0.84736937 -0.54437194  0.72157075]
  [ 1.21230611 -0.45065308 -0.52252069]
  [ 0.22042764 -0.94313896 -0.23038491]
  [ 0.64950142 -0.06456929  0.29284841]
  [ 1.12502985 -1.0824344   0.46553792]]]
Experiment	14	-9.430841180189468	3.2812208198105317	79282	8	[[[ 0.05676005 -0.04638463 -0.3719333 ]
  [-0.58591976 -1.17118319  1.16133449]
  [-0.42113882 -0.12083526  0.64402941]
  [-0.09779339 -1.06073091  0.1526096 ]
  [-1.30911644 -0.93203783  0.48535333]
  [ 0.69815075 -0.43578167  0.89386454]]]
Experiment	15	-9.879667591168436	2.832394408831563	525802	6	[[[ 0.16723802 -2.09190996  0.50149656]
  [ 0.22403264 -1.52175719 -0.35097771]
  [-0.50099875 -2.04586019 -1.02964434]
  [-1.5640541  -1.90853045 -0.71293294]
  [-0.90227476 -1.05198655 -0.64681772]
  [-0.87348656 -2.01131725  0.13588154]]]
Experiment	16	-9.78568889766527	2.926373102334729	478720	9	[[[-0.16862116  1.68870141 -0.26971839]
  [ 0.67075091  0.83948845 -0.16815549]
  [-0.08593213  0.06209442  0.47359935]
  [ 0.21398661  1.32194558  0.68280719]
  [ 0.26122934  2.5         0.39542132]
  [ 0.97095948  1.9028528  -0.28436983]]]
Experiment	17	-9.934106354025127	2.777955645974872	293770	8	[[[ 0.02528325 -1.14206018 -0.51490046]
  [ 0.81592271 -0.65795569 -0.02863995]
  [ 0.92752582 -1.74983985 -0.28523168]
  [ 1.32824132 -2.5         0.36273863]
  [ 0.78415716 -1.51512193  0.86629332]
  [ 1.71442214 -1.1535253   0.36003879]]]
Experiment	18	-9.760604297826893	2.9514577021731068	570384	8	[[[ 1.15375944  1.78239479  2.5       ]
  [-0.20898975  0.76201027  1.45919879]
  [ 0.91287557  1.08432971  1.51393141]
  [ 0.0568926   1.7419451   1.3424706 ]
  [ 0.26523529  1.02028176  2.4857047 ]
  [-0.79283663  1.42278146  2.07278303]]]
Experiment	19	-10.11916115858184	2.5929008414181602	77047	8	[[[ 1.67131888  1.13841312  1.38275796]
  [ 1.53348177  0.4894785   0.49617216]
  [ 2.5        -0.40802177  0.83711074]
  [ 2.5         0.69878003  0.94271421]
  [ 2.5         0.37594314  2.20853366]
  [ 1.60409762  0.06298612  1.49250917]]]
Experiment	20	-9.288238107858705	3.4238238921412947	476631	7	[[[ 0.59588688  1.23187859  1.03132616]
  [ 0.46673036  2.34473955  0.60535047]
  [ 1.53455982  1.99379328  1.65973442]
  [ 0.46019732  2.5         1.67672239]
  [-0.39017652  1.96261683  1.19092271]
  [ 0.14640112  1.43110143 -0.01735966]]]
Experiment	21	-10.317710402421977	2.394351597578023	386469	7	[[[ 1.26921477 -1.84145291  0.45904987]
  [ 0.367774   -2.10794381  1.12984595]
  [ 0.19897353 -2.5         0.059666  ]
  [ 0.7925543  -1.09833561  1.36489668]
  [-0.01018    -1.36819652  0.46198889]
  [ 0.49277103 -1.54086393 -0.50106498]]]
Experiment	22	-10.570022377959226	2.142039622040773	408024	5	[[[ 1.2770597  -2.5         1.22707669]
  [ 2.27478796 -2.36452752  1.72372478]
  [ 2.25754438 -1.76117412  0.86705351]
  [ 1.36769599 -1.20137286  1.27855297]
  [ 1.38963765 -1.9557497   2.25332008]
  [ 2.2106754  -1.37268329  1.92402693]]]
Experiment	23	-10.14849398688423	2.56356801311577	228353	7	[[[ 0.53486398  2.22775326 -0.4167673 ]
  [ 0.59995217  2.5         0.64033522]
  [ 1.17358513  1.68966186  1.12306627]
  [ 0.60104845  1.23170709  0.23682887]
  [-0.28813369  1.74534574  0.37716827]
  [ 0.13012632  1.32963039  1.40414825]]]
Experiment	24	-9.874611680226124	2.8374503197738754	239988	9	[[[ 0.6325109   0.09356169  0.59018791]
  [-0.44225553 -1.25485336  0.27359795]
  [ 0.70625498 -0.33528379 -0.56072538]
  [-0.24485754 -0.19200877 -0.08486288]
  [-0.2909617  -1.12499492 -0.87645642]
  [ 0.6550521  -1.27151719  0.03197158]]]
Experiment	25	-9.957632399909283	2.7544296000907167	295297	7	[[[-1.39363573  0.38790465 -2.5       ]
  [-2.5         0.17231321 -2.5       ]
  [-1.3960213   1.37177298 -1.53905369]
  [-2.5         0.77815741 -1.61776199]
  [-2.12486118  1.23460597 -2.45127989]
  [-2.33825066  1.90239206 -1.63723247]]]
Experiment	26	-9.77652978851857	2.93553221148143	252385	7	[[[ 0.1180343   2.11232275 -1.28429719]
  [ 0.84939423  1.02228841 -2.25432346]
  [ 1.03257662  2.5        -1.83571081]
  [ 0.21087687  2.03835821 -2.46335069]
  [ 0.82333845  1.3214854  -1.2417177 ]
  [ 1.71471561  1.68403517 -2.03565298]]]
Experiment	27	-9.659419708634486	3.0526422913655136	39591	9	[[[ 1.24480849 -1.19579166 -0.78435515]
  [ 1.96328056 -0.39612689 -1.0290215 ]
  [ 1.50905212 -0.78900843 -2.09585688]
  [ 1.5528458   0.41400087 -1.88908664]
  [ 0.72433125 -0.15641147 -1.25369949]
  [ 1.00729144 -0.17290556 -0.20551902]]]
Experiment	28	-10.450513361860391	2.261548638139608	541038	7	[[[ 0.06146575 -1.10632067 -2.41880414]
  [ 0.07040559 -0.46451709 -1.52845809]
  [-0.45595293  0.67938785 -1.47678427]
  [-1.13074333  0.39572943 -2.5       ]
  [-0.04459097  0.08518434 -2.5       ]
  [-0.94283748 -0.59528386 -1.9903539 ]]]
Experiment	29	-9.071880102952717	3.640181897047283	280985	8	[[[ 0.47496834  0.99901334  1.24721322]
  [-1.18099375  1.94404724  0.31281577]
  [-0.48219995  1.04185216 -0.24231425]
  [-0.5797402   0.89730455  0.78691859]
  [-0.04418611  1.93660123  0.90842768]
  [ 0.43255283  1.53240401 -0.01959957]]]
Experiment	30	-10.134403718839563	2.5776582811604367	56795	9	[[[-2.29444493  1.20610054 -2.38842666]
  [-1.50227819  1.3947799  -0.83616726]
  [-1.87371165  2.05938706 -1.82207715]
  [-1.58203613  0.69730366 -1.59484995]
  [-2.5         1.26342154 -1.26571535]
  [-1.57987088  2.5        -0.83035077]]]
