Experiment	1	-11.254535569012596	1.4575264309874036	89694	8	[[[-0.19646215  0.87600847  0.22931313]
  [-0.40682217  0.77520821  1.35756278]
  [ 0.42090068  0.05778081  1.58216423]
  [-0.37728985 -0.19665817  0.87812542]
  [ 0.53960511  0.01555716  0.51297353]
  [ 0.67542893  1.03693181  0.95793034]]]
Experiment	2	-11.407261308769431	1.304800691230568	86889	8	[[[-0.07720116 -0.20134224 -0.22138914]
  [-0.46325448 -1.12730819 -0.61556008]
  [-0.72703492 -0.86906334  0.44323967]
  [-1.257644   -0.31649377 -0.44496511]
  [-1.56885458 -1.36024115 -0.24698181]
  [-0.86009489  0.22403287  0.60851729]]]
Experiment	3	-12.199253790578522	0.5128082094214772	190833	7	[[[ 0.14300673  0.84824874  1.55118292]
  [ 0.13397406 -0.0242549   0.94876717]
  [ 1.08386537  1.26744113  1.15799669]
  [ 1.08431495  0.32806736  0.47618201]
  [ 1.1207297   0.25013904  1.61545711]
  [ 0.17791185  0.9748596   0.44990971]]]
Experiment	4	-10.86121550515556	1.8508464948444399	265671	9	[[[ 2.4601128   0.69797498 -1.03163352]
  [ 1.57430961  0.9803675  -1.61289955]
  [ 0.63981873  1.52956752 -1.08504686]
  [ 1.45555788  0.82801053 -0.56543765]
  [ 1.97784689  1.75410042 -0.91251023]
  [ 1.05085402  1.65211116 -0.04347115]]]
Experiment	5	-10.878359705942353	1.8337022940576464	213391	7	[[[-1.37118182  1.27785998 -0.45829247]
  [-1.63197329 -0.466741   -0.37110823]
  [-1.89703411  0.44300814  0.26631474]
  [-1.02188831  0.7111918  -1.4605159 ]
  [-2.05719688  0.45164471 -0.81699679]
  [-0.7697707   0.33863862 -0.40152078]]]
Experiment	6	-10.510009860760421	2.202052139239578	357331	7	[[[ 2.33835979 -1.02312246  0.0986893 ]
  [ 1.53527401 -0.66844203 -1.5890415 ]
  [ 2.12635587 -1.38104321 -0.95319455]
  [ 2.5        -0.29965393 -0.87246298]
  [ 1.48091406 -0.56968047 -0.46335316]
  [ 0.92454108 -1.70751589 -0.63882722]]]
Experiment	7	-10.52967858887161	2.1823834111283897	486736	6	[[[ 0.20657683  1.82469678  0.79906919]
  [ 1.31352311  1.49458167  0.98027149]
  [ 1.20404378  1.84913466 -0.57884925]
  [ 0.12808044  2.04642887 -0.34650513]
  [ 0.80347711  1.00667641  0.18560041]
  [ 0.91286251  2.5         0.34553409]]]
Experiment	8	-10.752618315186602	1.9594436848133974	230260	8	[[[-1.49777464 -1.36562068  0.39282143]
  [-0.89169158 -0.71819234 -0.31158045]
  [-2.08964905 -0.11117027 -0.94884157]
  [-1.91250844 -1.21242812 -0.70430446]
  [-1.0522062   0.33597917 -0.47739774]
  [-1.9055351  -0.3392487   0.13702007]]]
Experiment	9	-10.518447317337078	2.193614682662922	529153	6	[[[-0.03683901  0.82688202  2.5       ]
  [ 0.44201799  1.04021063  1.26065479]
  [ 1.18225046  1.21832098  2.36041926]
  [ 0.20356806  1.80459566  2.02857162]
  [-0.18312664  0.04137861  1.60495906]
  [ 0.85771034  0.19207142  2.00248414]]]
Experiment	10	-10.353948201280826	2.358113798719174	29898	9	[[[-1.08649275  0.86773304  1.67654946]
  [-1.29681739  0.58114737  0.68664691]
  [-0.24552872  0.55264368  0.96380352]
  [ 0.33943342  1.58495114  1.11400962]
  [-0.84161894  1.77228177  1.20421949]
  [-0.43149169  1.37966735  0.24265451]]]
Experiment	11	-10.571853760830438	2.140208239169562	26725	9	[[[ 0.80354929 -0.26004587  0.154515  ]
  [ 0.9553788   0.77574076 -0.4540223 ]
  [ 0.80884976  0.93351808  0.69804245]
  [-0.15614301  0.66789522  0.04497657]
  [ 1.69254896  0.36803216  0.22054161]
  [ 1.05747462 -0.07897199  1.22860052]]]
Experiment	12	-10.641864092715712	2.070197907284287	16952	9	[[[-0.59846238 -1.00987805 -1.10615953]
  [ 0.42156595 -1.18257508 -1.15544898]
  [-0.5227456  -0.02022053 -0.57948414]
  [ 0.07768065 -0.23232409 -1.51456803]
  [ 0.74161718 -0.41722517 -0.47046442]
  [-0.00676909 -1.06317386 -0.01455529]]]
Experiment	13	-10.936483397180094	1.7755786028199054	311341	7	[[[-0.15441993 -0.51393276 -2.5       ]
  [-0.89822398  0.72563372 -1.16762379]
  [-0.59699616 -0.31268535 -1.37104774]
  [ 0.00492508  0.69572015 -1.80765992]
  [ 0.59299835 -0.21612847 -1.67652294]
  [-0.9127469   0.28490994 -2.30504138]]]
Experiment	14	-10.648604812925246	2.0634571870747536	118361	9	[[[ 1.98899607  1.13356127 -0.441582  ]
  [ 2.28754775  1.31757971  0.64909124]
  [ 1.38404876  1.49411057  1.41476001]
  [ 1.87674552  2.5         1.15133596]
  [ 1.41234773  1.92821135  0.25399424]
  [ 1.37038112  0.68785115  0.39457211]]]
Experiment	15	-10.467354563366007	2.244707436633993	545492	8	[[[-1.59128216  0.39280676  1.568107  ]
  [-0.26757219 -0.10754854  1.39440829]
  [-0.53750569  0.56620378  0.62963604]
  [-0.64216667  0.9347238   1.76667083]
  [-0.94386783 -0.16448954  2.30929921]
  [ 0.08585918  0.28404232  2.36622293]]]
Experiment	16	-10.537448914202395	2.1746130857976045	251695	5	[[[ 0.13874562 -1.47504675 -0.52651259]
  [-0.23832192 -0.99568379  0.61458254]
  [ 0.13166394  0.05595331  0.50149573]
  [ 0.79677055 -1.5370938   0.33501731]
  [ 0.81448959 -0.64136093 -0.29077854]
  [ 0.81555545 -0.6787224   0.94776504]]]
Experiment	17	-8.511313067066615	4.200748932933385	459971	6	[[[-1.04160025  0.06404125 -0.83069798]
  [-1.91176342 -0.55390972 -0.43500655]
  [-1.35773894  0.15115626  0.23534225]
  [-2.0814029   0.50242134 -0.56526411]
  [ 1.76895846 -2.20114138  1.69468476]
  [-2.43866919 -0.12902378  0.34322869]]]
Experiment	18	-10.816009225437826	1.8960527745621736	555906	6	[[[ 1.44149745 -1.07707091 -0.78277425]
  [ 2.5        -1.05044193 -0.25364997]
  [ 2.14058873 -1.57069982 -1.43388878]
  [ 1.63343099 -1.23894084  0.28439986]
  [ 2.14203583 -0.41180105 -1.30782501]
  [ 1.90427784 -2.05176421 -0.48460332]]]
Experiment	19	-11.140198365646711	1.5718636343532886	533339	9	[[[-2.08479401 -0.18531091  0.77125753]
  [-2.5         0.09683824  1.71219723]
  [-1.39064008  0.65237867  0.47980576]
  [-2.16373248  1.08012907  1.73393563]
  [-1.38545978  0.29293482  1.53182494]
  [-2.5         0.8473796   0.67305363]]]
Experiment	20	-10.529888716948392	2.1821732830516076	436646	8	[[[-0.03996706  0.13728915 -0.2731589 ]
  [ 0.6780149  -0.16342679  0.61878708]
  [ 0.54693306  1.18203471 -0.53198547]
  [ 0.23425634  0.83975672  0.45829226]
  [ 1.02017122  0.248123   -0.25404818]
  [-0.47638372 -0.19717275  0.72457883]]]
Experiment	21	-10.774777918987196	1.9372840810128036	342160	8	[[[ 0.45331119  0.02451376 -1.55985399]
  [ 0.75381911 -0.998189   -0.50384279]
  [-0.25396603 -0.75133838 -1.07427465]
  [-0.24284138 -1.29979523 -0.02984526]
  [ 0.77052632 -1.10459013 -1.62823964]
  [ 0.01869667 -1.82349714 -0.94711097]]]
Experiment	22	-10.52213713137579	2.1899248686242103	308701	8	[[[-1.45634752  0.47671257  0.45827197]
  [-0.90681308  1.53670868 -0.09325354]
  [-0.60478419  0.52787812 -0.41911727]
  [-0.79202355  1.18586002 -1.28115472]
  [-1.577877    1.89982548 -1.07536924]
  [-1.61194065  0.7719525  -0.7444563 ]]]
Experiment	23	-10.758973791049165	1.9530882089508346	254248	8	[[[ 0.70288337 -0.15765072  1.25151566]
  [ 0.30379054  0.365659    2.04737739]
  [ 1.08441982 -0.56180797  2.21182644]
  [ 0.81178826 -1.20015039  1.23910121]
  [ 0.07977053 -0.83894447  1.95337266]
  [-0.5396569  -0.06675682  1.45669757]]]
Experiment	24	-10.51989137324591	2.1921706267540895	229329	9	[[[ 1.40817156 -0.18689576 -1.07353837]
  [ 1.87048027 -0.04180513  0.950753  ]
  [ 1.37103497 -0.60316489 -0.04708937]
  [ 0.46755133  0.20322206 -0.34777825]
  [ 1.49849596  0.5090706  -0.05342101]
  [ 0.82673399  0.03505911  0.82722049]]]
Experiment	25	-10.801453846900406	1.9106081530995933	144176	8	[[[-1.53891519e+00 -5.60069327e-01 -7.25362724e-01]
  [-1.63564591e+00  6.06276048e-01 -7.98892661e-01]
  [-5.54167239e-01  4.31185076e-01 -4.55022827e-01]
  [-2.50000000e+00  1.98422152e-01 -1.36512668e-01]
  [-1.58303503e+00  1.05700832e+00  1.69039295e-01]
  [-1.36653509e+00  4.20614668e-04  1.82669053e-01]]]
Experiment	26	-10.762910386537698	1.949151613462302	92157	8	[[[1.6813184  0.14384645 0.82559363]
  [0.62185253 0.37301813 0.28064006]
  [0.98677167 0.67041853 1.49464681]
  [0.03463331 0.28124785 1.22115061]
  [0.49863899 1.33979748 0.73480747]
  [1.53108418 1.19943341 0.38480953]]]
Experiment	27	-10.789093979929808	1.9229680200701917	330320	8	[[[-0.19994081  0.75551602  0.16933072]
  [ 0.14820598 -0.26811903  0.95322192]
  [ 0.67184239  0.19395754 -0.19778464]
  [ 0.65846151  0.72507853  0.9370314 ]
  [ 1.2843303  -0.31994181  0.65379379]
  [-0.30284633 -0.30633469 -0.12999984]]]
Experiment	28	-10.580526935207976	2.1315350647920237	125551	8	[[[-0.62343869  0.65936855 -1.14379946]
  [-1.56025907 -0.4213581  -0.11158381]
  [-0.55370035 -0.49439497  0.25569159]
  [ 0.1157483  -0.04531283 -0.47624908]
  [-0.88399296 -0.55429199 -0.88113866]
  [-0.96386378  0.48335146 -0.11015941]]]
Experiment	29	-10.716398310636029	1.9956636893639708	456942	7	[[[-1.4073109   0.86278892  1.11036346]
  [-1.34834972  0.07066541 -0.74087347]
  [-2.00585802  0.34399243  0.23331597]
  [-1.21730839  1.14141971 -0.21338054]
  [-0.88323115  0.1919323   0.35279072]
  [-0.28194917  0.63823439 -0.66246454]]]
Experiment	30	-10.383112440822849	2.3289495591771505	463020	6	[[[ 0.65685766 -1.34234988  1.07927837]
  [ 1.59073757 -1.22689977  1.69300518]
  [ 0.45747903 -0.81146993  2.02188429]
  [ 1.10055004 -0.10276326  1.51760048]
  [ 1.44880013 -0.47588233  2.5       ]
  [ 2.2987251  -0.30886834  1.40378007]]]
