Experiment	1	-9.575631475106764	3.1364305248932354	367070	6	[[[-0.45528636 -1.64258148  2.09230571]
  [ 0.96721152 -1.54316342  1.43357443]
  [ 0.06748483 -2.04754654  1.20094361]
  [-0.01509728 -0.63721031  1.67738014]
  [ 0.82687095 -2.04603642  0.36744903]
  [ 0.07348247 -1.09906546  0.66189051]]]
Experiment	2	-10.040382070907665	2.6716799290923348	438166	8	[[[ 0.61460901  2.0322402  -0.067027  ]
  [ 0.54784554  1.15771713  0.666187  ]
  [-0.71551899  0.77630909  0.87611554]
  [ 0.69961097  0.95916146 -0.41172639]
  [-0.43839306  1.30380149 -0.10112879]
  [-0.2171318   2.14604908  0.72633659]]]
Experiment	3	-9.66635961811892	3.04570238188108	303988	6	[[[ 0.82567941 -0.94234463 -2.31662386]
  [ 0.78043573 -0.61379811 -1.11145007]
  [-0.20920395 -0.3652487  -1.66176606]
  [ 0.65061957 -1.71924488 -1.29405146]
  [-0.59292703 -1.4294933  -1.56482118]
  [-0.15612724 -1.11294656 -0.61817109]]]
Experiment	4	-9.54333871385879	3.1687232861412102	86598	8	[[[ 0.94412067  1.65303032  1.64400122]
  [-0.16566777  1.57888238  1.5404115 ]
  [ 0.06991771  0.46660683  1.65715263]
  [ 0.23977986  1.33419271  2.5       ]
  [-0.90769533  2.37959084  2.05631366]
  [ 0.28562827  2.5         1.83869052]]]
Experiment	5	-9.709304698843034	3.002757301156965	394382	8	[[[1.68730825 0.5616555  0.43312954]
  [1.88071151 0.65482624 2.24901198]
  [2.5        1.29212229 0.36335746]
  [2.5        0.41676469 1.11400011]
  [1.30489855 1.60859206 0.16589745]
  [1.85255532 1.44767054 1.23983156]]]
Experiment	6	-9.707098105417666	3.0049638945823336	165470	8	[[[-1.88033526  1.76426165  1.42187435]
  [-2.13971491  0.41397281  1.06082759]
  [-1.18941227  0.98873722  1.21512149]
  [-1.71384378  1.21929369  0.29816855]
  [-2.03925042  0.72403885  2.14701617]
  [-1.0215646   1.52772311  2.07960062]]]
Experiment	7	-10.591562647485086	2.120499352514914	556933	8	[[[-1.52970884  0.1355516  -1.48760992]
  [-1.45374012  1.30985488 -1.50970409]
  [-2.39981676 -0.03209163 -0.74131616]
  [-2.39875027  0.87985974 -1.31981949]
  [-0.57335782  0.67119887 -0.98164966]
  [-1.54129488  0.7660186  -0.37486297]]]
Experiment	8	-10.470565055636103	2.241496944363897	141223	8	[[[ 0.37042533 -2.5        -1.25388432]
  [ 0.08378406 -1.20230834 -0.58600135]
  [ 1.21643941 -0.80201378 -0.62266888]
  [-0.48887855 -2.23171952 -0.61968394]
  [ 0.76942666 -1.47368649 -1.41384105]
  [ 0.76876729 -2.01696456 -0.32828289]]]
Experiment	9	-9.744896116897344	2.9671658831026555	318414	6	[[[-1.02420448  1.01189567  1.04253032]
  [-1.69107188  0.10709956 -0.523997  ]
  [-1.87010352  1.24798229 -0.51607091]
  [-1.92036048  0.35559203  0.509939  ]
  [-0.81949469 -0.25853028  0.03235761]
  [-0.87847224  0.80896994 -0.02294395]]]
Experiment	10	-9.87823450679778	2.83382749320222	207158	8	[[[-1.7184036   2.5         0.43520533]
  [-1.81052459  0.49524946  0.25803188]
  [-1.43561913  1.48585261 -0.09249477]
  [-2.30365364  1.98555332 -0.52027072]
  [-2.21212591  0.88142968 -0.94083962]
  [-2.34906839  1.60325218  0.46813663]]]
Experiment	11	-9.758441453182957	2.9536205468170422	118351	9	[[[-2.5         1.25732714 -1.08253985]
  [-1.41542257  2.5         0.18629255]
  [-1.55090249  1.52292621 -0.33499838]
  [-2.5         2.04272107  0.18114617]
  [-1.53321411  1.40640993  0.8040756 ]
  [-2.5         0.93782272  0.18222494]]]
Experiment	12	-9.865265652588352	2.8467963474116473	596172	6	[[[-0.47260284 -0.10285037 -2.5       ]
  [ 1.2870861  -0.47388058 -1.72268252]
  [ 0.67370615 -0.02270042 -2.5       ]
  [ 0.2601767  -0.8172513  -1.65504594]
  [ 0.20699937  0.31788146 -1.63841231]
  [ 0.89184434 -1.37157633 -2.5       ]]]
Experiment	13	-9.808075111995544	2.9039868880044555	192242	8	[[[-0.37263659 -2.3343627  -0.59689333]
  [-1.36247785 -2.11602768 -0.04255712]
  [-0.48983335 -1.35377154 -1.16980469]
  [-1.43169468 -1.77847281 -1.0347589 ]
  [-2.12413268 -0.989327   -0.39072839]
  [-0.97704134 -1.15965832 -0.17910257]]]
Experiment	14	-9.359734883286944	3.352327116713056	170339	8	[[[-0.42705894  1.95420718  0.32770322]
  [-1.04769207  1.27055179 -0.32169175]
  [-0.95957479  1.0042871   0.83236271]
  [-1.77151814  0.08929774  0.35027846]
  [-0.55255437  0.09338042  0.37537559]
  [ 0.02977456  0.88682061 -0.03236236]]]
Experiment	15	-9.920719147243876	2.7913428527561237	486555	7	[[[ 0.80590121 -1.40935134  0.54705538]
  [ 1.20269277 -0.72640427 -0.38419483]
  [ 0.74809102 -0.21107369  0.5832557 ]
  [ 0.33008039  0.54214349 -0.1848361 ]
  [ 0.90946253  0.90460299  0.71422688]
  [ 1.41211575  0.28896744 -0.12168533]]]
Experiment	16	-9.71445023721853	2.997611762781469	189945	6	[[[-0.40446309  0.87173053 -1.68679801]
  [-1.52857073  0.99529747 -1.37426057]
  [-1.7937884  -0.46052527 -2.2098    ]
  [-1.15873632 -0.11604269 -1.35368689]
  [-1.1584913   0.48683733 -2.28602241]
  [-1.15942677  1.59000848 -2.5       ]]]
Experiment	17	-9.941304127160421	2.770757872839578	136085	8	[[[ 1.25288002  0.48852911 -2.5       ]
  [ 2.5         0.38301721 -1.01763016]
  [ 1.10418329  0.46913585 -1.4071741 ]
  [ 1.99633605 -0.16257797 -1.91815685]
  [ 1.43019843 -0.57423687 -0.88610855]
  [ 0.90748333 -0.60155336 -1.86945149]]]
Experiment	18	-10.07965749275125	2.632404507248749	160356	8	[[[ 0.66645347 -2.26806711  0.12495942]
  [ 0.06839001 -2.26880236 -0.89616525]
  [-0.01148141 -1.24094375 -0.48150054]
  [-0.95574742 -1.45238731 -0.95525415]
  [-0.57979191 -2.02364253 -0.01210577]
  [-0.72937179 -0.999889    0.41211759]]]
Experiment	19	-9.82781052719796	2.88425147280204	469005	8	[[[ 0.98908876 -1.25794339 -2.5       ]
  [ 2.03488187 -0.92734007 -1.93252252]
  [ 1.03300131 -1.90345759 -1.56767689]
  [ 0.09785823 -1.71459859 -2.02058128]
  [ 0.9903991  -0.76836375 -1.32285511]
  [ 0.31082948 -1.52793953 -0.80671638]]]
Experiment	20	-10.045406893346476	2.666655106653524	86216	9	[[[-1.61101682 -2.34092968  0.08274468]
  [-2.23217271 -2.5        -0.79131945]
  [-1.90751841 -1.17888893  0.48576498]
  [-2.5        -1.46358705 -0.30333506]
  [-2.5        -2.01921337  0.80379512]
  [-1.46571061 -1.5381624  -0.56928662]]]
Experiment	21	-9.970088305698622	2.741973694301377	197279	7	[[[ 1.62833237  0.85982528 -0.31842829]
  [ 0.13149032  0.34971656 -0.0215673 ]
  [ 1.36328527  0.9070038  -1.43379122]
  [ 0.64856732  1.42409414 -0.34636772]
  [ 0.24966694  1.06078757 -1.32662218]
  [ 0.71517478  0.13237899 -0.97027244]]]
Experiment	22	-10.073688058009822	2.638373941990178	535057	8	[[[0.02241756 2.08482276 2.5       ]
  [1.41534545 1.57878825 1.2255167 ]
  [0.76176186 2.5        1.39457692]
  [1.27561073 2.45649392 2.5       ]
  [1.15233059 1.39266213 2.27277556]
  [0.3227667  1.4639934  1.62805609]]]
Experiment	23	-10.6704233965235	2.0416386034764997	103975	8	[[[ 2.5         0.0673662  -1.74625371]
  [ 1.96531526 -0.69699816 -2.5       ]
  [ 2.17591857  1.14387359 -1.92176624]
  [ 1.46887044  0.7901176  -1.19553554]
  [ 1.71090705  0.32259156 -2.5       ]
  [ 1.36682158 -0.28091225 -1.60769046]]]
Experiment	24	-9.602257200554865	3.1098047994451345	508083	8	[[[ 0.96303534 -1.44319372  1.29642936]
  [ 0.13110917 -2.5         1.50878585]
  [ 0.41009582 -1.80439407  2.39087907]
  [-0.41051719 -1.44407256  1.59376612]
  [ 0.32094502 -0.74429085  1.83776581]
  [ 0.22021793 -0.98178417  0.78624329]]]
Experiment	25	-10.172511271427407	2.5395507285725927	130715	8	[[[ 0.5129082   2.39333268 -0.39520642]
  [-0.66563899  2.19546238 -0.04004672]
  [ 0.2184479   2.32902973  0.74186265]
  [ 1.33836491  2.11126379  0.28105539]
  [ 0.42118146  1.26884521  1.22055936]
  [ 0.33559279  1.37111124  0.08462821]]]
Experiment	26	-9.734157937948964	2.977904062051035	515982	7	[[[-0.999698    0.96583633 -0.63480867]
  [-0.94898803 -0.30424696 -0.49986339]
  [ 0.09122925 -0.73170985 -0.85281087]
  [-0.00643047  0.41642414 -0.84963988]
  [-0.91596962  0.04834261 -1.60981117]
  [-0.22290963  0.53673987  0.22650308]]]
Experiment	27	-10.105573307322151	2.606488692677848	150360	8	[[[-1.44558648  0.31807699  0.69245458]
  [-1.87462432  1.3859665   0.73319533]
  [-0.8495998   0.13217487  1.57234628]
  [-1.34803229  0.40836747  2.5       ]
  [-2.04717614  0.12356939  1.66820508]
  [-1.16826193  1.1280565   1.67056668]]]
Experiment	28	-9.516165061419924	3.1958969385800753	154770	8	[[[-1.09257032  0.2580174  -0.91246906]
  [-0.95027961  0.83756558 -1.81554417]
  [ 0.13893957  0.43493611 -1.03692809]
  [-0.20133542  0.10783244 -2.40389483]
  [-0.53077217 -0.49181763 -1.45173409]
  [-0.73157323  1.33138149 -0.88969055]]]
Experiment	29	-10.726476389432953	1.9855856105670462	85159	8	[[[ 2.0252597  -1.47557421  1.28437457]
  [ 0.88058599 -1.40977365  1.01196094]
  [ 1.23573627 -2.09205953  1.85599532]
  [ 1.41071564 -0.6582483   1.65619592]
  [ 0.41611772 -1.17862586  1.95124387]
  [ 0.42603099 -0.2051481   1.34422531]]]
Experiment	30	-10.482723695972203	2.229338304027797	315162	7	[[[-1.56578275  1.1951167   0.15042811]
  [-1.41712471  2.07115377  0.67307325]
  [-0.62616119  1.69622519  1.36602385]
  [-1.62645707  1.09464524  1.24818844]
  [-1.85223847  0.14118579  0.60285116]
  [-0.69976973  0.80480273  0.76343812]]]
