Experiment	1	-8.223568735842044	0.8802832641579563	95577	9	[[[-0.71833107  0.59566353 -0.13456159]
  [ 0.00629906  0.61812627 -0.98812615]
  [-1.02822265  0.12342757 -1.04390057]
  [-0.31499758 -0.37094079 -0.33810398]
  [-0.26626712 -0.63255709 -1.41887514]]]
Experiment	2	-7.745058461529239	1.3587935384707608	128446	8	[[[-0.69931245 -0.08597    -1.69450488]
  [ 0.00671766 -0.685707   -1.14789234]
  [ 1.05543039 -0.20325547 -0.88398675]
  [-0.05061046  0.3078667  -0.54631114]
  [ 0.32155719  0.21458979 -1.70592923]]]
Experiment	3	-7.983434395263867	1.120417604736133	457393	6	[[[-0.50769238  2.41119259  1.61618369]
  [-0.3496689   1.64891745  2.40837634]
  [-0.08571625  1.51054811  1.28275265]
  [ 0.33744365  2.5         2.26655711]
  [ 0.44861997  2.5         1.14869445]]]
Experiment	4	-8.248814097606681	0.8550379023933186	231923	9	[[[-0.60455894 -1.5191165   2.1305039 ]
  [-1.44668318 -2.26802291  2.24910981]
  [-0.39603695 -2.5         2.46950895]
  [-0.62445846 -2.36276038  1.33327355]
  [-1.49513435 -1.51034983  1.32088826]]]
Experiment	5	-8.041074487653207	1.062777512346793	393977	8	[[[-1.40266217 -0.91270445 -0.48001242]
  [-1.27364685 -0.17271947  0.3170745 ]
  [-2.22497735  0.69916179  0.09670504]
  [-2.36528205 -0.39713634 -0.12417357]
  [-1.44398688  0.15592777 -0.67108719]]]
Experiment	6	-8.410398589671388	0.6934534103286119	310487	8	[[[1.57584266 1.37042307 0.92838892]
  [1.36723043 1.73282474 2.04204354]
  [0.76825824 2.06610032 1.13052485]
  [1.77158829 2.5        1.24222883]
  [2.5        1.7827642  1.716939  ]]]
Experiment	7	-8.19270026820053	0.9111517317994693	250650	7	[[[-2.22785256  1.75148268  2.5       ]
  [-2.13395294  0.95944647  1.78348911]
  [-1.28094266  1.12800782  2.39817373]
  [-1.20526523  0.764385    1.16719012]
  [-1.48325707  1.82194807  1.62738004]]]
Experiment	8	-7.987964601632377	1.1158873983676232	169770	7	[[[-0.50062159  1.77776264  2.39922405]
  [-1.60497173  1.45154265  1.98463682]
  [-0.91707953  2.3834976   1.447732  ]
  [-1.46211804  2.5         2.5       ]
  [-2.02094039  2.28828497  1.50193808]]]
Experiment	9	-8.1383640992626	0.9654879007374007	63707	8	[[[ 0.65915564 -0.67246068  1.4073128 ]
  [-0.21061199 -1.0595253   2.07816121]
  [ 0.66378464 -1.62208688  2.17326076]
  [ 0.06808088  0.16003727  2.01697978]
  [ 0.78624053 -0.53284414  2.5       ]]]
Experiment	10	-7.927594187253832	1.1762578127461678	220497	6	[[[ 0.32863249 -1.23369158  1.01952894]
  [ 0.86159616 -2.06650508  0.22880278]
  [ 1.81479111 -2.5         0.556505  ]
  [ 0.80243503 -2.12902194  1.38114291]
  [ 1.4424696  -1.3337765   0.8349718 ]]]
Experiment	11	-8.319394623240852	0.7844573767591481	54117	8	[[[-1.35986547  0.39686152 -0.97891635]
  [-0.20134255  0.22297954 -0.69905484]
  [-0.39672267  0.17641945 -1.79825165]
  [-0.77410644 -0.62293902 -1.03999244]
  [-1.0245562  -0.09536269 -0.08408808]]]
Experiment	12	-8.213540554716594	0.8903114452834053	391469	8	[[[ 0.00264867 -1.34525943  1.98406317]
  [ 1.05073182 -1.18587729  1.53828529]
  [ 0.85166031 -1.88216331  2.5       ]
  [-0.36714028 -2.40153133  1.96464582]
  [ 0.62031581 -2.22553627  1.43429652]]]
Experiment	13	-8.175444903629487	0.9284070963705133	80584	8	[[[-0.18835203  2.06573189  1.97453481]
  [ 0.81262271  2.5         2.5       ]
  [ 0.81036227  1.55047677  1.82877424]
  [-0.15278474  1.82315033  0.89672807]
  [ 0.61634822  2.5         1.3950071 ]]]
Experiment	14	-7.356121451370802	1.7477305486291979	338958	5	[[[-1.8125545  -0.71334826  1.52081278]
  [-2.38894764 -0.81367489  2.5       ]
  [-1.51293391 -0.17251284  2.5       ]
  [-1.34011019 -1.2836746   2.5       ]
  [-1.02485224 -1.47856543  1.18103658]]]
Experiment	15	-7.580859770846601	1.5229922291533988	233251	7	[[[-2.5         1.92956424 -1.21628518]
  [-1.2322209   1.79155044 -2.5       ]
  [-2.19970258  1.40259707 -2.14929348]
  [-2.21829173  2.5        -2.08670107]
  [-1.49497245  1.66219028 -1.2684058 ]]]
Experiment	16	-8.242476499062718	0.8613755009372817	22699	9	[[[-1.11172664 -1.23356777  2.05672166]
  [-0.42324769 -0.44497581  1.82049333]
  [-1.41126031 -0.40861515  1.37613548]
  [-1.32914043 -0.20073241  2.5       ]
  [-0.72304074  0.55742835  1.63598718]]]
Experiment	17	-7.71521363941045	1.3886383605895496	368109	6	[[[-0.28598976 -2.02022385 -0.53511487]
  [ 0.07151317 -1.33264323 -1.31959698]
  [ 0.53609613 -1.27519802 -0.28766458]
  [-1.03039998 -1.23875152 -1.03525173]
  [-0.69824783 -2.19857956 -1.66162091]]]
Experiment	18	-8.20816166121981	0.8956903387801898	263310	8	[[[-2.5        -0.3009912  -0.10957953]
  [-1.56053525  0.26043803 -0.28587937]
  [-2.5         0.76602825 -0.10276018]
  [-1.48386754 -0.55444094  0.4448545 ]
  [-2.17588638  0.21336803  0.91085824]]]
Experiment	19	-8.055726085221908	1.0481259147780921	337327	8	[[[-1.28606799 -1.30389899 -0.5116991 ]
  [-1.44593507 -0.22158329 -0.3648842 ]
  [-0.64648167 -0.69345908  0.12578193]
  [-0.52080631 -0.70019451 -1.00801423]
  [-0.35199718 -1.75478102 -0.29064587]]]
Experiment	20	-7.9891111570372555	1.1147408429627443	239292	8	[[[-1.49935385  1.71003405  0.50773043]
  [-2.5         0.13993558  0.54781386]
  [-1.43762328  0.56786951  0.52003374]
  [-2.28372961  1.10047269 -0.0102209 ]
  [-2.29194442  1.00070243  1.31254929]]]
Experiment	21	-7.676152965816284	1.427699034183716	456375	8	[[[ 2.5        -1.3835778  -0.67826649]
  [ 1.90567477 -1.7150273  -1.55898239]
  [ 2.31830993 -2.5        -2.15548666]
  [ 2.5        -2.5        -1.01399798]
  [ 1.46115496 -2.03563663 -0.62135108]]]
Experiment	22	-7.716201073078674	1.3876509269213262	311460	5	[[[ 1.32343758  1.73104074  0.88190297]
  [ 0.71439066  2.5         0.41334592]
  [ 0.55102216  1.26024817  0.10775274]
  [ 0.32245847  1.61953846  1.15596929]
  [ 1.33889756  1.82434347 -0.38953648]]]
Experiment	23	-8.011357674545133	1.092494325454867	231031	9	[[[ 2.13978709 -0.9010629  -0.46830134]
  [ 1.51989529  0.50567915  0.63568362]
  [ 1.76467081  0.13046893 -0.41227746]
  [ 1.74176987 -0.6004472   0.52169989]
  [ 2.5         0.19340395  0.45213324]]]
Experiment	24	-8.066935400008873	1.0369165999911267	405466	9	[[[-0.4713768   0.51002138 -0.46011299]
  [-0.15691025  0.93487922 -1.37592546]
  [ 0.61159074  0.54276591 -0.53952564]
  [-0.08156656 -0.18279406 -1.27330529]
  [-0.08731496 -0.50107101 -0.13602345]]]
Experiment	25	-8.117938773526937	0.9859132264730626	97169	9	[[[ 2.5         1.36763879  0.24872916]
  [ 1.94308422  0.66806011 -0.47173655]
  [ 1.98201974  1.77276817 -0.68861613]
  [ 1.36081347  1.36088383  0.28102499]
  [ 1.63036432  2.5         0.06721331]]]
Experiment	26	-8.209407781790325	0.8944442182096743	221004	9	[[[-0.9540478  -1.42867243 -2.00515161]
  [-1.99019368 -1.81162038 -1.99447041]
  [-0.98994225 -2.5        -2.07064637]
  [-1.50432584 -2.10418465 -1.04120989]
  [-0.343602   -2.10065453 -1.23674473]]]
Experiment	27	-7.99916884251769	1.1046831574823095	371780	8	[[[ 1.39475007e+00  1.91246849e-01 -1.44908165e+00]
  [ 3.12696249e-01  1.99843717e-03 -1.73801939e+00]
  [ 5.90511496e-01  1.04460652e+00 -2.28479759e+00]
  [ 1.18819653e+00  1.86303484e-01 -2.50000000e+00]
  [ 5.57655151e-01  9.96546693e-01 -1.17063643e+00]]]
Experiment	28	-8.15654031449389	0.9473116855061097	244891	8	[[[-1.35765121 -1.10772109 -1.46217387]
  [-1.65426562 -1.10103669 -0.40495387]
  [-1.71178682 -0.2368018  -1.97262263]
  [-1.60061997 -0.04510456 -0.90120262]
  [-2.5        -0.6063684  -1.21197845]]]
Experiment	29	-7.876710642570355	1.2271413574296446	410115	7	[[[-1.44176081  1.6425644  -0.40685713]
  [-0.32678989  1.8158733  -0.3733195 ]
  [-0.88121283  2.5         0.16618382]
  [-0.76494677  1.13753197  0.36564449]
  [-0.09303675  1.89715386  0.8074918 ]]]
Experiment	30	-7.483836280698762	1.6200157193012377	99064	9	[[[-0.64717356 -0.01218267  0.23194224]
  [-0.3945331  -1.15167728  0.04972007]
  [-1.35281104 -0.76845895  0.87301793]
  [-0.23875407 -0.64884592  1.00257866]
  [-1.41112376 -0.93641866 -0.13481755]]]
