Experiment	1	-7.9405617446539445	1.1632902553460553	123206	7	[[[ 2.5         0.09462958  1.56190141]
  [ 1.69547291 -0.6410885   1.93096648]
  [ 0.89775426  0.14018193  2.19467309]
  [ 1.91848247  0.6555676   2.40470492]
  [ 1.39943047  0.17126115  1.22484937]]]
Experiment	2	-7.812780032250041	1.291071967749959	15616	9	[[[ 0.90093816  1.89910264 -0.48237921]
  [-0.93232511  1.97588763 -0.93417506]
  [ 0.09771998  2.02919014 -1.20383622]
  [-0.21881794  1.49837713 -0.29359042]
  [ 0.05853997  2.5        -0.08969309]]]
Experiment	3	-7.925182368553018	1.178669631446982	50233	8	[[[ 2.19270101  1.57219126 -1.69083787]
  [ 1.73462099  0.61707003 -1.3552332 ]
  [ 2.14248875  0.74353783 -2.5       ]
  [ 1.18452517  1.02369    -2.1716802 ]
  [ 1.26792659  1.71194468 -1.19596131]]]
Experiment	4	-8.381381050601044	0.7224709493989554	396831	5	[[[ 1.61321114 -0.74979808 -2.26428444]
  [ 1.61495826  0.12104253 -1.50606654]
  [ 2.19189624 -1.70949683 -1.90926162]
  [ 1.55589294 -1.12684297 -1.17680208]
  [ 2.5        -0.7137238  -1.62551022]]]
Experiment	5	-7.863021706114333	1.2408302938856668	113526	8	[[[ 1.9266425  -0.68592568  0.45223462]
  [ 1.20075432  0.27597486  1.9152949 ]
  [ 1.28844338  0.20101469  0.67628396]
  [ 2.12672023 -0.31972825  1.50600266]
  [ 1.21018751 -0.84674923  1.22281091]]]
Experiment	6	-7.967428348653414	1.1364236513465862	179993	8	[[[-1.56802035  0.320375   -0.61703376]
  [-1.37814602 -0.79793257 -0.52939798]
  [-2.5        -0.27697501 -0.71725237]
  [-1.90745641  0.1058837  -1.63678151]
  [-1.91299336 -0.9822991  -1.41082034]]]
Experiment	7	-8.344857093841371	0.7589949061586285	252948	7	[[[-2.06772753 -0.80513938  0.69453504]
  [-2.21305108  0.0771651   1.38109608]
  [-1.13882157 -0.10948528  0.74866055]
  [-2.02249427  0.43977472  0.3315803 ]
  [-1.65320842 -0.40063455 -0.29780942]]]
Experiment	8	-8.153244433295985	0.950607566704015	382210	7	[[[ 0.16225894 -0.07477197 -1.03463281]
  [ 1.36633069  0.01108782 -0.95607374]
  [ 1.97597541 -0.84321485 -0.96710431]
  [ 0.91947369 -0.85588347 -0.44902033]
  [ 0.91864961 -0.83904802 -1.56951323]]]
Experiment	9	-8.300905683684588	0.8029463163154116	358081	6	[[[ 0.99047007  1.48797513  0.25026386]
  [ 0.06966518  1.12301468 -0.18339653]
  [ 1.89735562  1.56413835 -0.67827249]
  [ 1.00910134  0.66684713 -0.55502351]
  [ 0.82270349  1.73347581 -0.80659621]]]
Experiment	10	-7.907349240284186	1.1965027597158135	186829	6	[[[-1.02640447 -1.61683192 -0.36880981]
  [-1.57765843 -1.66694587  0.66355763]
  [-2.07634897 -1.01735695 -0.27237877]
  [-1.90274584 -2.30271637 -0.18153803]
  [-0.74573454 -2.46539915  0.2824142 ]]]
Experiment	11	-8.275401345796778	0.8284506542032215	83186	8	[[[ 0.06892341  1.12181703 -0.51049617]
  [ 0.68455601  0.35083572 -1.0183592 ]
  [ 1.33437552 -0.06755545 -0.09994677]
  [ 0.17744496  0.1010173   0.01830202]
  [ 0.93333331  0.99345973  0.14732931]]]
Experiment	12	-7.841115159037854	1.2627368409621456	174943	8	[[[1.06562897 2.24856187 1.64925112]
  [1.00428735 2.25275156 0.6048269 ]
  [1.46785138 1.26539244 1.15609047]
  [1.98202862 2.29244147 1.17122529]
  [1.72024749 1.58002925 2.20483569]]]
Experiment	13	-8.197878066523911	0.9059739334760888	24493	9	[[[ 0.36336718 -0.06612157  0.36941646]
  [-0.02898924  1.03746867  0.40412806]
  [ 1.46765597  0.29748777  0.18111494]
  [ 1.03283079  1.3446066   0.37222837]
  [ 0.6198202   0.65561465 -0.40462425]]]
Experiment	14	-8.304924680362246	0.7989273196377535	142834	9	[[[-2.02172885 -1.75192296 -2.38396208]
  [-2.5        -0.80816738 -2.42761047]
  [-0.92032675 -1.60221811 -1.9135144 ]
  [-1.89502903 -1.0878129  -1.42223287]
  [-1.40066902 -0.80756945 -2.5       ]]]
Experiment	15	-8.116923220899633	0.9869287791003671	438021	8	[[[-0.31254947  1.41560458  0.69537453]
  [-0.94525017  2.1178155   0.18164137]
  [ 0.00286483  2.48008423  0.29918595]
  [-0.98597737  1.03099467 -0.20258845]
  [-0.02911167  1.64638526 -0.39907958]]]
Experiment	16	-8.652144641090812	0.45170735890918756	307696	8	[[[-0.07710427  2.1462081  -1.81630771]
  [ 0.1446241   1.11848376 -1.42241511]
  [-0.92628933  1.64200959 -1.29164632]
  [-0.8114208   0.53560587 -1.30367135]
  [-0.61693386  1.12630944 -2.29198523]]]
Experiment	17	-7.6953197827092605	1.4085322172907393	290785	7	[[[-0.33320129  2.5        -0.63433331]
  [-0.40047582  0.52935301 -0.39961216]
  [-0.99146611  1.58437658 -0.61645649]
  [ 0.02518405  1.46174727 -0.23774855]
  [-0.05204885  1.60074355 -1.30071346]]]
Experiment	18	-7.764635061724281	1.3392169382757189	283088	7	[[[-0.45475291 -0.0277238   0.11931905]
  [ 0.10832966 -0.73233471 -0.53581864]
  [ 0.54771867 -0.65914539  0.45210621]
  [-0.48610745  0.15593832 -0.96161715]
  [ 0.57516572  0.36061587 -0.56034538]]]
Experiment	19	-7.704035044498093	1.3998169555019064	403076	5	[[[-0.16018081 -1.64275424  0.19436088]
  [-0.54419235 -1.45861153  1.365332  ]
  [-0.00300547 -2.5         0.91378273]
  [ 0.48912605 -1.51192424  1.0930697 ]
  [-0.47618391 -2.37259431  1.93382005]]]
Experiment	20	-8.084565816405757	1.019286183594243	154062	8	[[[ 0.46190013 -1.15185745  0.50290006]
  [ 1.2289951  -1.8770883   0.87994338]
  [ 1.98345359 -1.38723873  1.37837227]
  [ 1.17905648 -0.65937194  1.23860876]
  [ 1.60146485 -1.04928113  0.25699179]]]
Experiment	21	-7.766294994705699	1.3375570052943004	89268	8	[[[-1.59835571  1.22376338  2.5       ]
  [-1.09515897  1.3476735   1.44748912]
  [-0.52992613  0.63979441  2.13540112]
  [-2.16742791  1.04776171  1.58864481]
  [-1.57121224  0.20138262  2.23153956]]]
Experiment	22	-8.127206876192504	0.9766451238074954	234161	8	[[[ 2.5        -1.76222615 -0.68649151]
  [ 1.59697138 -1.62936188 -0.18305691]
  [ 2.5        -0.82220152  0.15028149]
  [ 1.71007753 -1.19163096  0.87767443]
  [ 2.5        -1.90623181  0.49903466]]]
Experiment	23	-7.890890547312438	1.212961452687562	68207	8	[[[-1.88728119 -1.688322    0.45598146]
  [-1.63692915 -0.60203405 -0.0300098 ]
  [-2.5        -0.76046776  0.62697763]
  [-1.00915939 -0.97685337  0.78037465]
  [-1.9187325  -1.01185248  1.46321822]]]
Experiment	24	-8.083581799225149	1.020270200774851	391648	7	[[[1.85289063 1.01321653 1.11474102]
  [2.04761136 1.43962185 0.08162178]
  [1.13377872 1.79303534 0.7184243 ]
  [1.10205758 0.81127115 0.23662714]
  [0.86255655 0.38655441 1.19218435]]]
Experiment	25	-7.893687028577043	1.210164971422957	491924	8	[[[ 1.24333527 -2.3935283   0.62258907]
  [ 0.23305363 -1.69672282  1.4577602 ]
  [ 1.29843181 -1.57676944  1.40415082]
  [ 0.88193142 -2.5         1.73584543]
  [ 0.72967492 -1.40644831  0.39470645]]]
Experiment	26	-8.070401597938487	1.0334504020615132	115745	8	[[[2.13129568 1.80370541 1.03379215]
  [0.54112399 1.38915063 1.32745017]
  [1.47254658 1.25580568 1.81036061]
  [1.07380819 1.76818622 0.46769056]
  [1.19296958 2.3038711  1.47979796]]]
Experiment	27	-7.8906638025980556	1.2131881974019443	296526	9	[[[-1.98304923  0.45412669  1.29692183]
  [-2.5        -0.21252611  1.95150917]
  [-1.3668918  -0.2450001   1.88944692]
  [-1.20026588  1.22811622  1.88172218]
  [-1.86725101  0.52288162  2.5       ]]]
Experiment	28	-7.904435493656939	1.199416506343061	257305	5	[[[ 1.28648189 -1.29447914 -0.98774055]
  [ 2.5        -2.23477011 -1.17360455]
  [ 0.97399177 -1.74059386  0.00574737]
  [ 2.09364467 -1.72299482 -0.25311992]
  [ 1.50567823 -2.5        -0.75688984]]]
Experiment	29	-8.387480511523561	0.7163714884764385	85000	8	[[[ 0.27941357  0.16380229  0.57053415]
  [-0.23630315  0.55638917  1.67053457]
  [ 0.92782283  0.7738525   1.23879434]
  [-0.10316946  1.1816661   0.76713462]
  [ 0.81601648  1.05479777  0.13921579]]]
Experiment	30	-7.675399549986068	1.428452450013932	54888	8	[[[-0.26412942 -1.06563632  1.29511379]
  [ 0.1506862  -0.20964837  0.60726603]
  [-0.87340342  0.17935834  1.0019802 ]
  [-0.78587419 -0.75441501  0.26987725]
  [-1.51572253 -0.91300024  1.0887759 ]]]
