Experiment	1	-8.214723288813742	0.8891287111862578	88502	9	[[[ 0.31037383 -0.62888685 -1.43069428]
  [-0.81221991 -0.80138554 -1.4666629 ]
  [-0.25674022 -0.92807207 -2.5       ]
  [ 0.19451168 -1.71692999 -1.85408337]
  [-0.90515076 -1.72936914 -2.07406415]]]
Experiment	2	-8.39789684876618	0.7059551512338196	243190	8	[[[-0.57567581  0.6319728   1.05458544]
  [-0.27194554 -0.38972358  0.3253686 ]
  [-1.28652775  0.05175438  0.32185589]
  [-0.78972302 -0.43537798  1.23632442]
  [ 0.27773824 -0.02641908  1.24948154]]]
Experiment	3	-8.425820423690096	0.6780315763099036	395923	6	[[[-1.80969869 -1.24194959  0.82674702]
  [-0.71980681 -0.92422945  0.39940829]
  [-1.73067113 -0.46292779  0.02589252]
  [-0.84144729 -0.55439247 -0.57992385]
  [-1.36020347 -1.48816353 -0.28578893]]]
Experiment	4	-8.309885728963401	0.7939662710365987	468882	7	[[[ 0.22010363 -0.97149948 -2.5       ]
  [-0.11118349 -0.304035   -1.64606279]
  [-0.78358047 -0.52307097 -2.48698629]
  [ 0.14749313  0.3309681  -2.5       ]
  [ 0.9924534  -0.30185559 -1.97093297]]]
Experiment	5	-8.466881175369373	0.6369708246306267	338531	7	[[[ 0.09665644  1.10512939 -1.58105809]
  [-0.76994702  0.31201153 -1.85350937]
  [-0.83235682  1.11595534 -1.00121688]
  [-0.23963569  2.10131279 -1.25625569]
  [-0.75635129  1.45492393 -2.09886608]]]
Experiment	6	-8.346587206937164	0.757264793062836	387150	7	[[[-1.36469002 -1.4366283  -2.5       ]
  [-2.30215199 -0.8631492  -1.24541387]
  [-1.64014257 -1.80819263 -1.51429547]
  [-2.41671462 -1.39103302 -2.2414118 ]
  [-1.25627191 -0.76448438 -1.59941772]]]
Experiment	7	-8.396134495479256	0.707717504520744	157937	6	[[[-0.86522532  0.47423119  0.35070991]
  [-1.15331211 -0.32681155  0.97437739]
  [-0.08555869  0.08840742  1.13299275]
  [ 0.18410695  0.24890652  0.0726004 ]
  [-0.27220625 -0.74152564  0.40625086]]]
Experiment	8	-8.454498122282319	0.6493538777176813	183840	9	[[[-0.77285524 -0.00282351 -0.4433036 ]
  [-0.32623986 -0.39642879 -1.42907607]
  [-0.15302492  0.7415001  -1.07930923]
  [ 0.14774139  0.61765605 -0.01302776]
  [ 0.42930765 -0.20778534 -0.6970314 ]]]
Experiment	9	-8.379156553965137	0.7246954460348629	410556	7	[[[-0.87053877 -0.15410942  0.15432159]
  [-1.44683911 -0.95647763  0.71212205]
  [-0.71915062 -0.30101666  1.37413126]
  [-0.3518187  -1.09629888  0.71056594]
  [-1.62443134  0.17541158  1.03626163]]]
Experiment	10	-8.306292018500155	0.7975599814998446	29583	9	[[[-0.13514972 -2.43836161 -2.11504665]
  [-0.74965411 -2.5        -1.16285497]
  [-1.3313462  -2.5        -2.15023189]
  [-1.8717187  -1.99757698 -1.3399871 ]
  [-0.95887945 -1.56104779 -1.69436122]]]
Experiment	11	-8.639122595512093	0.46472940448790645	228898	8	[[[ 0.1785265   0.39978425 -0.51738651]
  [-0.34290153  0.87980825  0.29259613]
  [-0.35387533 -0.55381995 -0.81078592]
  [-0.98855219  0.39965654 -0.48041669]
  [-0.40539393 -0.19699328  0.20011617]]]
Experiment	12	-8.409608963125253	0.694243036874747	154052	8	[[[ 0.04792615 -2.04692035  0.02401853]
  [ 0.05182886 -1.22873912 -0.66963429]
  [ 1.01512729 -1.33634973 -0.2040425 ]
  [ 0.61278017 -2.18421272 -0.91981311]
  [ 1.00177646 -2.5         0.05688943]]]
Experiment	13	-8.346910866252042	0.7569411337479579	343643	8	[[[-0.00874352  1.11485971  0.18402583]
  [ 0.66498158  1.88205666 -0.2442262 ]
  [-0.18942064  1.48576721 -0.84014201]
  [-0.42398938  2.08921856  0.12664664]
  [-1.18047446  1.27547223 -0.02432988]]]
Experiment	14	-8.303552778319837	0.800299221680163	283114	8	[[[-1.25390069 -0.68875035  1.37083356]
  [-2.24720734 -0.46591049  1.02179201]
  [-1.27142181  0.17799667  0.61797227]
  [-1.32356466 -0.84264764  0.31007299]
  [-2.17533914 -0.05197491 -0.0271197 ]]]
Experiment	15	-8.159051486541731	0.9448005134582687	195999	8	[[[ 1.05448116e-03  1.16907120e+00 -5.54492520e-01]
  [ 3.82292123e-01  2.17395431e+00 -8.19200001e-01]
  [ 9.35100212e-01  1.54659783e+00 -1.58036545e-01]
  [ 7.60282271e-02  1.21479550e+00  5.87315330e-01]
  [ 2.40434924e-01  2.33975305e+00  2.77202831e-01]]]
Experiment	16	-8.184510409001945	0.9193415909980551	27956	9	[[[-2.24115201 -0.99395378  0.17884111]
  [-1.42141237 -0.42138221  0.68077154]
  [-1.61300021 -0.35817269 -0.47483919]
  [-1.00442895 -1.16948286 -0.01351053]
  [-2.11274239  0.29806391  0.33177336]]]
Experiment	17	-8.391314070223578	0.7125379297764223	87868	9	[[[ 1.47344448 -2.5        -0.72282936]
  [ 0.46171455 -2.0753316  -1.03483961]
  [ 1.11099354 -2.24399256 -1.87043019]
  [ 1.03410029 -1.62155641 -0.19327305]
  [ 1.60697668 -1.49554071 -1.22588933]]]
Experiment	18	-8.155075315893056	0.948776684106944	108345	8	[[[ 1.46316587  0.44015071 -0.17419513]
  [ 1.84474899  0.43079402  0.97666357]
  [ 1.98538128 -0.39639913  0.34653021]
  [ 2.5         0.5763596   0.05002853]
  [ 0.8570222  -0.28197839  0.50939897]]]
Experiment	19	-8.302823343137506	0.8010286568624938	313570	7	[[[ 1.50791822 -0.96496646 -1.55653145]
  [ 1.78465208 -0.1929612  -0.90283753]
  [ 2.33741303 -0.34475055 -1.90162871]
  [ 1.68196738 -1.16600181 -0.35024555]
  [ 2.5        -1.17107655 -1.17081463]]]
Experiment	20	-8.195846999218194	0.9080050007818059	400550	5	[[[-0.08412919 -0.42638241 -0.27206733]
  [-0.99207916 -0.13353395 -1.02550191]
  [ 0.10400351  0.08689733 -1.21149643]
  [-0.24228268 -0.95974462 -1.44061922]
  [-0.32840373  0.6999496  -0.36876529]]]
Experiment	21	-8.37113310663267	0.7327188933673305	114195	8	[[[ 2.09826686  0.10152418 -0.17938954]
  [ 1.77721097 -0.83893888  0.30552986]
  [ 2.39001014 -0.90782953 -0.6307029 ]
  [ 2.23292417  0.01558826 -1.28595009]
  [ 1.27503316 -0.70804388 -0.69769215]]]
Experiment	22	-8.263872790416668	0.8399792095833316	497325	8	[[[-0.68578817  1.16997871  0.04222741]
  [-1.06212779  2.14515396 -0.22735431]
  [-1.90874302  1.45029302  0.01050245]
  [-1.19002743  1.82358096  0.84525857]
  [-1.26699721  0.74063998  0.93842232]]]
Experiment	23	-8.497175747119966	0.6066762528800336	293896	8	[[[-0.34992085  0.69878603 -0.64658318]
  [ 0.5989154   0.27728772 -0.38129903]
  [ 0.24128467  0.28875074 -1.41034114]
  [ 0.62148644  1.26984965 -0.98892915]
  [ 1.3518694   0.4998372  -1.15892244]]]
Experiment	24	-8.736473920819874	0.367378079180126	456417	5	[[[ 0.53343499  0.37772365  2.02936306]
  [ 1.14780216 -0.48745233  1.54205843]
  [ 0.03620828 -0.41472667  1.41098862]
  [ 0.50701796 -0.60235824  2.5       ]
  [ 1.52953616  0.02933795  2.44572275]]]
Experiment	25	-8.3049392865749	0.7989127134251	173757	7	[[[ 0.95660438 -1.39021218 -1.83352627]
  [-0.09917408 -1.7516569  -1.71684634]
  [ 0.65258359 -1.77015286 -0.78748775]
  [-0.02568033 -0.93496786 -1.01480987]
  [ 0.823455   -2.5        -1.66152586]]]
Experiment	26	-8.449697487140245	0.6541545128597548	138411	8	[[[-0.0012705   0.86183787  0.62919917]
  [ 0.04935932 -0.17524708  1.13077537]
  [ 0.85291304 -0.79924624  0.63403265]
  [-0.00828614 -0.11919501 -0.00565498]
  [ 0.97887159  0.30985628  0.66977627]]]
Experiment	27	-8.384836453202317	0.7190155467976833	54834	8	[[[ 0.70406491  0.02111906  1.58707302]
  [-0.3522441   0.04475732  1.3345886 ]
  [ 0.24909242  1.01065364  1.62688843]
  [ 0.63304514  0.59731525  0.66820037]
  [ 1.41066676  0.83451544  1.44702653]]]
Experiment	28	-8.32355814235957	0.7802938576404301	479292	6	[[[ 1.66511829 -2.07440254 -0.93076974]
  [ 1.46887772 -0.95206842 -0.87420008]
  [ 2.00888786 -1.38557743  0.08441108]
  [ 1.75773989 -1.40745919 -1.91177716]
  [ 2.48335659 -1.3650571  -1.05847345]]]
Experiment	29	-8.476136094559928	0.6277159054400716	421077	6	[[[-0.64914817 -1.47593677  0.57460807]
  [-1.38530549 -0.949196    1.23024938]
  [-1.6324615   0.09575334  0.90173068]
  [-1.37127604 -0.82646648  0.15989353]
  [-0.58283779 -0.3970836   0.80165704]]]
Experiment	30	-8.45285594370411	0.6509960562958899	97936	9	[[[-1.65251232  0.08298226 -2.5       ]
  [-0.82086454  0.73051362 -1.76754512]
  [-0.56149755 -0.10955618 -2.41484474]
  [-1.20057822 -0.29581211 -1.56285068]
  [-0.17077213 -0.07994303 -1.40795354]]]
