Experiment	1	-8.470377842641893	0.6334741573581066	62512	8	[[[-1.13594545 -1.05057483 -0.69961493]
  [-1.36665193 -1.04286187  0.42414746]
  [-1.46645174 -0.03269958 -0.41744347]
  [-0.5312632  -0.38930881  0.05690818]
  [-0.42584985 -1.46981452  0.11975366]]]
Experiment	2	-8.605341794958678	0.49851020504132215	235030	9	[[[-0.59984593 -0.45788437 -1.15584704]
  [-1.50634693 -0.51997459 -0.49136784]
  [-0.99650836  0.4540099  -0.51869632]
  [-1.49699904 -1.00233713 -1.51415446]
  [-1.72165109  0.09961794 -1.40689262]]]
Experiment	3	-7.784371963003576	1.3194800369964241	9084	9	[[[ 6.55540017e-01 -6.37032915e-01 -5.27800172e-01]
  [ 2.37879913e+00 -1.75905517e-01 -2.49239036e-01]
  [ 1.70934968e+00 -9.35293669e-01 -1.34255157e-01]
  [ 1.42376209e+00  2.23441992e-02 -8.61235644e-01]
  [ 1.24058323e+00  2.16196655e-03  2.66406584e-01]]]
Experiment	4	-8.078787371048579	1.0250646289514211	32897	9	[[[ 1.5097049  -0.92135403  1.70680335]
  [ 2.15075075 -1.38960013  2.5       ]
  [ 1.437263   -2.18500242  2.03855501]
  [ 2.5        -2.5         2.5       ]
  [ 2.29223172 -1.82362669  1.46131174]]]
Experiment	5	-8.140785074258455	0.9630669257415452	187775	8	[[[ 0.70839425 -0.43910364  0.85206963]
  [ 2.28861331  0.70751848  0.471372  ]
  [ 1.77780641 -0.24797056  1.12470163]
  [ 1.53882677  0.00311704  0.11391003]
  [ 1.20220329  0.70575825  0.98822582]]]
Experiment	6	-7.810461884725035	1.2933901152749652	337928	8	[[[ 0.15514476 -1.9875036  -0.04914544]
  [ 1.07771844 -1.91223944 -0.52727247]
  [-0.57562817 -1.67986655 -0.93389785]
  [ 0.26355079 -1.03353624 -0.57629166]
  [ 0.38526967 -1.80978343 -1.47937594]]]
Experiment	7	-7.813310169946735	1.2905418300532645	461002	8	[[[ 0.57001504 -2.5         2.07537151]
  [ 2.5        -1.95424277  1.6816652 ]
  [ 1.72323847 -2.11651597  2.5       ]
  [ 1.488736   -1.34223368  1.71378379]
  [ 1.49837483 -2.5         1.49855916]]]
Experiment	8	-7.497719478144844	1.606132521855156	110586	8	[[[ 1.46146629 -0.23001384 -1.60287045]
  [ 1.71520793 -0.23889419 -0.48208347]
  [ 2.5        -0.54947928 -1.35266792]
  [ 1.96476289 -0.93234124 -2.23290901]
  [ 1.45211141 -1.31826503 -1.02145329]]]
Experiment	9	-7.977093445903443	1.1267585540965568	372266	8	[[[-0.44892177 -0.91356822 -0.41263576]
  [-0.06241275 -0.91202505 -2.0879751 ]
  [ 0.23744628 -0.46823516 -1.12076232]
  [-0.79025606 -0.58104061 -1.4242162 ]
  [-0.49515101 -1.59704226 -1.24248423]]]
Experiment	10	-8.363660702947197	0.7401912970528031	462555	8	[[[-0.02904009 -2.17888984 -1.49938379]
  [-0.75480436 -0.89067687 -2.5       ]
  [ 0.10007944 -1.5890637  -2.40969268]
  [-0.83537864 -2.04002247 -2.17306165]
  [-0.40028102 -1.16196561 -1.53950951]]]
Experiment	11	-7.955441793589419	1.1484102064105812	353865	7	[[[ 0.15827515 -1.27585661 -2.01892276]
  [ 0.87915181 -2.04111663 -2.33297823]
  [ 0.89421183 -1.56413083 -1.34463904]
  [ 0.2275165  -2.5        -1.42851145]
  [ 1.2349894  -0.91691684 -2.19015197]]]
Experiment	12	-7.699731320706042	1.4041206792939578	233077	8	[[[-0.63615086 -2.12200485 -1.06016342]
  [-1.22893441 -1.44138621 -0.51312724]
  [ 0.04154976 -1.47209837 -0.4220457 ]
  [-0.42990036 -0.96595521 -1.23492512]
  [ 0.17290208 -1.79311328 -1.79592241]]]
Experiment	13	-8.179515493543146	0.9243365064568536	360325	6	[[[0.22238797 1.25030797 1.93727288]
  [0.78798791 2.11057687 1.57204056]
  [1.06136606 1.10361269 1.27113324]
  [1.25817197 0.46682629 2.1279306 ]
  [1.14373795 1.52405474 2.5       ]]]
Experiment	14	-7.973062152448664	1.1307898475513358	20305	9	[[[-0.37569384  1.53050428  2.4727994 ]
  [-0.33956782  0.51983403  2.05379208]
  [ 0.39451904  1.38248874  1.72688987]
  [-0.43108513  0.92731632  1.05216998]
  [-1.30212347  1.13760849  1.82748082]]]
Experiment	15	-8.02567079778582	1.0781812022141803	458950	7	[[[-1.47976709  0.57578747  0.08536665]
  [-2.01395539  0.56759482  1.00865103]
  [-0.97420879  0.01920494  0.9483656 ]
  [-1.05780837  1.08020958  0.95843115]
  [-0.25935236  0.81197237  0.31592433]]]
Experiment	16	-7.829335339894758	1.2745166601052418	267378	6	[[[ 1.52200961  2.5        -0.72886898]
  [ 0.92480094  1.33535878 -1.29630163]
  [-0.16807554  1.71468162 -1.23096331]
  [ 0.5598136   2.05074061 -0.39870072]
  [ 0.66869083  2.48358908 -1.55780465]]]
Experiment	17	-8.109108094132058	0.9947439058679421	105729	8	[[[-0.27674601 -1.18504443 -0.01325938]
  [ 0.24446271 -1.16487235  1.00225983]
  [ 0.87319397 -1.77332166  0.24703152]
  [ 0.81038424 -0.66938277  0.23705683]
  [-0.06520602 -0.1583382   0.68430599]]]
Experiment	18	-7.588321186714542	1.5155308132854577	293895	7	[[[ 1.54371554  0.433234   -0.5179209 ]
  [ 0.46047507  0.15938228 -1.83210443]
  [ 1.65403927  0.59279506 -1.69877708]
  [ 0.38411553  0.21087894 -0.72437547]
  [ 0.83936464  1.11716453 -1.17093011]]]
Experiment	19	-8.058927193098404	1.0449248069015962	349838	7	[[[ 0.60601517  0.62927381 -1.59720633]
  [ 0.73942298 -0.91524456 -2.5       ]
  [-0.05407016 -0.16679715 -2.17491165]
  [ 0.70847572 -0.50814523 -1.41949293]
  [ 1.45280475 -0.02394305 -2.14678411]]]
Experiment	20	-7.837115959206572	1.266736040793428	56086	8	[[[-0.25327293  0.45087816 -1.57277759]
  [-0.33079515  0.00317815 -0.51473099]
  [ 0.32574958 -0.68969678 -1.07961267]
  [ 0.56218329 -0.01313604 -2.15040833]
  [ 0.63501679  0.34916197 -0.89335253]]]
Experiment	21	-8.507070595184524	0.5967814048154754	204608	7	[[[ 0.86621054  2.38768249 -1.52718337]
  [-0.03402081  1.81312335 -1.73809898]
  [ 0.85495797  1.81093142 -2.5       ]
  [ 1.06557633  1.2230156  -1.56751583]
  [ 0.19521122  0.9191583  -2.38397729]]]
Experiment	22	-7.722199157241062	1.381652842758938	152411	8	[[[ 0.64464653  0.56161984 -0.86751411]
  [ 1.47726513  0.19924541 -1.49420438]
  [-0.0819631   1.17904058 -1.71428637]
  [ 0.35583516  0.06401747 -1.75043116]
  [ 0.86881683  0.97811506 -2.08516086]]]
Experiment	23	-7.734293136803366	1.3695588631966338	306001	7	[[[-1.49620249 -1.04824519  1.36520954]
  [-1.98179159 -0.05194936  1.94152084]
  [-0.93025391 -1.69607342  2.18956906]
  [-2.00905803 -1.31346966  2.3198801 ]
  [-1.04474455 -0.56392477  2.46371037]]]
Experiment	24	-8.155992251866202	0.9478597481337978	470722	8	[[[ 1.19284706  0.32449497 -1.7035761 ]
  [ 0.64465107 -0.18041831 -2.5       ]
  [ 0.71428952  0.98515405 -2.5       ]
  [ 0.13668676  0.43799528 -1.61788673]
  [ 0.38907141 -0.72658492 -1.58278633]]]
Experiment	25	-7.994515976153542	1.109336023846458	205080	7	[[[ 1.89096676 -0.42194376  2.33060482]
  [ 2.0364684   0.30522566  1.47948078]
  [ 1.42121611  0.59857809  2.5       ]
  [ 2.5         0.66125018  2.49021136]
  [ 2.05480855  1.49535521  1.9791498 ]]]
Experiment	26	-7.9063777525629115	1.1974742474370883	366265	7	[[[-2.28821292 -0.34420082  0.46180399]
  [-1.51780147  0.32970748  0.04408038]
  [-1.37417891  0.2018831   1.12967904]
  [-1.96420689 -0.64706589  1.48339933]
  [-2.5         0.32367315  1.39679317]]]
Experiment	27	-8.122811312421346	0.9810406875786537	470074	6	[[[-2.14160385 -2.23018028 -1.12221704]
  [-2.5        -1.2209607  -0.70241202]
  [-1.43895022 -1.30896652 -1.28056652]
  [-2.07172773 -1.97188768 -0.02970922]
  [-1.15854927 -2.2469641  -0.65299302]]]
Experiment	28	-8.426959860738098	0.6768921392619021	352337	8	[[[-1.59991125  2.5         0.70002536]
  [-1.49658596  1.62564595  1.47311228]
  [-2.5         1.90987591  0.96505561]
  [-2.09684615  2.5         1.8544576 ]
  [-2.5         1.55499174  2.04224139]]]
Experiment	29	-7.9560891083450205	1.1477628916549794	345703	8	[[[-1.71461825 -2.5         1.80912209]
  [-2.5        -2.07755698  0.80441143]
  [-1.59294464 -1.7036041   2.5       ]
  [-1.50241774 -1.51648732  1.26501961]
  [-2.5        -1.65882076  1.86440748]]]
Experiment	30	-7.9527950024987355	1.1510569975012643	251554	6	[[[-0.66103217 -0.76760937  0.21352339]
  [-0.9034281   0.17051076 -0.26517225]
  [-1.75814376 -0.52533807 -0.06127467]
  [-1.91432168  0.57590169 -0.20927488]
  [-1.53575855  0.20594654  0.68439906]]]
