Experiment	1	-8.202742171869623	0.9011098281303767	155356	8	[[[-0.85069141 -1.21408861 -0.10879694]
  [-0.20361956 -0.35858442 -0.27910832]
  [-0.45356451 -1.02235815 -1.12893501]
  [ 0.13507448 -1.48298304 -0.21498414]
  [-1.25669593 -0.39391979 -0.62981468]]]
Experiment	2	-8.58655580326224	0.5172961967377603	384625	9	[[[-0.30693626  1.3699574  -0.35460974]
  [ 0.73112938  2.2877152   0.94330038]
  [-0.01013571  2.35015388  0.11789473]
  [ 0.82853998  1.5859735   0.01849416]
  [-0.08145242  1.4833024   0.82687133]]]
Experiment	3	-8.19555659311324	0.9082954068867597	216511	8	[[[ 1.11413063  1.23458789  0.14010967]
  [ 0.17666573  0.69338046  0.67465419]
  [-0.33534656  0.30811418 -0.30101261]
  [ 0.09168899  1.26251796 -0.2590666 ]
  [ 0.79680272  0.35977983 -0.43603857]]]
Experiment	4	-8.29654399443594	0.8073080055640602	205785	8	[[[-0.24140891  1.37042575  1.78573134]
  [ 0.66450085  1.13891857  2.5       ]
  [ 0.06574202  0.37617175  1.97707044]
  [-0.49563774  0.54857079  1.04748437]
  [ 0.66315177  0.9416237   1.29436227]]]
Experiment	5	-8.146434446092789	0.9574175539072112	384210	6	[[[-7.31446208e-01 -1.06407743e+00 -1.06444128e+00]
  [-1.03396414e+00 -1.50413204e+00  1.15519407e-03]
  [-1.32752409e+00 -2.03175232e+00 -1.08838171e+00]
  [-2.09358353e-01 -2.06591336e+00 -8.60538030e-01]
  [-1.88132001e+00 -1.13695143e+00 -6.22869567e-01]]]
Experiment	6	-8.242473319144136	0.8613786808558643	68790	8	[[[ 1.80309892 -0.27523446 -1.55442648]
  [ 2.5         0.6066799  -1.54956807]
  [ 1.42977842 -0.69232129 -0.63017137]
  [ 1.41112165  0.71646748 -1.25080724]
  [ 2.13785537  0.14629601 -0.57312985]]]
Experiment	7	-8.286821242718123	0.8170307572818771	156527	7	[[[-1.73725816 -0.99534835  1.00275083]
  [-0.66452003 -1.28282496  0.95995028]
  [-1.13062404 -0.22119333  0.41725032]
  [-0.16647704 -0.09436836  0.88567323]
  [-0.96474584 -0.41262477  1.58998957]]]
Experiment	8	-8.573624801792121	0.5302271982078786	454866	7	[[[-2.0691908   1.35582193 -1.42320614]
  [-1.17296805  2.5        -0.27847688]
  [-1.37468417  2.22419283 -1.32286175]
  [-1.2121793   1.40375802 -0.50276897]
  [-2.16552981  2.11083507 -0.51084675]]]
Experiment	9	-8.69741825244742	0.40643374755257966	259476	8	[[[ 0.61668445 -0.07764841 -0.83209924]
  [ 0.29205631  1.03668716 -0.74078934]
  [ 0.84945905  0.53054171 -1.69218612]
  [-0.35362098  0.16306005 -0.40571865]
  [-0.23792141  0.31177168 -1.46374648]]]
Experiment	10	-8.42546920626115	0.6783827937388498	7609	9	[[[-1.37595954 -0.98082143 -0.04237621]
  [-0.22628396 -1.06395197  0.07827777]
  [-1.89012648 -1.56801917 -0.79392084]
  [-0.73669649 -1.17162338 -0.89484762]
  [-0.90777202 -2.01697006 -0.20529824]]]
Experiment	11	-8.406211707775515	0.6976402922244844	455522	6	[[[-0.15123833  0.90435153 -0.90525026]
  [ 0.57272267  0.78829133  0.02669057]
  [ 0.09511802 -0.12422266 -0.66580672]
  [ 0.89295142  0.52470511 -0.98494065]
  [-0.51338089  0.53892493  0.16649992]]]
Experiment	12	-8.467227649560494	0.6366243504395062	178137	7	[[[-0.64920011  0.24539778 -0.92493394]
  [-1.21020947  0.03089258  0.04845886]
  [-1.8559593   0.18542118 -0.81238672]
  [-2.11803042  0.71091921  0.09988112]
  [-1.25653541  1.13479203 -0.59278851]]]
Experiment	13	-8.620739407074991	0.48311259292500885	250432	7	[[[ 1.69038205 -1.48087189  0.69712918]
  [ 2.00924358 -0.38162881  0.70160869]
  [ 1.37646779 -0.82839276 -0.17367417]
  [ 2.5        -1.07431962 -0.16552182]
  [ 0.92442953 -0.68063798  0.85733741]]]
Experiment	14	-8.397948644819557	0.7059033551804426	34379	9	[[[ 0.28129284  1.66185923  1.55996508]
  [-0.53651735  2.37117737  1.34327334]
  [-0.89174059  1.37081135  1.69976916]
  [ 0.01147195  1.08042347  2.45556304]
  [-0.39729209  2.10523861  2.5       ]]]
Experiment	15	-8.723338594652308	0.38051340534769196	53196	8	[[[-0.35090845  2.5         0.17129403]
  [ 0.17456629  2.47106467  1.18891636]
  [-0.12619684  1.53820886  1.71250767]
  [-0.8640039   2.25546259  1.10900796]
  [-0.17684115  1.4976392   0.61106025]]]
Experiment	16	-8.324578071625172	0.7792739283748276	102326	8	[[[-0.98706503  1.58916328 -1.60964623]
  [-0.59549558  1.48893754 -0.50357279]
  [-1.58900394  1.97624452 -0.73242512]
  [-1.5797075   0.83029083 -1.14374754]
  [-1.54055524  1.07176147 -0.02458258]]]
Experiment	17	-8.257569885854764	0.8462821141452359	340440	7	[[[-0.20342344 -0.4146234  -0.66888813]
  [ 0.40984655  0.38753841 -0.23324257]
  [ 0.88199982 -0.56450926 -0.45904311]
  [ 0.22702596 -0.55165317  0.4175793 ]
  [ 0.35031195 -1.55299932 -0.36096313]]]
Experiment	18	-8.30725444822334	0.7965975517766601	362242	8	[[[-1.26643189 -0.04339615  1.32589519]
  [-0.40747104  0.16768349  2.09485957]
  [-0.86727278  0.97959663  1.39712547]
  [-0.76551203  1.10562371  2.5       ]
  [-1.62800537  0.35978133  2.29605345]]]
Experiment	19	-8.263187322438636	0.8406646775613638	108138	8	[[[-1.55733801  0.88068713  0.27106848]
  [-1.63632038 -0.27974784  0.37064733]
  [-1.90096737  0.39504479  1.1445038 ]
  [-0.84081616  0.29312088  0.88255091]
  [-0.95580853  0.14025379 -0.4075121 ]]]
Experiment	20	-8.13449097260798	0.9693610273920203	76566	9	[[[-0.21539169  0.39517431 -1.23938397]
  [-1.17750102 -0.8611846  -0.26806299]
  [-0.74581386  0.21800119 -0.34636359]
  [-0.03732067 -0.67700912 -0.50646146]
  [-0.92523812 -0.52256253 -1.27466432]]]
Experiment	21	-8.045014878756422	1.0588371212435774	81787	8	[[[ 1.90449071 -0.27151266 -0.99182869]
  [ 1.17979654 -0.20733803 -1.92603015]
  [ 2.15054044 -0.67193743 -2.025814  ]
  [ 0.42755168 -0.58931778 -1.19414793]
  [ 1.32277402 -1.15966654 -1.46358327]]]
Experiment	22	-8.275188726582424	0.8286632734175754	427324	6	[[[-0.88811033 -1.33976923  0.78525947]
  [-0.30057352 -0.31509801  0.58271263]
  [ 0.13714941 -1.25824889  0.50964783]
  [-0.73575121 -0.97063335 -0.20071372]
  [-0.18329113 -0.96177962  1.56493459]]]
Experiment	23	-8.72699629086112	0.37685570913888	469730	9	[[[-0.24411042 -1.12799058 -0.46482761]
  [-0.70458973 -2.14477817 -0.43473802]
  [ 0.45293386 -1.94522073 -0.21547296]
  [-0.03522013 -1.83620584 -1.33001834]
  [-1.09876364 -1.42684159 -1.1838137 ]]]
Experiment	24	-8.286205916952806	0.8176460830471939	142345	8	[[[ 2.17677515 -1.19847288 -0.24664282]
  [ 1.09842736 -1.48477491 -0.83986535]
  [ 1.78336883 -1.32304148  0.9174832 ]
  [ 1.46435477 -1.9653945   0.05894549]
  [ 1.01864448 -0.95432989  0.12567051]]]
Experiment	25	-8.422353106550501	0.6814988934494988	31282	9	[[[ 1.58276544 -2.32726281 -2.5       ]
  [ 1.07378118 -2.24524049 -1.55585674]
  [ 0.72703449 -1.05533598 -1.48827749]
  [ 1.66782415 -1.38519482 -2.00246546]
  [ 0.69148897 -1.54936744 -2.5       ]]]
Experiment	26	-8.811083576133663	0.2927684238663364	126216	8	[[[ 0.31398974 -0.40353982 -1.30820373]
  [ 1.11701133  0.04620164 -0.65741408]
  [ 0.753867   -1.02816223 -2.14528449]
  [ 1.15410036 -1.07132754 -1.13010182]
  [ 1.33334021 -0.1179074  -1.75738956]]]
Experiment	27	-8.18822461391379	0.915627386086209	331039	7	[[[-1.34812138  0.2688534   0.97867553]
  [-1.51470134 -0.7609655   1.59502667]
  [-0.63445377 -0.62776031  0.97710309]
  [-0.78543521 -0.02105689  0.1093981 ]
  [-1.75707816 -0.64250292  0.40432715]]]
Experiment	28	-8.461689538773356	0.6421624612266434	215297	8	[[[ 1.08175441 -0.46017529 -0.12794811]
  [ 0.26269037  0.36099912 -0.48766655]
  [ 1.3785882   0.64191597 -0.47572514]
  [ 1.92362085 -0.30585112 -0.87487815]
  [ 0.89360013 -0.25805455 -1.17690381]]]
Experiment	29	-8.395565929918993	0.708286070081007	303361	7	[[[ 1.57904136 -0.53899639 -0.51679258]
  [ 1.09502843 -1.34648677  0.12103506]
  [ 2.0747924  -1.52641031 -0.57471333]
  [ 1.02519635 -1.66314197 -0.95319146]
  [ 2.12094748 -1.0398354   0.44261353]]]
Experiment	30	-8.51006039976329	0.5937916002367096	339239	8	[[[-0.71891565  0.3391077  -0.9059707 ]
  [-1.30909973 -0.01345688  0.20759719]
  [-1.35981444 -0.57533923 -0.75422901]
  [-0.39031231 -0.54139729 -0.15765969]
  [-0.34579176 -0.59586912 -1.2951363 ]]]
