Experiment	1	-7.8386846352098125	1.2651673647901873	339072	7	[[[-0.4470567  -0.59735263  0.78963961]
  [ 0.56717187 -0.30469179  0.33392174]
  [-0.30585146 -0.06170608 -0.23849989]
  [ 0.11247152 -1.29530114  0.08859278]
  [ 0.00198569  0.42703277  1.0497791 ]]]
Experiment	2	-7.830417067668355	1.2734349323316447	85418	9	[[[-1.52113994 -1.24195457 -0.32070466]
  [-1.31084779 -2.10258218  0.39226029]
  [-0.42634905 -1.55594101 -0.33362288]
  [-1.71136139 -1.1526448   0.84426888]
  [-0.88123936 -0.6774136   0.36156505]]]
Experiment	3	-7.911398828266399	1.192453171733601	293962	7	[[[ 1.42450557 -1.03838268  1.2643236 ]
  [ 1.99801666 -1.52046703  0.43564085]
  [ 1.71212425 -0.21303527  0.53566354]
  [ 1.09217216 -0.93667172  0.12103011]
  [ 2.5        -0.71917168  0.98904704]]]
Experiment	4	-7.947461118956476	1.1563908810435235	227249	8	[[[ 1.92257234  0.63348487 -1.74287432]
  [ 1.3330146   1.55597777 -1.87208298]
  [ 1.09172322  0.52403117 -1.12428377]
  [ 0.45726581  1.443346   -1.07579076]
  [ 1.66612063  1.40368066 -0.85526125]]]
Experiment	5	-7.753612787779785	1.350239212220215	293375	8	[[[ 1.34733591  1.41408445  0.76485834]
  [ 1.08796673  1.93911221 -0.2305381 ]
  [ 0.65920567  2.34590194  0.836432  ]
  [ 0.26077044  1.32909567  0.56651313]
  [ 0.62377266  1.40720793  1.52510202]]]
Experiment	6	-7.85381460925719	1.2500373907428095	106943	7	[[[ 2.5         1.53951981 -0.58503358]
  [ 1.57320483  2.23520936 -0.58442734]
  [ 2.5         2.37766595  0.11412583]
  [ 1.82477284  1.31810594  0.24837097]
  [ 1.42428473  1.0405654  -0.88548363]]]
Experiment	7	-8.037621724294754	1.0662302757052462	204082	8	[[[-0.90239635 -0.673734    1.33978748]
  [-0.49655369  0.31028961  1.09546887]
  [ 0.0769359  -0.76837039  0.82618773]
  [-0.00310324 -0.30188317  1.97530301]
  [ 0.55931324  0.09171926  1.12022299]]]
Experiment	8	-8.369525721606882	0.7343262783931177	47791	9	[[[ 0.92805183  1.30631117 -1.01251721]
  [ 1.53567816  1.61305411 -0.092197  ]
  [ 1.20282742  0.44289703 -0.12544214]
  [ 0.67097082  2.25851398 -0.48708494]
  [ 0.40004263  1.18870175 -0.02385368]]]
Experiment	9	-8.699025910557063	0.4048260894429365	303631	8	[[[ 0.5702019   0.99996319 -1.50594819]
  [ 1.13360245  0.76699847 -2.5       ]
  [-0.04079963  2.04118785 -1.6891199 ]
  [ 0.95508869  1.80632508 -2.17200508]
  [ 0.12383798  1.18780715 -2.5       ]]]
Experiment	10	-8.007313824223807	1.0965381757761925	492412	6	[[[ 0.31750501 -0.78863185 -0.50789188]
  [-0.59796607 -1.0012118  -0.99112273]
  [ 0.39324422 -1.85148005 -0.99132801]
  [-0.07747518 -0.00356046 -1.15871649]
  [ 0.27858955 -0.91288301 -1.75672593]]]
Experiment	11	-7.828661822935413	1.2751901770645873	243745	8	[[[ 0.99754236  1.46231292 -1.57458562]
  [ 1.57074604  2.5        -1.39669698]
  [ 2.1078384   1.62819578 -1.68257668]
  [ 1.53552759  2.14929408 -2.5       ]
  [ 1.66323742  0.71492275 -2.11796754]]]
Experiment	12	-7.97297831246262	1.1308736875373802	363664	7	[[[-0.03054225  0.62866399  1.59920376]
  [ 0.3343034  -0.37963106  1.82416541]
  [-0.76694012 -0.87479681  1.89526138]
  [-1.09268395  0.10329351  1.56809465]
  [-0.43582503 -0.02716374  2.5       ]]]
Experiment	13	-7.932998102687426	1.1708538973125737	368712	7	[[[ 1.06886434 -1.46279395  0.31400339]
  [ 1.38824678 -2.5         0.504851  ]
  [ 1.32083406 -2.17308811 -0.53958482]
  [ 0.32560292 -2.5         0.25175318]
  [ 0.29816006 -1.58341298 -0.36508936]]]
Experiment	14	-8.229900788008962	0.873951211991038	188720	7	[[[ 1.6513667  -2.27274981 -0.04072903]
  [ 1.45759407 -1.94094192 -1.02168711]
  [ 2.5        -2.32255469 -0.69956355]
  [ 2.5        -1.86544697  0.43148932]
  [ 2.20644023 -1.31205647 -0.45790833]]]
Experiment	15	-7.884210444831345	1.2196415551686552	410897	7	[[[ 1.45159264  1.65459698 -1.50947002]
  [ 0.69951329  1.09077718 -2.19685333]
  [ 1.80404309  1.34204635 -2.5       ]
  [ 0.78558098  2.13166782 -2.5       ]
  [ 1.86532989  2.5        -2.43365065]]]
Experiment	16	-7.984324520373522	1.1195274796264778	355278	7	[[[ 1.55859048 -0.20565599 -1.14696266]
  [ 1.89962874 -1.20483244 -2.00864075]
  [ 0.86444291 -0.81338872 -1.86863991]
  [ 2.5        -0.32847987 -1.74752918]
  [ 1.44869452  0.03083039 -2.20884109]]]
Experiment	17	-8.238069946604265	0.8657820533957352	367296	7	[[[ 1.9264535   0.40821033  2.09520745]
  [ 1.02324437 -1.11131539  1.30572176]
  [ 1.07161108  0.05194974  1.0409491 ]
  [ 1.04944021 -0.3122165   2.14112077]
  [ 1.94703105 -0.56962346  1.56383079]]]
Experiment	18	-7.786600535788512	1.3172514642114876	228699	8	[[[ 0.51677996 -1.72453871 -1.66873793]
  [-0.09432633 -1.14306704 -2.35330869]
  [ 1.13999501 -0.93346761 -2.5       ]
  [-0.27612253 -1.09569949 -1.32547906]
  [ 0.67246975 -0.61772135 -1.53848866]]]
Experiment	19	-8.004130514789354	1.0997214852106456	428584	7	[[[-1.56341138 -1.0492334   1.65656   ]
  [-2.5        -0.91344263  0.98066491]
  [-2.41539736 -1.8947657   1.47690171]
  [-1.59027464 -1.55555981  0.73746544]
  [-2.5        -0.76959773  2.20173393]]]
Experiment	20	-7.875603817774281	1.2282481822257187	479260	8	[[[1.48735996 0.82299634 1.67222043]
  [2.45587443 2.5        1.9263734 ]
  [1.76071526 1.84953097 1.37090881]
  [2.5        1.36130176 2.20554797]
  [1.54080228 1.93892116 2.49576213]]]
Experiment	21	-8.17175726577509	0.9320947342249095	177896	7	[[[ 1.00675074 -0.17506428 -1.21315859]
  [ 0.84517395  0.1939706  -2.42021921]
  [ 1.779239    0.45866707 -0.68502218]
  [ 1.99018241  0.15038674 -1.78620811]
  [ 1.17987843  0.91795152 -1.52919723]]]
Experiment	22	-7.760886423492416	1.3429655765075834	137860	8	[[[-0.4293371   0.73806819  1.4539387 ]
  [ 0.66017164  1.43698981  1.01516795]
  [ 0.47188467  0.36087244  0.92981792]
  [-0.30774938  1.4086898   0.51814851]
  [-0.44808766  0.2118241   0.38005777]]]
Experiment	23	-7.867020990404097	1.2368310095959032	53249	8	[[[-0.54304529  2.5        -0.96968312]
  [-0.60291323  1.42159472 -1.2143391 ]
  [-1.24593547  1.91434772 -0.30957829]
  [-0.13590245  1.73657592 -0.04806366]
  [-1.61105509  2.10695982 -1.41595576]]]
Experiment	24	-7.917040175653703	1.1868118243462966	410236	5	[[[ 2.5        -0.94470955 -0.37666564]
  [ 1.59612754 -1.33214739  0.13616773]
  [ 2.5        -1.75757238  0.77744878]
  [ 1.53299905 -1.53670007  1.21083127]
  [ 2.12760151 -0.64881618  0.84768387]]]
Experiment	25	-7.900255317335231	1.2035966826647693	111978	8	[[[-1.45901426 -1.94742051  1.2132396 ]
  [-2.04421665 -0.98202471  1.26534592]
  [-2.05683801 -0.27354585  0.41417845]
  [-0.89419608 -0.98809383  1.19799192]
  [-1.52812603 -1.1726079   0.27363305]]]
Experiment	26	-7.83634304918912	1.26750895081088	316925	7	[[[ 1.03479737 -2.5         0.68172167]
  [-0.16656866 -2.00232672  0.32387764]
  [ 0.56374872 -1.53193098  1.007704  ]
  [ 0.84610232 -2.35378405  1.75031006]
  [-0.17325412 -2.38715831  1.41345537]]]
Experiment	27	-7.880765094869862	1.2230869051301374	275178	7	[[[-0.62239554 -1.51274761  0.06468204]
  [-0.35272594 -2.5        -0.7897539 ]
  [-0.12720879 -2.48455599  0.39942186]
  [-1.14404465 -2.5         0.08704705]
  [ 0.37190729 -1.87660929 -0.26250311]]]
Experiment	28	-7.786473079844816	1.3173789201551838	179805	7	[[[ 0.86028681 -1.07815453  0.49387138]
  [ 1.43081282 -1.45424758 -0.59019069]
  [ 2.17405781 -1.90447301  0.22841598]
  [ 2.48381161 -1.20877179 -0.66249941]
  [ 1.9029309  -0.81809838  0.22759394]]]
Experiment	29	-7.766232545575505	1.3376194544244946	201106	7	[[[ 0.59854969 -2.36718193  2.07030162]
  [ 2.5        -1.9497485   1.75162664]
  [ 1.57543078 -2.27418624  2.5       ]
  [ 1.31031461 -1.41496592  1.7915816 ]
  [ 1.42228312 -2.5         1.33099576]]]
Experiment	30	-8.360059575172928	0.7437924248270722	52993	8	[[[-1.34989899 -0.6645401  -0.16361257]
  [-1.84415475 -0.20589208 -1.18223966]
  [-1.18473765  0.43353034 -0.4870199 ]
  [-2.28882864 -0.02646042 -0.17866149]
  [-1.52217034  0.29520867  0.62634253]]]
