Experiment	1	-8.601860351507444	0.501991648492556	427274	9	[[[ 1.19767794 -1.71009292 -1.58412237]
  [ 0.07440642 -1.53713931 -1.26192982]
  [ 0.93632997 -0.82007642 -0.86320944]
  [ 0.84419258 -1.88346873 -0.54662623]
  [ 1.80083484 -1.39335194 -0.65047088]]]
Experiment	2	-8.464712172491376	0.6391398275086235	120940	8	[[[ 1.19699822  0.65292103 -0.88175145]
  [ 1.66852594 -0.37437095 -1.22481405]
  [ 1.96350139  0.64654773 -1.66700131]
  [ 2.26726794  0.31389631 -0.70211208]
  [ 2.06970455  1.45515816 -0.88559351]]]
Experiment	3	-8.488052118108977	0.6157998818910233	139503	8	[[[ 2.41623435 -0.92005055 -1.81287386]
  [ 1.53338718 -0.97310744 -1.08027186]
  [ 2.5        -1.70016383 -1.10299749]
  [ 1.77336194 -1.75208784 -1.9749122 ]
  [ 1.44379862 -2.0494548  -0.92321392]]]
Experiment	4	-8.414740971303349	0.6891110286966509	464025	7	[[[ 1.31499305  0.27571718 -0.30549856]
  [ 0.67004756 -0.40524397 -1.12310843]
  [ 1.67009718  0.04287546 -1.42722978]
  [ 1.75482207  1.03405179 -0.93177815]
  [ 0.71589509  0.76028932 -1.10228575]]]
Experiment	5	-8.196363525829291	0.9074884741707088	282689	9	[[[ 0.42226793  0.38978321  0.80662427]
  [ 0.85415866  0.1525196  -0.19690321]
  [ 1.04941978  1.15530342  0.24864397]
  [ 0.78541     1.33363305 -0.8327479 ]
  [-0.0811066   0.92696948 -0.06359116]]]
Experiment	6	-8.67124068983642	0.4326113101635798	313536	6	[[[ 1.94460673  0.16921569 -1.81699579]
  [ 2.5         0.16311467 -0.85210804]
  [ 2.47993454 -0.76883097 -1.39536701]
  [ 2.33694572 -0.88851934 -0.33691676]
  [ 1.52998139 -0.31136369 -0.93689899]]]
Experiment	7	-8.50322768150411	0.600624318495889	196606	8	[[[-0.20295299  0.61383196 -0.46653973]
  [-0.71694596  1.17198134  0.27695615]
  [ 0.42633536  0.99210355  0.42304479]
  [ 0.12001352  1.73999306 -0.44570722]
  [-0.08915772  2.01066154  0.64724094]]]
Experiment	8	-8.58374491449688	0.5201070855031205	348732	8	[[[ 1.96626696e-01  3.37357274e-01 -2.86311012e-01]
  [ 1.01289852e+00 -8.24187388e-02 -8.79949969e-01]
  [ 3.95507287e-01 -8.48543476e-01 -3.58793698e-01]
  [ 4.26280398e-01  7.30923471e-01 -1.45796397e+00]
  [ 2.08804717e-04 -2.71456676e-01 -1.21332739e+00]]]
Experiment	9	-8.440854378275414	0.6629976217245854	393768	7	[[[ 0.38863082  2.07881163 -0.48443753]
  [-0.26816781  1.25249854 -0.91903616]
  [-0.65989097  1.99399313 -0.12826524]
  [ 0.12781974  1.37959604  0.31150852]
  [-0.46096362  2.45810959 -1.10822513]]]
Experiment	10	-8.030679759078147	1.0731722409218527	208125	6	[[[-0.5613331   0.73366321  0.92359157]
  [-0.00262806  0.92156852 -0.07477705]
  [-0.81771118  0.01830821  0.09776115]
  [-1.18956313  1.00596333 -0.17007604]
  [-0.47232008  0.53964506 -0.92797344]]]
Experiment	11	-8.24501678671124	0.85883521328876	19517	9	[[[ 0.49630246 -0.25608694  0.25256664]
  [-0.12089555  0.74066938  0.71984992]
  [ 0.04694606 -0.19519853  1.22366804]
  [ 0.73253295  0.73901993 -0.20262234]
  [ 0.97909262  0.51754155  0.88284782]]]
Experiment	12	-8.259796064441915	0.8440559355580852	48815	9	[[[ 0.05431917  0.78046014  0.11538054]
  [-1.03992483  0.53906103 -0.15907585]
  [ 0.57826343  1.07565917 -0.93576195]
  [-0.51317964  1.31756481 -0.68725557]
  [-0.29019048  0.23267388 -0.79825532]]]
Experiment	13	-8.392121694511907	0.7117303054880928	126042	8	[[[-0.5256752   1.37144088 -1.31920832]
  [-1.60924678  1.34633017 -0.96400682]
  [-0.40862083  0.34858162 -1.91363142]
  [-0.92694494  0.49268023 -0.92769138]
  [-1.37110608  0.92232694 -1.8919378 ]]]
Experiment	14	-8.459664923486468	0.644187076513532	449804	9	[[[-0.55300434 -1.67614363 -0.09622351]
  [-0.36337947 -0.599555    0.06759447]
  [ 0.00674239 -1.32678106 -0.9363727 ]
  [ 0.50572034 -1.2928936   0.07288075]
  [ 0.36831194 -2.23783798 -0.38724219]]]
Experiment	15	-8.35932286409855	0.7445291359014501	426743	8	[[[ 0.04900564 -1.80566855  0.23225065]
  [ 0.82984599 -2.5         0.4198559 ]
  [ 1.12152605 -1.59271293 -0.12172316]
  [ 1.01083171 -1.65273291  0.9928772 ]
  [ 0.51987526 -0.84468227  0.42418075]]]
Experiment	16	-8.598930918846495	0.5049210811535048	294918	8	[[[-0.19029637  1.19331219 -1.75638755]
  [-0.01461578  2.19664673 -2.07484939]
  [ 0.66908608  1.4396077  -2.5       ]
  [ 0.67977322  1.63184675 -1.35114231]
  [ 1.04606495  2.38262845 -2.08701708]]]
Experiment	17	-8.134477450261956	0.9693745497380437	60735	8	[[[ 1.13706573 -0.86629438 -0.11639061]
  [ 1.4256132   0.2394019  -0.63248534]
  [ 1.87224684 -1.60576709 -0.4249922 ]
  [ 1.47299682 -0.93605009 -1.19213454]
  [ 2.19750667 -0.53485994 -0.24218034]]]
Experiment	18	-8.108974756290309	0.9948772437096913	192556	7	[[[-0.50157291 -0.92565298  0.64369657]
  [ 0.44480425 -0.94059994 -0.04532924]
  [-0.68641017 -1.01945109 -0.42531617]
  [ 0.12789967 -1.78399583 -0.68175945]
  [-0.63762174 -2.00019117  0.16377359]]]
Experiment	19	-8.295942045204153	0.8079099547958464	66126	8	[[[-0.52414485  1.77869731  1.18690367]
  [ 0.37919777  1.72831024  0.53501415]
  [-0.71889971  1.25741675  0.11684528]
  [ 0.17444384  0.71562779 -0.19707563]
  [-0.15217572  0.77495109  0.9017735 ]]]
Experiment	20	-8.371126507211633	0.7327254927883669	399792	8	[[[-2.5         0.03441404 -0.87778473]
  [-1.68821843 -0.27519785 -1.44490513]
  [-1.37866898  0.17443026 -0.51203096]
  [-1.83603426 -0.83982085 -0.55839528]
  [-0.75701223 -0.67743947 -0.89523698]]]
Experiment	21	-8.11580691232882	0.9880450876711802	8016	9	[[[ 0.6080888   1.16818044 -0.00586349]
  [ 1.42905294  1.45808812  0.58095551]
  [ 1.6368394   0.68474556 -0.20021678]
  [ 1.0094522   0.82142773 -1.05286074]
  [ 1.6477091   1.72831823 -0.49711269]]]
Experiment	22	-8.26141864389546	0.8424333561045394	66920	8	[[[ 0.54822506 -0.1034498  -0.55740953]
  [ 1.55463526  0.42378967 -0.98998515]
  [ 1.0900983   0.77459544  0.01859653]
  [ 0.61020095  0.95051744 -0.96161573]
  [ 1.53478085 -0.38959085 -0.02560055]]]
Experiment	23	-8.546183514732345	0.557668485267655	21083	9	[[[ 0.53618802  1.98781212  0.25897271]
  [-0.47455864  2.20629571 -0.23294319]
  [ 0.23083768  1.39732432 -0.63732315]
  [-0.19879132  1.22671397  0.42807958]
  [ 0.87466552  0.98776261  0.24198043]]]
Experiment	24	-8.28242365636705	0.8214283436329506	62681	8	[[[ 0.59674476 -2.11178345 -0.70181184]
  [ 1.15153154 -1.32568965  0.23313076]
  [ 0.12541797 -1.72596004  0.35086008]
  [ 0.93579527 -2.40813647  0.27771163]
  [ 0.29864779 -1.06318017 -0.51381818]]]
Experiment	25	-8.295420860237765	0.8084311397622344	159785	7	[[[-2.15100281 -2.2115188  -0.68592156]
  [-1.46190625 -1.43071796 -1.17859774]
  [-2.23440172 -1.9194586  -1.80634367]
  [-0.79427051 -2.10872932 -0.61631587]
  [-1.36586304 -2.5        -1.40873454]]]
Experiment	26	-8.293619621566359	0.8102323784336409	8269	9	[[[ 0.71476554  0.6619794   0.73957463]
  [ 0.69984716 -0.493808    1.06530954]
  [-0.048119    0.77341084 -0.18331827]
  [-0.16473999  0.06052675  0.64467169]
  [ 0.70970787 -0.0124536  -0.13371493]]]
Experiment	27	-8.384861861491764	0.7189901385082358	100029	8	[[[-0.62258644 -0.92128695  2.5       ]
  [-1.47566934 -1.2205134   1.75960793]
  [-1.1629684  -0.11440423  2.07424277]
  [-0.44170207 -0.78143562  1.47908915]
  [-0.56867492 -1.86539288  1.78699388]]]
Experiment	28	-8.356988617391366	0.7468633826086339	105460	7	[[[ 0.00822261 -0.40429166 -2.26533963]
  [ 0.72684716 -1.11937168 -1.59120357]
  [-0.24544177 -0.60518738 -1.27230257]
  [-0.2560418  -1.4801487  -1.98175764]
  [ 0.71691567 -0.07472468 -1.30078955]]]
Experiment	29	-8.10795298308158	0.9958990169184201	388199	7	[[[-0.74538942 -2.5         0.62769878]
  [-0.41560309 -1.55195449  1.2310653 ]
  [-0.59320531 -0.55225823  0.71076447]
  [-1.24318576 -1.50288442  0.54905418]
  [-0.14725024 -1.58644437  0.05665201]]]
Experiment	30	-8.212866726913582	0.8909852730864181	131644	9	[[[ 2.5        -0.47294599 -0.27933428]
  [ 2.05139164  0.50139044 -0.24974285]
  [ 1.56412507  0.53845749  0.81165328]
  [ 1.46282918 -0.34509978  0.24301187]
  [ 2.5         0.11197684  0.67595169]]]
