Experiment	1	-8.404998880614734	0.6988531193852658	453635	7	[[[-0.15616642  0.79024579 -1.83952495]
  [ 0.10661937 -0.17930569 -1.29953959]
  [-1.22200235  1.18897166 -1.4276952 ]
  [-0.33640473  0.65033524 -0.78029782]
  [-1.00044747  0.15061736 -1.570164  ]]]
Experiment	2	-8.591611984578439	0.5122400154215612	9833	9	[[[-0.75067555  0.95712636  0.57929302]
  [-0.72900121  1.91461311 -0.05334442]
  [-0.16040297  0.93155274 -0.4389918 ]
  [-0.8414285   1.6348216  -1.16710263]
  [-1.29541764  0.92496103 -0.43221564]]]
Experiment	3	-8.192747466944377	0.9111045330556227	294746	8	[[[-1.10025795  0.15755869  1.5131909 ]
  [-0.83218515 -0.00892933  0.44358153]
  [-1.53819358 -0.85432898  0.89927696]
  [-0.71180202 -1.31926578  0.32339788]
  [-0.53227407 -0.77568775  1.30139201]]]
Experiment	4	-8.438578647871507	0.6652733521284926	226846	7	[[[-1.15369086 -0.75346991  0.84026931]
  [-0.29306091  0.35927266 -0.34220876]
  [-1.37423599 -0.10018722 -0.09731167]
  [-0.65747836  0.24401845  0.70575503]
  [-0.17439745 -0.63823717  0.21195101]]]
Experiment	5	-8.38135541828856	0.7224965817114395	350146	7	[[[-0.06048626  0.72081261  1.53842062]
  [ 0.51843854 -0.07389069  2.17570677]
  [-0.45801431  0.32533228  2.5       ]
  [ 0.99724272  0.54446972  1.37370226]
  [ 0.41063863  1.06872717  2.5       ]]]
Experiment	6	-8.222508781774781	0.8813432182252185	244981	7	[[[ 7.29668205e-01 -4.53627921e-01 -3.97972820e-01]
  [ 4.80855920e-02 -1.42340180e+00 -5.26326946e-01]
  [-2.55069839e-01 -7.69707125e-01  3.41534052e-01]
  [-4.92052250e-02  3.31504501e-01 -1.93672347e-04]
  [-3.88877250e-01 -3.32622094e-01 -7.73673637e-01]]]
Experiment	7	-8.610527637619178	0.49332436238082167	442402	7	[[[ 1.0513068   1.10999362 -1.76031363]
  [ 0.06627221  1.28826089 -2.23958633]
  [ 0.0665418   1.3816193  -1.11033173]
  [ 0.6934051   2.15413023 -1.64211655]
  [ 0.27205059  0.33834804 -1.49496793]]]
Experiment	8	-8.318093386535264	0.7857586134647363	382591	9	[[[-0.34194458 -0.57370637  0.60823361]
  [-0.40261382 -0.76156264 -0.48961183]
  [-0.4202676   0.37583299  0.0865573 ]
  [ 0.32052299  0.16739019  0.94859273]
  [ 0.56204588 -0.30824665 -0.0639822 ]]]
Experiment	9	-8.42427378490504	0.6795782150949599	80852	9	[[[-0.78378692  0.24068348  1.32546976]
  [-0.2130925   0.19389701  2.28036654]
  [-1.27086883 -0.12576892  2.40664252]
  [-0.41850101 -0.74022882  1.6921207 ]
  [-1.0828708   0.90392565  2.2249839 ]]]
Experiment	10	-8.708851489026912	0.3950005109730874	255963	8	[[[ 0.03581308  0.88484062 -0.249691  ]
  [-1.07210375  0.78773928 -0.28132533]
  [-1.54036532  1.66869267  0.19477117]
  [-0.51210367  1.27638203  0.59957301]
  [-0.5340022   1.78171236 -0.46454219]]]
Experiment	11	-8.210890076545539	0.892961923454461	10152	9	[[[ 0.10509405 -0.13924197  0.38564571]
  [ 1.12483578 -0.20212087  1.04115491]
  [ 0.38282451 -0.93112283  1.03549009]
  [-0.68581513 -0.67910524  1.02186208]
  [ 0.11516625 -0.00498195  1.4736844 ]]]
Experiment	12	-8.097929078295634	1.0059229217043661	126242	8	[[[-0.79762901 -1.12690866 -0.73199111]
  [ 0.03418008 -0.40959464 -0.65351514]
  [-1.00037671 -0.39580835  0.02233045]
  [-0.9058974   0.0468918  -0.98565356]
  [-0.33806413 -0.47105993 -1.78913304]]]
Experiment	13	-8.082894613877688	1.020957386122312	238817	6	[[[ 0.16549219  0.66419218  1.9543501 ]
  [-0.80725777  0.01811591  1.96815401]
  [ 0.05079203 -0.45625936  1.48210794]
  [-0.69108518  1.1884756   1.45976446]
  [-0.38145534  0.32243223  0.86755592]]]
Experiment	14	-8.031681636107187	1.0721703638928126	223194	6	[[[-0.49980666  0.27057576 -0.72809864]
  [-0.76812131 -0.82852385 -0.90564754]
  [-0.57153663 -0.36123558  0.16136439]
  [-1.48682853 -0.0118212  -0.35156182]
  [-1.09681546  1.00356636 -0.02707716]]]
Experiment	15	-8.479028722164507	0.6248232778354925	24236	9	[[[1.49369876 1.29627133 0.95271211]
  [1.71517148 0.56961569 1.74190052]
  [2.33032471 1.11739297 2.5       ]
  [1.52804969 1.69492496 2.09582708]
  [2.5        1.35635454 1.39774749]]]
Experiment	16	-8.434743836463014	0.6691081635369862	225086	7	[[[0.95370333 0.24250937 2.12292337]
  [1.51599054 1.30015539 2.43475636]
  [0.443425   1.25759491 2.07419793]
  [2.0478613  0.33226126 1.99039708]
  [1.24558778 0.9158881  1.37983109]]]
Experiment	17	-8.402497749290244	0.7013542507097554	199000	8	[[[-1.03148356  1.82523961  2.29010987]
  [ 0.15723515  1.9932508   2.15691735]
  [-0.3458627   0.97404773  1.9968626 ]
  [-1.2649519   1.01060193  1.46935089]
  [-0.51315948  1.73087305  1.25981208]]]
Experiment	18	-8.108586233279526	0.9952657667204736	165335	8	[[[-0.28809035 -0.98556813  0.11365468]
  [ 1.0640022  -0.98098683 -0.34887951]
  [ 0.29638956 -1.76103701 -0.60440205]
  [-0.67084473 -1.26971687 -0.86736844]
  [ 0.18994137 -0.59903079 -0.9020217 ]]]
Experiment	19	-8.31069405522109	0.7931579447789101	158278	7	[[[-0.70303963  0.25985115 -1.04259142]
  [-1.74213756 -0.69885309  0.11856742]
  [-1.6173888  -0.3330022  -0.86331584]
  [-0.70803176 -0.4863276  -0.31338566]
  [-1.28773874  0.39930945 -0.06719459]]]
Experiment	20	-8.56253567621143	0.5413163237885694	192554	7	[[[ 0.68431721  0.4565667   0.11638932]
  [ 1.51193948  0.35374433  0.98179208]
  [ 1.67418874 -0.1270262  -0.03934908]
  [ 1.16915629  0.66553631 -0.87974241]
  [ 1.7447164   0.95136868  0.04630354]]]
Experiment	21	-8.488634521382822	0.6152174786171773	244378	8	[[[ 1.37712108 -2.5        -0.63441702]
  [ 2.41540604 -2.04051182 -0.94473981]
  [ 0.74017682 -1.80914981 -0.02608913]
  [ 1.83299226 -1.66615184 -0.02573483]
  [ 1.47376617 -1.40700679 -1.06581071]]]
Experiment	22	-8.338611692499859	0.7652403075001413	463888	8	[[[ 1.45748228  0.61237744  2.5       ]
  [ 1.84559573 -0.25400571  1.78310153]
  [ 0.86081263  0.20759806  1.54239982]
  [ 0.83922461 -0.36148301  2.5       ]
  [ 0.89278147 -0.9563625   1.46586247]]]
Experiment	23	-8.355405089438433	0.748446910561567	95135	8	[[[-0.164429    0.09676396 -0.48091397]
  [-0.98424226  0.54871281 -1.24611636]
  [-1.11258109 -0.58937189 -1.05893481]
  [-0.16062163 -0.19879682 -1.57100015]
  [-1.26740767  0.05832088 -0.15840456]]]
Experiment	24	-8.40439611722836	0.6994558827716393	313638	8	[[[-0.68835992  1.18183706 -1.5591241 ]
  [-0.73036539  0.31857366 -0.9526373 ]
  [-0.54700481  0.09335563 -1.98632571]
  [-1.56005347  1.12340805 -0.80052275]
  [-1.54491166  0.5344167  -1.83536836]]]
Experiment	25	-8.40867971844828	0.6951722815517201	235951	8	[[[ 1.62536968  1.23810783  1.18183656]
  [ 0.97689518  0.3960744   0.85146691]
  [ 1.969991    0.05716629  1.41159881]
  [ 0.94314496 -0.57467463  1.5146611 ]
  [ 1.08305237  0.48012115  1.94432417]]]
Experiment	26	-8.746423533710063	0.35742846628993696	251751	6	[[[-1.6229584   0.0830199   1.37444234]
  [-1.53415874 -0.18095073  2.5       ]
  [-2.23147756 -0.82725119  0.97248637]
  [-1.44420313 -0.93040271  1.72768452]
  [-2.5        -0.3705036   1.95278175]]]
Experiment	27	-8.386030672098798	0.717821327901202	102787	8	[[[ 0.97128226  1.74102076  0.17088298]
  [ 1.13586615  0.6573323   0.32702319]
  [ 2.05229199  1.28656774 -0.11352598]
  [ 0.47528556  1.31306648  1.06169704]
  [ 1.6584341   1.51450232  0.99495764]]]
Experiment	28	-8.202516646109276	0.9013353538907243	403395	7	[[[-0.12285545 -0.00904587  0.81332059]
  [ 0.4053594  -0.3204464  -0.13909447]
  [ 1.21250209 -0.45305783  0.68985935]
  [ 0.75654478  0.52162216  0.48264513]
  [ 0.13637356 -1.0735451   0.68486607]]]
Experiment	29	-8.422232635863248	0.6816193641367523	353536	7	[[[ 0.64696215 -0.01410434 -0.58715073]
  [-0.18489613 -0.4785582  -1.20221684]
  [-0.11655806  0.68133585 -1.05157808]
  [-0.4207402  -0.02692635 -0.1618848 ]
  [ 0.01307004 -0.96991092 -0.19077863]]]
Experiment	30	-8.475285139190735	0.6285668608092649	129875	8	[[[-0.88646178  1.20333271 -1.109961  ]
  [-0.55497086  1.51727573 -2.17828777]
  [-1.51046279  2.07202589 -1.56411564]
  [-0.4143259   2.21848819 -1.36363102]
  [-0.89263851  2.4998733  -2.41660722]]]
