Experiment	1	-8.386238080673884	0.7176139193261157	293930	4	[[[ 0.84475502 -1.70829288 -1.65934787]
  [ 0.93702714 -0.73780344 -1.01500282]
  [ 1.05124512 -2.5        -0.91737686]
  [ 1.65367782 -1.60971356 -0.94068134]
  [ 0.67010187 -1.60558752 -0.31124405]]]
Experiment	2	-8.26627819773709	0.8375738022629093	76662	8	[[[-0.89796129  0.96936978 -1.38953136]
  [-0.27044954  1.78145652 -0.96042782]
  [-0.64402299  1.0618207  -0.11971029]
  [-1.39599745  1.78109706 -0.7841107 ]
  [ 0.02088862  0.73630778 -0.88358919]]]
Experiment	3	-8.357233562799719	0.7466184372002811	107217	7	[[[ 1.5779632  -0.21385191  0.39224813]
  [ 1.63698412 -1.56675331  0.31377745]
  [ 1.01004995 -0.96971455  1.03207693]
  [ 2.12526011 -0.94094626  1.02094195]
  [ 2.45148571 -0.89129558 -0.07450634]]]
Experiment	4	-8.170378076649481	0.9334739233505189	410226	7	[[[ 1.36081785 -2.5        -0.19706506]
  [ 1.44937415 -1.59532795  0.3505198 ]
  [ 1.93327053 -1.70876471 -0.7377438 ]
  [ 0.77653822 -1.61934352 -0.65277455]
  [ 1.40332828 -2.5        -1.38315387]]]
Experiment	5	-8.678447693797619	0.4254043062023811	382210	7	[[[ 1.53264875  1.34179286  0.73342026]
  [ 1.22315071  2.33329214  0.26245565]
  [ 2.09721006  1.74726615 -0.14314962]
  [ 1.78445313  0.70366087 -0.0985107 ]
  [ 0.90252444  1.33804376 -0.22642771]]]
Experiment	6	-8.446772342436526	0.6570796575634734	238803	7	[[[-1.66127882  0.9876302  -1.24244929]
  [-1.88580092  0.86426752 -0.07680096]
  [-0.94142542  1.3145767  -0.49120449]
  [-1.83101602  1.9018854  -0.5539404 ]
  [-1.3707376   1.64604308  0.41681973]]]
Experiment	7	-8.30196269390207	0.8018893060979302	256427	7	[[[-0.17391958 -0.92211859 -0.24019525]
  [-1.23578923 -0.92762744  0.06780951]
  [-1.00626045 -1.24009297 -0.94479901]
  [-0.722112    0.03016817  0.33884903]
  [-0.84692234 -0.09965624 -0.82609069]]]
Experiment	8	-8.509863516419856	0.5939884835801443	226840	8	[[[ 1.12010061 -1.4564217   0.12148335]
  [ 1.80554465 -0.58466545 -0.25984279]
  [ 1.28573366 -0.53319871  0.73432255]
  [ 0.57055687 -0.56689637 -0.15299423]
  [ 2.1271058  -1.26207979  0.71003329]]]
Experiment	9	-8.472295543094287	0.631556456905713	387268	8	[[[-1.07626341  1.10260149  1.23341344]
  [-0.98577019  0.02300427  1.55410542]
  [-0.03789235  0.63532597  1.49092988]
  [-0.1798457   0.03111661  2.5       ]
  [-0.69726426  1.01294222  2.2772723 ]]]
Experiment	10	-8.425095324359498	0.6787566756405017	271216	8	[[[-0.46429222 -0.85499585 -1.25395023]
  [-0.30894761  0.02551632 -0.62855116]
  [ 0.52433257 -0.86876459 -0.7556035 ]
  [-0.42396631 -0.96465549 -0.16550391]
  [-1.34709838 -0.69075839 -0.62716302]]]
Experiment	11	-8.619796090014088	0.4840559099859121	31645	9	[[[-0.31891421  2.25794215  1.50355226]
  [-0.79113126  1.15621942  1.71831559]
  [ 0.34971505  1.40466528  1.88301114]
  [-0.07205226  1.34340168  0.81729444]
  [-0.00879636  0.36705442  1.46374673]]]
Experiment	12	-8.184838510788248	0.9190134892117516	307522	7	[[[ 1.25807001  1.57245964  0.43737925]
  [ 0.43003259  1.44378929 -0.31220678]
  [ 0.43672975  2.37203171  0.27489595]
  [-0.64625346  2.14611747  0.42813652]
  [ 0.10464105  1.37212135  0.75650757]]]
Experiment	13	-8.164833168979413	0.9390188310205865	470038	7	[[[ 0.52897712 -1.22869693 -0.45114272]
  [-0.53328042 -1.23671218 -0.38236864]
  [-0.09606223 -1.10093507  0.65414404]
  [-0.11314092 -0.28557444 -0.05487988]
  [-0.1690253  -0.59732154 -1.21311846]]]
Experiment	14	-8.249754703084475	0.8540972969155245	350006	6	[[[-0.49022991  1.22422691  0.78654673]
  [ 0.01819609 -0.38873661 -0.00851377]
  [ 0.1920254   0.85650868 -0.0818003 ]
  [ 0.11576148  0.30528979  0.98131469]
  [-0.84474541  0.25471158  0.32043231]]]
Experiment	15	-8.813980894467822	0.2898711055321783	384954	6	[[[ 0.03895077 -0.54674034 -1.09666619]
  [ 1.03530263 -0.42823259 -1.64424938]
  [ 0.49499127  0.49161174 -1.29345494]
  [ 0.77888516 -1.32074236 -0.9539463 ]
  [ 0.9522931  -0.31658319 -0.5154594 ]]]
Experiment	16	-8.287419778221661	0.8164322217783386	100156	8	[[[-0.86456504 -2.10836741 -1.78125553]
  [-2.15978013 -1.3700171  -0.56962153]
  [-2.10864477 -2.07960409 -1.42208206]
  [-1.34625828 -1.22311915 -1.28077901]
  [-1.31262167 -2.26379426 -0.70322435]]]
Experiment	17	-8.255225645061168	0.8486263549388315	255569	7	[[[-0.57013143 -1.42479594 -2.05327235]
  [-1.26325568 -0.25450833 -2.03768642]
  [-1.49618189 -1.27838139 -1.37330742]
  [-0.56006877 -0.6295969  -1.29391178]
  [-1.50223899 -0.23476349 -0.91705077]]]
Experiment	18	-8.305430940519415	0.7984210594805852	56809	8	[[[ 0.29092162 -1.8806842   1.83709945]
  [ 1.05130866 -1.83294123  1.03727315]
  [ 1.36348914 -2.2261702   1.94638322]
  [ 0.26145541 -0.96451229  1.13826561]
  [ 1.13871815 -1.09203423  1.97817683]]]
Experiment	19	-8.270814917006618	0.833037082993382	293244	8	[[[ 1.50126224  0.18242044  1.01903378]
  [ 0.43474824 -0.16229766  0.69914954]
  [ 0.43333003  0.47435766  1.54748002]
  [-0.27870425 -0.41756848  1.61319549]
  [ 0.88568698 -0.58891664  1.7148935 ]]]
Experiment	20	-8.649824070842094	0.45402792915790613	192626	7	[[[ 1.18143089  0.67581628  0.87022332]
  [ 0.93789448  0.05722452  1.765647  ]
  [ 1.20024858 -0.45556461  0.65855799]
  [ 0.73922876  0.33617092 -0.0401307 ]
  [ 0.20953428  0.11552565  0.89970883]]]
Experiment	21	-8.467224300775353	0.6366276992246469	42020	9	[[[ 0.35459272  1.87876142  1.23774819]
  [ 0.60389781  2.22607728  0.20440298]
  [ 0.14577951  1.25603838  0.37189038]
  [ 1.23728992  1.54146425  0.69467081]
  [ 1.05436028  1.34415475 -0.4275872 ]]]
Experiment	22	-8.471992028496375	0.6318599715036246	109139	7	[[[-0.6896279   1.3153674  -0.55838725]
  [-0.84215592  1.76153593 -1.64877735]
  [ 0.07822402  1.97950662 -0.88815028]
  [-0.06944165  0.97225036 -1.3460746 ]
  [-0.98387207  2.40702847 -0.67792521]]]
Experiment	23	-8.278785572371245	0.8250664276287552	124878	8	[[[-1.15863742  0.41992178 -2.20872305]
  [-2.21452481  0.37888526 -2.12002411]
  [-1.74058641  1.36909195 -2.38578756]
  [-1.53333522  0.89349302 -1.24753392]
  [-1.68931566 -0.2898488  -1.45817935]]]
Experiment	24	-8.189517423912958	0.9143345760870414	412783	8	[[[-0.60746914  0.49418834  0.7815019 ]
  [-1.32275477  1.24961629  0.43470791]
  [-1.59308828  0.63886289  1.57295645]
  [-1.63331709  0.09126741  0.57211747]
  [-0.76829764  1.46605358  1.37861489]]]
Experiment	25	-8.174499144479105	0.9293528555208947	712	9	[[[-0.72931342 -0.19126415 -1.09996082]
  [-0.83967065 -1.95401307 -1.76396885]
  [-0.78058509 -0.88709593 -1.97627489]
  [-1.17315801 -1.2037651  -0.92241329]
  [-0.00612762 -1.15839681 -1.07765654]]]
Experiment	26	-8.415893760164323	0.6879582398356767	163176	8	[[[ 1.58362044  1.00961693 -1.5626863 ]
  [ 2.5         1.6257758  -1.60531666]
  [ 2.27229592  1.082511   -2.5       ]
  [ 2.31857056  0.93436647 -0.77406419]
  [ 2.5         0.35351517 -1.63946779]]]
Experiment	27	-8.335501142092957	0.768350857907043	435455	8	[[[-2.02146323 -1.41174741  0.99347401]
  [-2.5        -0.45708013  1.31145565]
  [-2.5        -0.4209242   0.17741191]
  [-1.65674575 -1.06899421 -0.07383171]
  [-1.48595926 -0.43898676  0.76667007]]]
Experiment	28	-8.522823293798362	0.5810287062016375	19298	9	[[[ 1.45511345 -0.78608265 -1.00648399]
  [ 1.63088405 -0.80781278  0.08189057]
  [ 0.68229024 -0.41802797 -0.31705503]
  [ 0.83517936 -1.48989854 -0.46909853]
  [ 2.09274516 -1.65528419 -0.53493501]]]
Experiment	29	-8.37424612539996	0.7296058746000398	169957	7	[[[ 1.44193009  0.47566113 -1.19635033]
  [ 1.06358279  1.36507744 -0.66141369]
  [ 2.25307173  0.83121969 -0.44268773]
  [ 2.4980845   0.52642505 -1.57485088]
  [ 2.00166488  1.51824666 -1.2401995 ]]]
Experiment	30	-8.597084353477563	0.5067676465224373	119409	8	[[[-1.00576205 -2.40759614  1.50805982]
  [-0.14609362 -2.29117089  2.30556866]
  [-0.49060577 -1.48050247  1.67791832]
  [-1.61610191 -1.52413988  1.45898491]
  [-1.18524703 -1.77346542  2.5       ]]]
