Experiment	1	-7.697086700794744	1.4067652992052562	211545	7	[[[-0.21058464 -2.5         0.55802019]
  [-0.28279112 -1.40831373  0.25457077]
  [-0.63290376 -1.63153487  1.37012817]
  [-1.34136724 -2.09604848  0.64241329]
  [-0.76775729 -2.08265928 -0.34207671]]]
Experiment	2	-8.48383472599406	0.6200172740059404	435477	7	[[[-0.54434509 -0.08760206 -0.86813733]
  [-1.19038989 -0.7145353  -0.28834922]
  [-1.04882598  0.37188506 -0.05459798]
  [-2.04195024 -0.08976701  0.11480018]
  [-1.75831889 -0.0348021  -0.98505623]]]
Experiment	3	-7.988220965487739	1.115631034512261	259288	6	[[[-2.5        -0.92913269 -1.45918621]
  [-2.37214257 -0.5789148  -2.5       ]
  [-2.03790974 -1.86598342 -1.37340491]
  [-1.47203284 -1.10908462 -2.12277173]
  [-2.45279196 -1.66406597 -2.5       ]]]
Experiment	4	-8.106157929081775	0.9976940709182252	206822	6	[[[-1.74266471  1.40466588 -0.93658604]
  [-2.1639557   2.5        -0.54752919]
  [-2.31055499  2.5         0.60319027]
  [-2.5         1.46379852 -0.08287873]
  [-1.38933266  1.83680656  0.01389039]]]
Experiment	5	-7.4340265636884775	1.6698254363115224	494971	9	[[[ 1.79465544 -1.5020591  -1.08202318]
  [ 1.78339871 -1.15400837  0.10413271]
  [ 2.16569063 -2.11305013  0.57380903]
  [ 2.5        -2.03454117 -0.42621844]
  [ 1.23762115 -1.95031075 -0.3056041 ]]]
Experiment	6	-8.156536949392576	0.9473150506074237	96318	9	[[[-0.47494459 -0.50391924  0.2766748 ]
  [-1.54767548 -0.77141685  0.11900435]
  [-0.28801695 -1.50453263  1.37850391]
  [-0.8925763  -1.59483876  0.45981004]
  [-1.05232756 -0.77204202  1.1783963 ]]]
Experiment	7	-8.449504531843836	0.6543474681561641	158157	7	[[[ 1.01842924 -1.29455487 -1.11749322]
  [ 1.47567667 -2.24766249 -0.82991905]
  [-0.08903134 -1.31783791 -0.70437964]
  [ 0.68241456 -1.95150952 -0.18896888]
  [ 0.47352526 -2.17732146 -1.27610995]]]
Experiment	8	-8.099409865159588	1.0044421348404118	449613	8	[[[ 0.22536619 -1.02213093 -0.496901  ]
  [-0.97966307 -1.22170389 -0.52425066]
  [ 0.03317422 -2.15720185 -0.72659194]
  [-0.97577098 -2.35081517 -0.25417693]
  [-0.33571024 -1.59236417  0.24279266]]]
Experiment	9	-8.244291743019348	0.859560256980652	17419	9	[[[ 1.22417818 -1.97861038  1.46640172]
  [ 1.8187235  -0.98452541  1.78787041]
  [ 0.6981279  -0.98888454  1.43509248]
  [ 1.03894867 -0.56152173  2.5       ]
  [ 1.10056067 -1.62627537  2.5       ]]]
Experiment	10	-8.018621056721312	1.0852309432786882	433198	8	[[[ 1.57102673 -0.07850291  1.1105732 ]
  [ 0.97554056  0.84526115  0.95721316]
  [ 1.66367472  1.73892252  0.79073733]
  [ 2.09049054  0.83599502  1.49749071]
  [ 1.81849779  0.5835737   0.23680684]]]
Experiment	11	-7.962813532258973	1.1410384677410272	231784	6	[[[-0.97624052  2.19397958  0.52509497]
  [-1.59534831  1.24184129  0.27413239]
  [-1.47223811  1.92098867 -0.64657671]
  [-2.5         1.56025932 -0.31100353]
  [-2.06688543  2.5         0.26189315]]]
Experiment	12	-7.7475898675620645	1.3562621324379354	331795	8	[[[0.91098517 1.81367579 1.04965407]
  [1.41285578 1.32401783 2.00855018]
  [1.62035934 0.81342195 0.95125678]
  [0.20621725 1.77614864 1.88124606]
  [0.70306143 0.70656203 1.53853068]]]
Experiment	13	-8.034705144741803	1.0691468552581966	220866	9	[[[ 2.03078728  2.5        -1.64517427]
  [ 2.1364205   1.41410102 -1.36279746]
  [ 1.4459867   2.42816268 -2.5       ]
  [ 1.09350131  1.80315115 -1.66450125]
  [ 1.70847147  1.30916741 -2.40497295]]]
Experiment	14	-8.366211101668343	0.7376408983316569	66139	9	[[[-0.93161529 -0.00737583 -1.97260463]
  [-0.2187905   1.00759299 -2.16746143]
  [-1.20011364  1.00938149 -1.64919948]
  [-1.25409561  0.18113543 -0.78453932]
  [-0.29321956  0.58982773 -1.1518533 ]]]
Experiment	15	-7.845755019160235	1.258096980839765	449065	7	[[[-1.86932472 -2.00196351 -0.59268579]
  [-2.5        -1.45603355  0.14224114]
  [-2.5        -0.16697897  0.04601611]
  [-1.54411063 -0.76124863  0.13859657]
  [-2.17353496 -0.88659922 -0.72836427]]]
Experiment	16	-7.85058082852855	1.2532711714714502	276530	7	[[[-0.7104336  -2.5         0.02006307]
  [-0.65548358 -1.25305374  0.10696414]
  [-1.16619122 -2.07211972 -0.85146457]
  [-1.62190509 -1.93331399  0.1837011 ]
  [-0.03576314 -1.86208436 -0.50882143]]]
Experiment	17	-8.073176551390954	1.0306754486090455	105323	9	[[[-0.47789345  0.95461259  1.71845519]
  [-0.28991859  0.12151004  0.83960747]
  [ 0.39788577  1.17867913  0.99181029]
  [ 0.55388446  0.33733109  1.72557924]
  [-0.40818748 -0.24952298  1.84154846]]]
Experiment	18	-7.927848086636902	1.1760039133630977	395190	8	[[[-1.35583325  2.5         0.95345588]
  [-0.73717051  1.64316873  0.72172998]
  [-1.3637834   1.06802867 -0.14886106]
  [-1.23346947  2.15343426 -0.02548888]
  [-1.79534606  1.53155095  0.78062624]]]
Experiment	19	-8.492219058357174	0.6116329416428261	65990	8	[[[-1.94564791  1.74515535 -1.48719131]
  [-1.74517858  1.18351789 -2.43895532]
  [-0.88917114  1.47866736 -1.8482487 ]
  [-1.38176506  2.35739644 -2.33657653]
  [-1.6407763   0.68983265 -1.34832168]]]
Experiment	20	-7.496024546222886	1.607827453777114	463544	8	[[[ 0.25617663  0.87423928 -0.62830222]
  [-0.83728103  0.69824848 -0.69660884]
  [-0.14428971  0.59491495 -1.7322102 ]
  [-0.63821001 -0.57288735 -1.64924807]
  [-0.11186112 -0.14817043 -0.80155614]]]
Experiment	21	-7.976738700303184	1.1271132996968154	232733	8	[[[-0.08997009  0.71707233 -1.87237475]
  [ 0.60480486  0.03831042 -1.41880441]
  [ 0.90877765  0.51844442 -2.5       ]
  [-0.03774391 -0.35903031 -2.22246326]
  [ 0.95774488  1.06083254 -1.40069928]]]
Experiment	22	-7.834926216096212	1.2689257839037875	148096	8	[[[-1.70233012 -0.4152314   1.77016841]
  [-2.32599585  0.61324919  0.39368881]
  [-2.08151617  0.66631709  1.6554979 ]
  [-1.49531162  0.0133132   0.75843671]
  [-2.46978855 -0.44868963  0.93509815]]]
Experiment	23	-7.949269913354621	1.1545820866453784	377549	5	[[[ 0.55236031  1.41087169  0.22835049]
  [ 1.32563144  1.29919475 -1.03429419]
  [ 1.45111782  2.01711762 -0.27137324]
  [ 0.49906572  0.58666845 -0.51625926]
  [ 1.48268172  0.91380101 -0.00458133]]]
Experiment	24	-8.492488377782054	0.6113636222179455	370734	7	[[[-0.85477228  0.04258427 -1.18900666]
  [ 0.13651235  0.59743229 -1.25307648]
  [-0.17405122  0.21914456 -2.25162886]
  [-1.29753625  0.30129362 -2.15640651]
  [-0.76347742  1.12002938 -1.57663937]]]
Experiment	25	-7.820226455198184	1.283625544801816	133968	8	[[[-1.84242449  0.79495818  1.91144137]
  [-1.71429905  1.33502249  1.03535092]
  [-0.98848105  0.42062028  1.30091348]
  [-1.92455073  0.28431328  0.69936344]
  [-0.9658716   1.38097598  1.98923106]]]
Experiment	26	-7.934854252087284	1.1689977479127158	13117	9	[[[ 1.87437619 -1.83688681 -2.26812206]
  [ 1.29673445 -1.23227216 -1.4448724 ]
  [ 2.5        -1.01319138 -1.52682662]
  [ 2.08282914 -1.80423387 -0.96878085]
  [ 1.76117997 -0.69449524 -2.33447607]]]
Experiment	27	-7.545522344781065	1.5583296552189347	61382	8	[[[-0.45247846 -1.89393245 -0.03198336]
  [-1.75116325 -1.91245682 -0.14124109]
  [ 0.01286718 -1.34405762 -0.92881265]
  [-1.05992495 -1.17338626 -0.5845255 ]
  [-0.98805488 -2.46234532 -0.82457861]]]
Experiment	28	-8.043626327199798	1.0602256728002022	100014	8	[[[-0.21377317 -1.17050737 -2.14619691]
  [-0.35938775 -2.39452095 -2.48876931]
  [ 0.58588117 -1.85365189 -2.29596166]
  [-0.03067976 -1.97863377 -1.43431274]
  [-1.10364245 -1.86108145 -1.65623285]]]
Experiment	29	-8.225329781746122	0.8785222182538774	152464	8	[[[-1.17680998  0.90834982  1.75545392]
  [-0.25522233  0.2733773   1.40769521]
  [ 0.66295097  0.88493086  1.29844366]
  [-0.0447683   1.29660419  2.10416295]
  [-0.4805728   1.33699432  1.05015237]]]
Experiment	30	-7.776830237259299	1.327021762740701	225696	7	[[[-1.83034143  0.09456304  1.05669602]
  [-2.5        -0.56504169  0.58538472]
  [-1.1873188  -0.74514218  0.63012812]
  [-2.5         0.54418515  0.27481257]
  [-1.69865743 -0.24319696 -0.2221996 ]]]
