Experiment	1	-8.394136963070892	0.7097150369291079	364655	8	[[[ 0.95269717  0.7241064  -1.86273435]
  [ 0.20569677  0.67074804 -0.92219358]
  [ 1.38307795  0.74696649 -0.86835091]
  [ 0.78234489 -0.28203563 -1.14369281]
  [ 0.79348781  0.20578958 -0.07074764]]]
Experiment	2	-8.530149303301869	0.5737026966981311	159221	8	[[[ 0.84113742 -1.14393945 -0.9198318 ]
  [ 0.86105574 -1.84459046  0.0840631 ]
  [-0.09792255 -1.38501442 -0.25370962]
  [ 0.70249617 -0.76168869  0.14579922]
  [ 1.74350344 -1.21226559 -0.05987974]]]
Experiment	3	-8.55659216508143	0.5472598349185702	158649	8	[[[ 1.77528985  0.36207246  0.56061492]
  [ 0.67128605  0.26879942  1.02896246]
  [ 2.28682408 -0.63710469  0.88475146]
  [ 1.52987818 -0.27843264  1.57512244]
  [ 1.22398348 -0.57721797  0.4720045 ]]]
Experiment	4	-8.188614417254836	0.9152375827451635	362576	7	[[[-1.20532572 -0.43389125 -0.55971901]
  [-0.89381343 -1.08590751 -1.30274603]
  [-0.34375319 -0.14882209 -1.3156325 ]
  [-0.35986672  0.34775456 -0.25947537]
  [-0.09487305 -0.80267186 -0.49089463]]]
Experiment	5	-8.446611659795291	0.6572403402047087	97625	8	[[[ 0.42485895 -0.39506223  2.16031739]
  [ 1.07678812 -1.74800573  1.20063047]
  [ 0.07427909 -1.17133085  1.44909732]
  [ 1.09744526 -0.65559255  1.31413115]
  [ 0.72463755 -1.5047503   2.29992621]]]
Experiment	6	-8.573697973879103	0.530154026120897	450543	7	[[[-2.07295313 -2.2600702  -0.87142364]
  [-1.14336575 -2.5        -1.3625015 ]
  [-1.93356663 -1.11220663 -0.47650531]
  [-1.06421998 -1.91815172 -0.41939598]
  [-1.3705796  -1.39514041 -1.37444274]]]
Experiment	7	-8.542942897148201	0.5609091028517987	217043	6	[[[-0.97755019 -1.40112664  0.17334821]
  [-0.47965876 -0.01672591 -0.8936666 ]
  [-0.66521584 -1.19025714 -0.95331076]
  [-0.10925591 -0.64417582 -0.07340972]
  [-1.24447282 -0.42532944 -0.20937311]]]
Experiment	8	-8.24422808061364	0.85962391938636	75740	9	[[[-0.71672847 -0.35390432 -0.61930763]
  [-0.35954668  0.70363785 -0.56089417]
  [-1.54948033  0.37505457 -0.84422273]
  [-0.68997803  0.14814617 -1.54421845]
  [-1.24204783  0.1907268   0.18216456]]]
Experiment	9	-8.636989715235416	0.46686228476458425	193576	9	[[[ 0.02734098  2.22978961 -1.19713392]
  [ 0.23304245  2.10338231 -0.09468086]
  [ 1.2169836   1.51670965  0.05722665]
  [ 0.35533478  1.2638866  -0.75037946]
  [ 1.11845437  2.03900024 -0.9470427 ]]]
Experiment	10	-8.386866212287558	0.7169857877124421	155755	6	[[[-0.43261609 -2.11837691  0.12883352]
  [-0.16425697 -1.210322   -0.488503  ]
  [-1.24006519 -2.08896229 -0.62848577]
  [-1.0723938  -1.1865894   0.14547245]
  [-1.21034739 -1.04426518 -0.92014594]]]
Experiment	11	-8.342045777196983	0.7618062228030169	307323	6	[[[-1.54833957  0.25180102  0.73761935]
  [-0.03683527 -0.70552129  1.27858054]
  [-0.4042297   0.10941378  0.60421788]
  [-0.77743982  0.11054222  1.56891709]
  [-1.17924725 -0.77842171  1.03937326]]]
Experiment	12	-8.299467268476015	0.8043847315239852	253162	8	[[[ 0.6519596  -1.49027054 -2.20104412]
  [ 1.29038752 -0.60955174 -0.80413693]
  [ 1.54663494 -0.9414544  -1.80158946]
  [ 1.16292644 -1.72682835 -1.14373685]
  [ 0.33147253 -0.93110634 -1.21178795]]]
Experiment	13	-8.414416201217911	0.6894357987820889	146948	8	[[[ 0.6296522   0.2370702  -1.73506965]
  [ 0.20686301  1.12075701 -1.20952055]
  [-0.09822474  0.95345343 -2.25763567]
  [-1.03954111  1.32834386 -1.65513226]
  [-0.52814276  0.30581533 -1.46082566]]]
Experiment	14	-8.392497731941173	0.7113542680588267	120910	8	[[[ 0.23383222 -1.00661154  0.98701791]
  [ 0.82174872 -0.74206965 -0.71797169]
  [-0.17070731 -0.96656054 -0.02156693]
  [ 0.76708046 -0.30679732  0.30256818]
  [ 0.86724416 -1.46615142  0.25997315]]]
Experiment	15	-8.614786987913837	0.48906501208616326	236226	6	[[[-0.36327577 -1.22344386  0.61364699]
  [-1.35767294  0.01417901 -0.23893484]
  [-0.29863069 -0.24417231 -0.09241011]
  [-1.01297933 -0.3562932   0.79100125]
  [-1.23371027 -1.02928197 -0.04479741]]]
Experiment	16	-8.370264573762276	0.7335874262377242	104265	8	[[[-1.27272863 -1.38089174  1.57516185]
  [-0.85295025 -1.31939032  0.45107589]
  [-1.84351818 -1.79260544  0.71106174]
  [-1.62492019 -2.5         1.61738086]
  [-0.75036847 -2.24289145  1.1062438 ]]]
Experiment	17	-8.126170241190865	0.9776817588091351	163794	8	[[[-0.7465751  -1.02260151  1.64025608]
  [ 0.54130381 -0.65870586  0.16342569]
  [-0.44988575 -0.4182374   0.55118606]
  [ 0.24926238 -0.75702142  1.31197231]
  [-0.23065729 -1.49827633  0.59916368]]]
Experiment	18	-8.350473006373289	0.7533789936267112	409427	7	[[[-0.42943721  0.93805173 -0.32968888]
  [-0.93384932 -0.51333817  0.55315603]
  [-0.37561569  0.42811589  0.58289945]
  [-0.26779175 -0.27331221 -0.31800486]
  [-1.29045698  0.24352999 -0.2581745 ]]]
Experiment	19	-8.47103130386779	0.6328206961322103	268394	6	[[[ 2.05247748  1.13175385 -0.65894201]
  [ 1.33954001  1.94773566 -1.16359358]
  [ 1.44806204  0.92068196 -1.61966973]
  [ 0.97754161  0.969655   -0.67348994]
  [ 1.61681101  0.13538889 -0.78384153]]]
Experiment	20	-8.52521972846594	0.5786322715340599	451614	7	[[[ 0.12314236  1.39034374 -0.52051197]
  [ 0.29620049  0.59588048  0.28395388]
  [-0.60100051  1.42043498  0.40913634]
  [ 0.52266745  1.63665984  0.51612344]
  [ 1.2504939   1.09903723 -0.21327726]]]
Experiment	21	-8.22179316677855	0.8820588332214498	450185	6	[[[-0.52304604 -0.3435127   1.59366053]
  [-0.12451403 -1.10559274  2.27140149]
  [-0.12927884  0.04969353  2.5       ]
  [ 0.30301338 -1.11390511  1.25487276]
  [ 0.59617986 -0.07856671  1.69260272]]]
Experiment	22	-8.369721276989319	0.734130723010681	11710	9	[[[ 0.4275558   0.59024009 -2.03239088]
  [ 0.27830275 -0.44149871 -2.5       ]
  [-0.66125743  0.31012111 -2.14862697]
  [-0.33949585  0.84241061 -1.25540957]
  [ 0.12873274 -0.27463356 -1.36212751]]]
Experiment	23	-8.352905900942337	0.7509460990576624	73594	8	[[[-0.83542984  0.71880065  0.7939992 ]
  [-0.38513331  0.39657769 -0.16676752]
  [-0.41756618  1.50933024  0.09656745]
  [-1.21165343  1.81933725  0.93877127]
  [-1.4751645   1.18674373 -0.02231867]]]
Experiment	24	-8.427527157273733	0.6763248427262667	96255	9	[[[ 2.11989244 -1.4830287   0.58994238]
  [ 1.47917174 -0.79165663  1.35150724]
  [ 1.67154886 -1.85601059  1.58729843]
  [ 2.32499978 -0.43823128  0.61164747]
  [ 2.5        -1.08395069  1.49253078]]]
Experiment	25	-8.639223368043734	0.46462863195626625	27679	9	[[[ 0.6903387  -1.9269527  -1.33472387]
  [ 1.57811986 -1.47447405 -1.77938834]
  [ 1.74662175 -2.30389378 -1.06909963]
  [ 1.39015837 -2.5        -2.11135365]
  [ 0.63816162 -1.69094546 -2.5       ]]]
Experiment	26	-8.261657353147234	0.8421946468527661	378634	7	[[[-0.37849961 -0.87006435  1.34982003]
  [-0.68378576 -1.49229592  2.33467356]
  [-0.68441527 -0.37227146  2.4040992 ]
  [-1.3800017  -0.91827133  1.65642444]
  [-1.01308311 -1.88836134  1.22543838]]]
Experiment	27	-8.247709793884553	0.8561422061154467	55587	8	[[[-1.26672705  1.49445866  1.48113095]
  [-0.00419864  1.94849903  1.52909241]
  [-1.73210696  1.91835882  2.32980975]
  [-0.94705307  2.5         1.78404749]
  [-0.58887856  1.58524919  2.3543082 ]]]
Experiment	28	-8.26200151542326	0.8418504845767405	448443	8	[[[-0.89504794 -0.71239337  0.53684066]
  [-1.93415397 -0.86586538  0.38535346]
  [-0.71890354  0.08964866  1.16578336]
  [-1.60920257 -0.53679144  1.38647109]
  [-1.58911149  0.13059382  0.41599319]]]
Experiment	29	-8.4318194439326	0.6720325560673999	383936	6	[[[-0.58586975 -1.21938722 -0.1305151 ]
  [-1.15765416 -0.1928531  -1.68575692]
  [-1.4388788  -1.01843672 -0.90789607]
  [-0.3831404  -0.850763   -1.34546709]
  [-0.80570287 -0.16811452 -0.60419825]]]
Experiment	30	-8.130048397658559	0.9738036023414409	249891	8	[[[-1.25325491 -0.49080854  0.02873162]
  [-0.70322588  0.47798483 -0.24649124]
  [-1.28418349 -0.39726087  1.37898734]
  [-0.38002472  0.05836445  0.76581195]
  [-1.38461369  0.43525135  0.67287161]]]
