Experiment	1	-7.687811361892132	1.4160406381078676	57532	9	[[[ 0.04709524  1.62242186  0.52557219]
  [-0.02963672  0.69620292  1.18406926]
  [ 0.63195672  1.24371101 -0.51362931]
  [-0.1345206   0.43992842  0.02980717]
  [ 0.86753759  0.67653421  0.36594733]]]
Experiment	2	-7.871750500122111	1.2321014998778885	80247	8	[[[ 0.95705452  0.43996726 -1.51796059]
  [ 0.64386173  2.5        -1.52313528]
  [ 1.09502168  1.57810354 -1.04271482]
  [ 0.68493062  1.49685548 -2.05653828]
  [ 0.12151604  1.13014957 -1.20852733]]]
Experiment	3	-8.089631377140911	1.0142206228590886	161519	7	[[[ 0.92770999  1.06042458 -1.54245228]
  [ 1.21445646  0.68357648 -2.5       ]
  [ 1.42095334  0.09102709 -1.62737381]
  [ 0.36543086  0.15643993 -2.10704009]
  [ 0.44538     1.48705311 -2.4589842 ]]]
Experiment	4	-8.379503238087075	0.7243487619129247	260614	7	[[[-1.51471963  2.5        -0.13548076]
  [-1.97062109  1.52172744  0.11557186]
  [-2.5         2.5        -0.51588252]
  [-1.77959717  1.86169147 -0.99313932]
  [-2.36855727  2.39743535  0.59956585]]]
Experiment	5	-8.359071405547672	0.7447805944523278	270129	7	[[[-0.32287726 -1.15667325  0.17385072]
  [ 0.71558225 -0.61071212  0.11133862]
  [-0.06295149 -0.46520978 -0.69029686]
  [-0.99961772 -0.28981181 -0.16699665]
  [-0.21098138 -0.20503463  0.66569808]]]
Experiment	6	-7.972831247002955	1.1310207529970446	157252	8	[[[ 0.79784468 -1.5321102   0.26305429]
  [ 1.60597944 -1.50048076  1.02538072]
  [ 0.39133021 -2.5        -0.0577285 ]
  [ 0.71247759 -2.5         1.07901974]
  [ 1.53124617 -2.46864534  0.32241921]]]
Experiment	7	-7.916228160383099	1.1876238396169008	382305	6	[[[-0.23052376  2.0505945  -1.60634924]
  [ 0.20849209  1.64697874 -2.48137852]
  [ 0.70849803  2.5        -1.8146564 ]
  [-0.53850106  0.98007238 -1.90387521]
  [ 0.51049305  1.28591262 -1.36662832]]]
Experiment	8	-8.32804551834356	0.7758064816564403	105850	8	[[[ 1.15065835 -1.09803306 -0.96486734]
  [ 0.45662018 -0.23395313 -1.25598153]
  [ 0.24375161 -0.66437107 -0.11777265]
  [ 0.19674707  0.48643126 -0.40532113]
  [ 1.16946343 -0.13279372 -0.43569968]]]
Experiment	9	-7.526241799818659	1.5776102001813408	280825	7	[[[-1.60921755  0.60195008 -0.08956295]
  [-1.71127588  0.1147879   1.10542973]
  [-1.25988294  1.70706153 -0.15196583]
  [-1.10119511  1.08682095  0.88009794]
  [-2.13114511  1.44893848  0.43295608]]]
Experiment	10	-7.950236353848914	1.1536156461510858	245147	8	[[[ 2.18456063 -0.20174384  0.56265901]
  [ 1.88604252 -1.20181776  0.95817121]
  [ 1.5981927  -1.46544279  2.08659908]
  [ 2.5        -0.84680945  1.79844392]
  [ 1.6011044  -0.31571656  1.53884486]]]
Experiment	11	-7.6392460085024085	1.4646059914975913	455041	6	[[[ 0.18593006 -0.67468441 -0.17459185]
  [ 1.16744341 -1.05392306 -0.42516202]
  [ 0.38925611 -1.66892124 -0.92942937]
  [ 0.35653791 -1.80622232  0.30228754]
  [-0.6008753  -1.65346847 -0.34596195]]]
Experiment	12	-7.8810724764171765	1.2227795235828234	161612	7	[[[ 0.10338088  1.55724161  1.15732517]
  [-0.86195905  2.13834308  1.98571111]
  [-0.59240237  2.49667944  0.94109273]
  [ 0.19920446  2.5         1.74861403]
  [-0.98250561  1.54856057  1.13625117]]]
Experiment	13	-7.93498064530605	1.16887135469395	116617	8	[[[ 0.28385117  1.57857796 -1.74465652]
  [ 1.02795031  2.39141362 -1.44341264]
  [ 1.26064499  1.42143018 -2.28360749]
  [ 1.63332205  2.5        -2.5       ]
  [ 0.50935553  2.5        -2.5       ]]]
Experiment	14	-7.661731813479213	1.4421201865207864	221505	8	[[[-2.5         2.5         0.05069063]
  [-2.5         2.5         1.13881519]
  [-1.50078377  2.18278568  1.7117124 ]
  [-1.50620491  2.44055213  0.635358  ]
  [-1.95827121  1.38644865  0.83584677]]]
Experiment	15	-7.874511208599952	1.2293407914000483	15602	9	[[[ 2.5        -1.51692043 -0.51397521]
  [ 1.11194981 -2.16333418  0.1069704 ]
  [ 1.82680389 -2.40436704 -0.82791932]
  [ 2.13497032 -1.98553527  0.38730183]
  [ 1.40826013 -1.29334885 -0.49927147]]]
Experiment	16	-7.644796558173325	1.459055441826675	380340	7	[[[-0.45701481  0.51705309  2.47144445]
  [ 0.40768829  0.51640713  1.91745582]
  [-0.55291412  0.22426221  1.41751817]
  [-0.05517895  1.3713905   1.35213889]
  [ 0.14658767  1.48201804  2.5       ]]]
Experiment	17	-7.876143383399839	1.227708616600161	188645	8	[[[0.39362043 0.40204577 1.35377591]
  [1.172325   0.83690094 0.43718304]
  [0.60168241 1.46189802 1.16920961]
  [1.44518023 0.83919373 1.68698823]
  [1.68420529 1.77562807 0.79985179]]]
Experiment	18	-7.739921667834543	1.3639303321654568	375506	9	[[[ 0.31187886  0.15060936 -2.05446284]
  [ 0.50882576 -1.77430107 -1.43791922]
  [-0.28229525 -0.75322342 -1.87300909]
  [ 0.70089444 -0.81375933 -2.5       ]
  [ 0.80866026 -0.65792009 -1.38736016]]]
Experiment	19	-7.9540813983215735	1.1497706016784264	245508	8	[[[ 0.46783743  1.12211552  2.2609061 ]
  [ 0.3571106   2.32205815  0.81280514]
  [ 0.68421234  2.13130344  1.81908919]
  [ 0.87931131  1.12401757  1.23721211]
  [-0.19612969  1.5135859   1.54566136]]]
Experiment	20	-8.576548132939912	0.5273038670600876	29573	9	[[[-1.77300854 -0.96587102  1.50315497]
  [-1.3204278  -1.29315747  2.5       ]
  [-1.63801419 -2.06638678  1.63870786]
  [-2.09841746 -0.49545032  2.5       ]
  [-2.5        -1.43928564  2.16439391]]]
Experiment	21	-7.634840712942964	1.469011287057036	126581	9	[[[-2.5         0.15977642 -0.13634207]
  [-1.53097289 -0.31755426  0.39821383]
  [-1.49078212  0.56247557  1.08478939]
  [-2.5        -0.12857082  0.98223613]
  [-2.5        -0.98996046  0.16507936]]]
Experiment	22	-7.793550802569277	1.3103011974307233	261580	7	[[[ 0.20772204  1.19972512  1.02574759]
  [ 0.26258307  2.14925697  1.78279305]
  [ 0.06878592  1.2858504   2.5       ]
  [-0.69042455  1.46567847  1.67364976]
  [ 0.91932268  1.07491814  1.78616818]]]
Experiment	23	-7.876165589679451	1.2276864103205485	198956	8	[[[ 0.23552232 -0.31331554 -1.38822001]
  [ 0.4790259  -1.43845166 -1.64523143]
  [ 0.10935414 -2.26790138 -1.05484226]
  [ 0.15363518 -1.09939674 -0.55353394]
  [-0.56724039 -1.29245028 -1.46703339]]]
Experiment	24	-7.957444613364933	1.146407386635067	67035	8	[[[ 1.3620116  -1.58488257  1.25001   ]
  [ 1.48913224 -1.45562264  0.02622273]
  [ 0.61281461 -2.01478945  0.38323993]
  [ 2.36341058 -1.75319539  0.53392401]
  [ 1.62569318 -2.5         0.60256341]]]
Experiment	25	-7.856691217966898	1.2471607820331014	407000	8	[[[-0.32259604 -1.50951555 -0.79050159]
  [ 0.32550968 -1.33878668 -1.6437014 ]
  [-1.18758427 -1.46571456 -1.62205448]
  [-0.4004189  -1.49026221 -2.5       ]
  [-0.24542107 -2.28743134 -1.70880239]]]
Experiment	26	-7.768450308736661	1.335401691263339	319907	6	[[[ 0.66425565 -0.83516582  0.44439203]
  [ 1.48079887 -1.66379433  0.38284388]
  [ 1.17733152 -1.14876798 -0.61448002]
  [ 1.7923404  -0.60653777  0.17137572]
  [ 0.98907916  0.22977258  0.49493528]]]
Experiment	27	-7.5487983316970455	1.5550536683029543	199022	7	[[[-0.48255492  0.0695307  -2.02464367]
  [-0.13863279  1.09579494 -2.15649203]
  [-1.07815841  1.09425951 -1.59255324]
  [-1.20248818  0.05694361 -1.18358772]
  [-1.44306141  0.53895538 -2.5       ]]]
Experiment	28	-7.853862937219763	1.2499890627802372	401094	8	[[[-2.5         1.15905612 -1.764503  ]
  [-1.02905807  1.63471833 -1.38598925]
  [-1.98963615  1.44084268 -0.77140287]
  [-2.00812012  2.21258629 -1.56313173]
  [-1.57362668  0.62873246 -1.65415185]]]
Experiment	29	-7.917701281389842	1.1861507186101576	10775	9	[[[ 0.23071648 -1.87306589  1.3992347 ]
  [-0.11978385 -0.79575002  1.47255376]
  [ 0.30432605 -2.5         2.48910251]
  [-0.57997873 -1.70669081  2.22331931]
  [ 0.49666537 -1.4507166   2.34785817]]]
Experiment	30	-7.794287294239879	1.3095647057601205	180103	8	[[[ 0.49222191  1.40427912 -0.94267861]
  [-0.17582703  0.55380586 -1.459446  ]
  [-0.25327258  1.70847538 -1.69721968]
  [ 0.10009472  0.30750351 -2.45296637]
  [ 0.7070052   1.13877327 -1.97310847]]]
