Experiment	1	-22.62342209294699	54.55362090705301	147795	7	[[[-0.88429421  2.5         1.96014404]
  [-0.38769755  2.5        -1.00830151]
  [-2.05770727 -0.19532583  0.81471828]
  [ 1.40220683 -0.40159684 -0.32779246]
  [-1.23587539  0.45845498  1.25254459]
  [-0.73892469  1.39560228  0.71450984]
  [-0.62472603  1.71670847 -0.44298083]
  [-1.48735484  2.35930891  0.59848352]
  [ 0.86841963  0.48450538 -0.57256105]
  [-2.5        -0.56835975 -0.2221272 ]
  [ 0.133564    1.2915169   0.23471256]
  [-0.18192398  0.20487861  0.37130843]
  [-0.19310512 -0.478923    2.04520021]
  [ 0.79388993  2.07531725 -0.27148155]
  [ 0.01585529 -1.70798151  1.65714081]
  [ 0.41073567  1.3570706  -0.94361331]
  [-1.75793654 -0.7859651   1.81877177]
  [-2.23030557 -1.67326175  2.18185717]
  [ 0.18504905 -0.3408755  -1.87443792]
  [-0.81470206  0.52017842 -1.76586402]]]
Experiment	2	-24.76876622245549	52.40827677754451	47172	8	[[[ 0.48414454 -0.92427404  2.31899211]
  [-1.23444422 -0.23530622  0.14777801]
  [ 0.61787899 -0.97042121  1.0371817 ]
  [-0.42422349 -0.30390089  1.18925821]
  [-2.03041377  0.39098266 -0.2895608 ]
  [ 0.42783642  1.91994422  1.06005692]
  [ 0.54035593  0.51761335 -0.69414815]
  [ 2.40979623  1.61452292  0.94765346]
  [ 2.5         0.42957965  1.11439491]
  [-1.15312472 -1.29032364  1.67158387]
  [-1.69492593  0.63904052 -1.68322969]
  [-1.64240147 -0.31988664 -0.96504322]
  [ 0.08466013 -2.5        -1.89637772]
  [ 1.38485319  1.98345735  0.60402721]
  [-0.8357363   1.49236332 -0.32851152]
  [ 1.31071009  1.22709697  1.32806574]
  [-2.5        -0.69915471 -0.35339852]
  [-0.09878329  0.17229526  0.34986093]
  [ 1.82638571  2.02595577  2.02942183]
  [-1.30016615  0.56867506  0.78847196]]]
Experiment	3	-24.507188517324167	52.66985448267583	33089	8	[[[ 0.75946277 -1.42937805 -0.27426033]
  [ 1.96289562 -0.45453469 -1.28333585]
  [ 1.94722693 -1.33815741  2.16878339]
  [ 0.99921184  2.06815229 -1.57423016]
  [-1.90462128 -0.09963521 -1.33960692]
  [ 0.17013173 -1.52416575 -1.24390781]
  [-0.61796178  0.10816499 -0.80105745]
  [-0.23291727  2.26153591 -1.65885945]
  [-2.29869395 -0.10544501 -2.43399518]
  [-1.53625116 -1.3739441  -1.35888771]
  [ 1.33997093  0.71944289  0.13920764]
  [-0.82490738 -0.66964206 -1.45943067]
  [-1.45682742  2.23357991 -1.39081533]
  [-0.15843875  0.39147505 -1.85503822]
  [-0.68360062 -1.26673279 -0.23546292]
  [-0.2142935   1.40319704 -2.5       ]
  [-0.59525027 -0.34735698 -2.5       ]
  [-1.84429818  1.96311761 -0.39860861]
  [-0.6370976   2.5        -0.34336483]
  [-0.83285976  1.5166129  -0.93074669]]]
Experiment	4	-23.717200015207517	53.45984298479248	181574	6	[[[-1.99437891  2.5        -1.044154  ]
  [ 1.95931612  1.91549635  0.68149128]
  [ 0.32598608 -0.2609887   1.94125934]
  [-0.78008213 -2.5        -0.54108395]
  [-0.49248202  0.53244411 -0.03593527]
  [ 2.24816583  2.38963776 -0.77913105]
  [-0.36062852  2.5        -1.94693728]
  [-0.67812882 -0.06748287 -1.18480735]
  [ 0.54037982 -1.41835462 -0.33222654]
  [ 0.55557946  0.16858426 -0.529435  ]
  [-0.34923962 -0.45451628 -2.3691422 ]
  [ 0.79600591 -0.11554264 -2.5       ]
  [-1.40775483  0.01916333 -0.33361523]
  [ 0.71256684 -1.08174323 -1.68463773]
  [ 0.22351394  1.03842529 -0.92190068]
  [ 1.48535345 -0.17964039 -1.22936478]
  [-0.19815013  2.12009824 -0.98892173]
  [-0.59694926 -1.16510152 -1.37316181]
  [-0.7963395   0.96625294 -1.34939429]
  [ 1.50896934 -1.70066949 -0.84362466]]]
Experiment	5	-23.178819249512337	53.99822375048766	116314	6	[[[-0.84067875  2.3103927   1.44954421]
  [-1.13176599  1.31823909  2.08550752]
  [-2.5         1.42801466 -2.02676539]
  [-2.5        -1.69677723  0.95108985]
  [-1.08617949 -0.05946672 -1.35207552]
  [-2.41215526 -0.28905223  1.43568161]
  [-0.24259049 -0.26655368  2.5       ]
  [-1.47969577  1.38140778  1.03555051]
  [-2.5         0.29769882  0.62445799]
  [-0.49861164 -0.7574312  -0.43083183]
  [-1.89980217  2.31347466  2.5       ]
  [-1.97509741  2.38897561  0.98828555]
  [-2.5         1.19462535  2.5       ]
  [-1.57531448 -0.58751076  2.24003817]
  [ 1.01752518  0.47739277  1.64038393]
  [ 2.5         0.27821889 -0.10639495]
  [-1.91532868  1.14124887  0.10815419]
  [-0.66448513 -1.36932341  1.5894445 ]
  [-1.55763924  0.41499052  1.65200859]
  [-0.87437848  0.39008246  0.57359362]]]
Experiment	6	-20.764758681236263	56.41228431876374	3799	9	[[[ 1.34803412 -1.09118383  1.13028056]
  [ 1.50800989 -1.29022108 -0.35718321]
  [ 0.35594759 -1.8231676  -1.16254759]
  [-2.5         0.82819376 -2.46618621]
  [-1.60221337 -0.24428893  0.98210065]
  [-2.5         1.04785194 -0.85541781]
  [-1.38113778  1.35347006 -0.48877951]
  [-2.5        -0.83721057 -0.65386205]
  [-2.47490685 -0.8140871   1.0745395 ]
  [-1.57067767 -1.56725116  2.17998827]
  [ 2.24357978 -2.15432142 -0.53236084]
  [-1.20333641  0.90441861  0.75396448]
  [-0.78338248  0.38771892 -0.06648337]
  [-0.44919365 -0.94201911  0.14311375]
  [-0.43144425 -0.01233014  1.21140761]
  [-0.60648829  0.495765   -2.5       ]
  [ 0.60787312 -0.52881486  0.4572735 ]
  [ 2.5        -1.12687465  0.15811189]
  [ 0.85567854 -1.99861436  1.01707828]
  [-0.22072738 -0.12748277 -0.89860429]]]
Experiment	7	-23.1286078029354	54.0484351970646	32638	8	[[[ 0.08628846 -0.04246305  0.21672971]
  [-0.45905796  2.33869755 -0.1066651 ]
  [ 0.73539492  1.31074205 -2.19438887]
  [ 0.98480783  0.69149516  0.64268507]
  [ 0.22085144  1.31802496 -1.13653039]
  [-1.97826646 -1.92491546  0.34362827]
  [ 1.00162908  1.89007971 -0.44981924]
  [-0.79968095  1.06306129 -0.45476977]
  [ 1.19892863 -2.0295003  -2.24442455]
  [ 0.0689883   1.18547768  0.36260714]
  [ 1.45545809  0.34097508 -2.5       ]
  [-0.27479932  0.10891154 -0.80736432]
  [-1.51315806  2.5        -0.58636953]
  [ 2.41514066  0.78927045  1.03542011]
  [ 0.30956435 -1.23027461  0.98546429]
  [ 0.55421342  0.58178586 -0.40044954]
  [ 0.50564117 -1.23056322 -2.5       ]
  [-2.2740327  -1.00153689 -1.15840082]
  [ 1.60481046 -1.9311214   2.5       ]
  [ 1.73049118  1.61136467 -1.78150911]]]
Experiment	8	-21.79640766041714	55.38063533958285	143553	7	[[[ 0.17658896 -0.532652   -0.04676466]
  [-0.46692013  1.82358185  0.11222501]
  [-0.33344311  2.5         2.02989483]
  [ 1.15320111 -1.29548476 -0.24298861]
  [ 0.37194275  0.466048    0.97425903]
  [ 0.30936828 -1.19789576 -1.11769639]
  [ 0.09459488 -0.43670451 -2.5       ]
  [ 1.14377935 -0.25743165 -0.82196699]
  [ 1.43326529 -1.43433739 -1.24928382]
  [-2.42123969 -0.38370151 -1.5683246 ]
  [ 0.1621758  -2.13771274  0.50994506]
  [ 0.37050463  0.52172226 -1.60303188]
  [-1.35476518 -1.57252817 -0.21794453]
  [-0.33614901  1.35322384 -2.0918948 ]
  [ 0.568835    1.68157692 -0.89383262]
  [-1.51759416  2.23052868  1.73978902]
  [-1.00422734 -0.08770325 -2.5       ]
  [ 0.07156533 -2.49482461  1.59658508]
  [-0.5543361   0.61174232  0.00521504]
  [ 0.42991121 -0.96088794  0.88658943]]]
Experiment	9	-25.92800292441976	51.24904007558024	88972	7	[[[-0.73110101 -1.41849466  0.41455202]
  [-0.94944004 -1.28982904 -0.58333178]
  [-0.48424359 -2.5         2.46448797]
  [ 0.90181265 -1.02237631 -0.17761086]
  [-1.61764817  0.90028433 -0.08534825]
  [-0.75195065 -0.68428141 -2.5       ]
  [ 0.37634811 -0.60422356 -1.02880085]
  [-2.47903647 -2.5        -2.23761732]
  [-0.65232553 -0.30135926 -0.2020948 ]
  [-1.33814292  0.33481648  0.81525759]
  [ 1.8718121  -1.3462902   0.50974418]
  [-2.5         1.1680518   0.41444787]
  [-0.08828154  0.32436173  0.95565912]
  [ 0.22416381 -0.68603545  0.80817417]
  [-0.01316909 -0.20852489  2.03175805]
  [ 1.02871059 -1.87280274  0.9058314 ]
  [-1.21238313  0.44140908 -0.79204492]
  [-1.08591859 -0.42522104 -1.54714003]
  [-0.83120583 -0.72496821  1.18151146]
  [-1.08638818  0.58929548 -1.95839247]]]
Experiment	10	-24.380840630823528	52.79620236917647	132516	8	[[[ 1.62642173 -0.31045547  2.11987751]
  [ 2.0065982  -1.01776068 -1.62890266]
  [-1.42938622  0.04439957  1.40516042]
  [-0.67297286  1.516989   -1.96229667]
  [ 0.56874875 -0.51939652 -0.75788819]
  [ 0.72369185 -1.73499245 -0.64676273]
  [-0.56286014  0.50428951  2.5       ]
  [-0.98821936  1.56929227  2.5       ]
  [-1.04399041  1.10579625  0.80952706]
  [ 0.13654386  0.06749826  0.78225552]
  [ 1.12772969  0.29462829  0.15533891]
  [ 1.21867696 -0.31611452  1.17381785]
  [ 1.66521    -0.37795462 -0.77713355]
  [-0.56896631  2.44506395  1.57081977]
  [ 2.41106636 -0.42076756  1.33757309]
  [ 2.5        -0.74391203 -0.07527613]
  [-0.32571695  2.5         0.19598743]
  [-1.86752606 -1.12139585 -1.50623153]
  [ 0.35210376 -0.13358932  1.9629576 ]
  [-0.05217351  1.03416135  1.2996369 ]]]
Experiment	11	-22.59984412738679	54.57719887261321	175925	8	[[[ 1.90707160e+00 -8.72121565e-01  4.90507017e-01]
  [-9.14993918e-01  2.40639128e+00  2.22334638e+00]
  [-1.19159247e+00 -5.43081986e-01 -3.46146695e-01]
  [-1.44295912e+00  1.95611884e+00 -1.12915827e+00]
  [-1.70345769e+00  8.14272106e-01 -1.43454613e+00]
  [-1.06971790e+00  7.76676331e-01  1.02089682e+00]
  [-4.78785198e-01  3.00225914e-01  2.26159214e-01]
  [-1.39695117e-01 -1.26046756e+00 -9.79827725e-01]
  [-6.93156388e-01 -1.72362429e+00 -1.84113497e+00]
  [-4.04262986e-01  1.27272821e+00 -6.21435239e-01]
  [-3.35469236e-02 -1.31985273e+00  9.76825286e-01]
  [ 7.35078250e-01 -7.96494009e-01 -4.76605637e-01]
  [-8.73164309e-01 -2.86994875e-01 -1.42340400e+00]
  [-2.61081030e-01  1.52998660e+00  2.50000000e+00]
  [-8.90902255e-01 -2.36727234e+00 -1.04141638e+00]
  [-1.09076128e-01 -1.76261508e+00  1.90120018e+00]
  [-1.25960748e+00 -6.42840789e-01  1.39656469e+00]
  [ 6.27497833e-04  1.31302618e+00 -1.57588131e+00]
  [-5.79743955e-01  2.50000000e+00 -7.72036198e-01]
  [ 2.38807737e-01  4.36783181e-01 -6.83970100e-01]]]
Experiment	12	-23.48747175485623	53.68957124514377	26877	8	[[[ 0.18308545 -1.24583605 -1.1632099 ]
  [-1.87464057  0.4466734  -0.2932822 ]
  [ 0.45180435 -1.09342612  1.09678249]
  [-2.12242434  0.83013299 -1.34875127]
  [ 0.840722   -0.52766065 -1.98543279]
  [ 0.55038717 -1.64886683  0.14020745]
  [-0.78150024  0.3068735  -0.3660022 ]
  [-1.75851267  1.46639903 -2.5       ]
  [-0.93744315 -1.3386187   1.31255259]
  [-1.42491231 -2.37474622  0.87900839]
  [-2.32822748 -0.44583299 -1.51909137]
  [ 0.56621739  1.15897954 -0.1258444 ]
  [-0.46221768 -0.31921555  2.07341876]
  [-1.4035677  -0.0911861  -1.31921779]
  [-2.11047313 -1.44846053  1.14852566]
  [-0.64943339 -2.5         0.1779392 ]
  [-0.97731987 -0.9726198  -0.58832943]
  [-0.44846004 -1.19843523  0.43426522]
  [ 1.85446665  2.19664006  0.97474507]
  [-2.5        -1.3135467  -2.49898322]]]
Experiment	13	-21.309221374722494	55.8678216252775	48956	7	[[[ 1.80598152 -0.38805531  0.50289829]
  [ 1.50867156 -0.06054156 -1.99914122]
  [ 0.09371635  2.10058997 -0.57442617]
  [ 0.3434534  -0.43803977  1.02781498]
  [ 0.83735073  1.15897488  0.93062267]
  [-0.31255431 -1.89606527  2.10449751]
  [ 2.09499841  0.72223868  2.5       ]
  [-0.204472    1.53067594  0.93654539]
  [-0.73526145  2.06749634  0.1249957 ]
  [-0.70618146 -0.47752486 -0.36978024]
  [ 0.71714848  0.46080683  1.99201736]
  [ 1.51285557  2.05563776  0.77160396]
  [-0.42122002  0.52374374  0.28305801]
  [-0.3678423   0.48533535  1.29988394]
  [ 1.13677889 -0.39696966  1.65569238]
  [ 1.18209826 -1.58156431 -0.88854327]
  [ 1.16596317  1.9298607  -0.28133374]
  [ 1.62121012 -1.44936357 -2.101966  ]
  [ 2.48318356  0.98662779 -1.84996379]
  [ 0.79278799 -0.64342181 -2.42949426]]]
Experiment	14	-21.652707131231484	55.52433586876852	114364	7	[[[ 2.19223378 -0.73982926  1.72615673]
  [-1.39203283 -0.32247131  1.15146665]
  [-2.40555432 -0.71247411  0.88965391]
  [ 1.64451603  0.31464542 -0.50466694]
  [-1.09296035 -2.5        -0.97908983]
  [-1.03344543 -1.29066152 -0.27016751]
  [-0.11703277 -0.26524789 -1.67891292]
  [ 1.37894947  1.92387044  1.19645369]
  [-1.77705    -2.5        -1.75327062]
  [ 0.6494625   0.68496547 -0.76917749]
  [-0.09072099  0.04503156  0.59164567]
  [-1.98532273 -1.43181861 -2.03770144]
  [ 1.29708363  0.43617614  0.60782834]
  [ 0.34105505 -1.40524969 -1.13021593]
  [-0.3402904  -1.25994797  0.68488634]
  [ 1.47068507 -1.52063191 -0.57094469]
  [ 0.57536092 -0.42007273 -0.61608808]
  [-0.9831923   1.00956302 -0.68865239]
  [-0.91369805 -1.00320281 -1.87123926]
  [ 2.09464123  0.39591309  1.71144674]]]
Experiment	15	-21.496799735964398	55.680243264035596	195634	7	[[[ 1.58024576 -2.14999667 -0.79919609]
  [ 0.08629097  2.5         1.22791812]
  [-0.81116746  0.95565351 -1.04264685]
  [-1.07511616 -1.51706669  1.20999633]
  [ 1.14900998 -1.03959055 -0.42005919]
  [ 1.22129367 -1.43594451 -1.87325432]
  [-2.1625684  -1.0650376   0.55144271]
  [-0.90390784  0.20617871  2.5       ]
  [ 2.41682848  0.43010482 -1.13623396]
  [ 0.93484043  0.21442058 -0.3439297 ]
  [-1.10887537 -0.54913909 -0.64102424]
  [-0.1095783  -0.11150961 -0.44171623]
  [-0.17730192 -1.28799509 -0.80186542]
  [ 2.5        -1.91497951 -1.4740704 ]
  [ 0.15635839  1.35831258  1.68476397]
  [-0.44713001 -0.05350615  1.3863814 ]
  [-1.43337564  0.50813764 -0.01273412]
  [ 0.16632677  0.25575977 -1.68125902]
  [ 0.97382325 -0.42342851  2.02487214]
  [-0.57312856 -0.85536403  0.55344354]]]
Experiment	16	-22.251601695055125	54.92544130494487	105518	7	[[[-0.32245312 -1.03146715  1.20277874]
  [ 0.62225629 -0.0850875   1.53057072]
  [-1.24455319 -1.87710875 -0.19234248]
  [ 0.5489222   1.00566886  1.76624757]
  [-2.5        -1.58981835 -0.80297593]
  [-0.91087039  0.99892208 -1.70961803]
  [ 1.41877124  1.11367037 -1.69831755]
  [-2.24043045  1.40706212 -1.21686566]
  [ 0.61159628 -0.28939168 -0.34431105]
  [ 2.23904394  1.05040524  0.85817762]
  [ 1.56268165  0.14288472 -1.10687097]
  [-2.20049294 -1.12318999  0.24261648]
  [ 1.84025545  0.17666873  1.54632789]
  [ 0.96098455 -1.04038869  2.01931198]
  [ 1.61440129  1.91861207  0.84335805]
  [ 2.36509976 -0.57109233 -0.80323865]
  [ 0.33173772  0.88196237  0.00571813]
  [ 1.39686909  0.57182885 -0.12179283]
  [ 0.73792605  2.43025529  0.35551012]
  [ 1.80627408  1.6876812  -0.42851073]]]
Experiment	17	-23.446684722325948	53.73035827767405	48510	8	[[[-1.41117067e+00 -4.23493912e-01  1.41069488e+00]
  [ 2.39041808e+00  1.47754743e+00 -9.69578339e-01]
  [ 4.50313286e-01 -5.10857972e-02  6.84057719e-01]
  [-8.04005757e-01 -1.29615036e+00  1.55627201e+00]
  [-1.23326382e+00  2.06122696e-01  2.53340641e-01]
  [-3.45636762e-01 -4.77144349e-01 -2.24918111e+00]
  [-1.23766589e+00 -7.58906760e-02 -8.26894945e-01]
  [-2.47685152e+00 -1.66732689e+00 -2.91984038e-01]
  [-7.06936862e-01  8.07753532e-01  8.35867978e-01]
  [-8.50215355e-01 -7.02040337e-01  2.50000000e+00]
  [-3.85082818e-01 -2.41597137e+00  1.41224218e+00]
  [-1.23349563e-01  1.03279409e+00 -9.78286553e-04]
  [-1.49513465e-01 -8.72594242e-01 -4.88473586e-01]
  [ 4.98277454e-01 -1.74828205e+00 -1.25221289e+00]
  [ 1.39598913e+00 -1.09464758e-01 -1.43235845e+00]
  [-1.08877581e+00  5.28099564e-01  1.90499971e+00]
  [-6.90003674e-02 -2.32497265e-01  1.63464796e+00]
  [ 1.86591329e-01 -4.17557628e-02 -1.50766666e+00]
  [ 1.14667524e+00  9.99475834e-01 -4.18565633e-01]
  [ 4.90514948e-01  1.72682875e+00  6.28735166e-01]]]
Experiment	18	-22.393171065347875	54.783871934652126	20510	8	[[[ 1.07526392  1.01193804 -1.3220901 ]
  [-0.04323612 -1.0616266   0.07863822]
  [ 0.9390796   1.00312599 -0.23455101]
  [-1.00506611  2.29695988  2.5       ]
  [-2.30100766 -0.78159851 -2.5       ]
  [-0.83598104  0.28688087  0.05586812]
  [-0.05185591 -1.32227333 -0.98497454]
  [ 2.5        -2.5        -2.40763303]
  [ 0.2119996   0.02243604  0.26975577]
  [ 0.70662914  0.30343349  1.66071705]
  [ 0.06131037 -0.23742871 -1.38040001]
  [ 0.80090148 -0.67302395 -0.36978702]
  [-2.5        -1.43544409 -1.7443785 ]
  [-2.09618639 -1.97942175 -2.5       ]
  [-0.46786484 -0.42882393  1.90329056]
  [ 0.00390435  1.09602505 -0.67169814]
  [-0.35162523 -1.96873985  1.84732971]
  [ 0.62250064 -1.40253063 -1.84712187]
  [-1.20852842 -0.68951955 -1.08975878]
  [-1.121611   -1.60265233 -0.1625511 ]]]
Experiment	19	-21.70857363334368	55.46846936665632	192763	7	[[[ 0.96973802 -0.76455004 -1.66097917]
  [ 0.29688084 -0.50407517 -2.43329712]
  [ 1.37304214  0.38571192 -1.12873063]
  [ 0.92839837  1.65013834 -1.67760051]
  [ 0.27729699  1.92583681  1.83770522]
  [ 0.50775492  1.45989991  0.95047846]
  [ 1.26998223  2.0667937  -0.76796581]
  [ 1.01590264  1.18143666 -0.05878241]
  [-1.31055036 -0.01687137  1.01094435]
  [-0.54096876  1.45523401 -1.62436498]
  [-0.01925868  1.30786641 -0.64864875]
  [-0.09003169 -0.33917398 -1.44861097]
  [ 0.51012428  1.0358073  -2.5       ]
  [ 0.06538863  0.27135176  2.00595115]
  [-0.9558084   0.70492308 -0.88655002]
  [-1.70887034  1.84078007 -2.5       ]
  [-0.77396984 -0.26235687  0.01060065]
  [-1.63155086  1.03280623  2.5       ]
  [ 1.15169698  0.39176982  1.37088306]
  [-2.5        -2.36203688 -2.5       ]]]
Experiment	20	-22.95302325825296	54.22401974174704	32494	8	[[[ 4.01064401e-01 -8.63419983e-01 -1.30263376e+00]
  [-1.54430206e-01 -4.53248856e-02  1.29435219e+00]
  [ 1.40469854e+00  2.50000000e+00  1.42980536e+00]
  [ 3.67097458e-01 -1.67359988e+00 -4.18420037e-01]
  [-2.50000000e+00  1.34442151e+00  1.13577241e+00]
  [-4.73911618e-01 -1.18703215e+00 -3.54884826e-01]
  [-1.49107344e+00  6.97140875e-01 -8.07848211e-01]
  [-3.92102413e-01  1.53509828e+00 -2.40364245e-01]
  [ 2.54416786e-04  5.32308643e-01  4.19526161e-01]
  [-1.05438340e+00  3.67055593e-01  8.82047054e-01]
  [ 2.07181484e+00  1.95397615e+00 -7.97164120e-01]
  [ 3.57279712e-01 -1.75326702e+00 -2.50000000e+00]
  [ 7.59504535e-01 -4.27616985e-01 -1.90190636e-01]
  [ 1.38807088e+00  1.93795671e+00  7.12141576e-02]
  [ 3.51587046e-01 -1.84553272e+00  1.18295702e+00]
  [ 5.19381221e-01  1.95300548e+00 -8.00128946e-01]
  [ 1.09475397e-01  1.62091660e+00  7.24992792e-01]
  [ 1.15735882e+00  9.45013361e-01  9.08283668e-01]
  [-4.86401199e-01 -3.75246853e-01  3.70807586e-01]
  [ 2.29054592e+00  9.87754800e-02 -2.58432087e-02]]]
Experiment	21	-23.67396038812281	53.50308261187719	171135	7	[[[-2.00654255 -0.25687763  2.5       ]
  [-2.10063357  0.3878952   0.1731227 ]
  [-1.90929102 -0.34944221  1.26456339]
  [ 0.71823247  1.15278118  0.49790973]
  [-1.42598049 -0.58163615 -2.5       ]
  [ 0.59745032  0.19532702 -0.5764156 ]
  [ 0.10903667  1.01876996  1.35016821]
  [ 1.43766976 -0.47297322  1.75698372]
  [ 2.5        -1.17946183  0.97851136]
  [-1.20389375  0.53228637  1.63425719]
  [-0.11012159  2.5        -1.60888385]
  [-1.98606919  1.12002139  1.20063018]
  [-1.5350674  -1.84296534 -2.04273895]
  [ 0.14940347  1.91773932  0.15908467]
  [-0.09484912 -0.75238234 -0.64853795]
  [-1.23126633 -0.35870933 -0.17113175]
  [ 0.03948195  0.04396925 -2.17913915]
  [-0.33382064  0.93234422 -0.42580538]
  [-0.97415096  0.97965376  0.57654396]
  [-1.03495068 -0.56054698 -1.37014605]]]
Experiment	22	-24.185072933090673	52.991970066909325	28090	8	[[[-1.19227002 -1.66198801  0.55673676]
  [-1.49737266 -0.20378746  2.40263498]
  [-2.15829872  0.88983171 -0.35882008]
  [-0.2525914  -0.48542361  1.87824039]
  [-2.42817948 -0.97088334 -1.20321204]
  [ 0.02442381 -2.24055838  1.31286941]
  [-1.16260107  1.2192709   2.5       ]
  [-0.98911338  0.37379538  1.69211745]
  [ 0.0341441  -2.5         2.5       ]
  [-1.02706451 -0.97728178 -1.230398  ]
  [ 2.03952129  1.68629945 -0.55058065]
  [-1.58725779 -1.78405988  2.31044038]
  [-1.67960981 -0.12196732 -1.21377061]
  [-2.5         1.24862702  0.75956213]
  [-0.99148095 -0.77428678 -0.16497796]
  [ 2.12704278 -0.24031598 -1.74280722]
  [-1.23962966  0.30821036 -0.07376821]
  [-1.88185111  0.41535402  1.01882905]
  [-2.35626875 -0.17291128  0.08367636]
  [-1.10172317 -2.34001141 -1.05738818]]]
