Experiment	1	-22.272255307527644	54.904787692472354	5229	9	[[[-0.10201332 -1.13384178 -0.05336023]
  [ 1.47073281  1.12249294  0.10399147]
  [-1.47612382  2.16236366  1.07992193]
  [ 0.05173156  0.79705483 -0.71254933]
  [-1.08326841 -1.160304    0.30564271]
  [-0.78643162  0.61633497  1.47240622]
  [ 0.48895869  2.03185403 -0.41777474]
  [ 0.62397613  0.04293579 -1.27657972]
  [-2.5         0.81115184 -0.14825475]
  [-0.08416223  0.68508054  0.46686761]
  [-0.2916446  -1.23954835  1.16346675]
  [-1.38272145 -0.23002562  1.10172345]
  [-2.5         2.5        -2.5       ]
  [ 2.18034264  1.55844155 -0.87439966]
  [-0.89162424  1.66307708  0.14878082]
  [-0.05944553  1.02660998 -2.5       ]
  [-0.14183809  2.5         0.3359823 ]
  [ 2.5        -0.65055551 -1.09144988]
  [-0.13033485 -2.2555563  -0.32313781]
  [-0.73925214 -0.04603725  0.17241422]]]
Experiment	2	-22.825676326780584	54.35136667321942	18725	9	[[[ 0.87138881  0.24239156  1.24692399]
  [-1.48400502  0.06514208 -0.17081378]
  [-1.62448355 -1.21650179 -0.61809811]
  [-1.36158048  0.30082044  1.02980189]
  [ 1.40801322 -2.26359727 -0.0209165 ]
  [-1.70843725 -0.69534562  0.44074091]
  [ 0.10345124 -1.55766657  2.49475085]
  [-1.28976566 -1.20010669 -2.5       ]
  [-0.02524433  0.374672   -0.29489067]
  [-0.59184828 -1.73509176 -0.84957098]
  [-1.32539705  1.16466089 -0.10334211]
  [ 1.06783951  0.18885909 -0.29726409]
  [-0.46718733  0.06081808 -1.94658402]
  [-1.43591264 -0.36854989 -1.24002523]
  [-1.01637112  0.72675392 -1.11358118]
  [ 2.5         0.54173139 -1.69295068]
  [-0.790847   -1.43061586  0.38073582]
  [ 2.5         0.47915783  1.02517916]
  [ 1.97043298  1.66290584  1.14881902]
  [-0.02890592  1.44059962 -0.25392365]]]
Experiment	3	-23.25705842133922	53.919984578660774	146980	6	[[[-0.34114676  0.53362335 -0.09081921]
  [ 1.06323376 -2.03811957 -1.3946168 ]
  [-1.18657793 -0.84004533 -1.33839602]
  [-1.05213403 -2.23544375 -0.50166537]
  [-1.84204557  0.39184322 -1.40789544]
  [ 2.20911257  0.99953367  0.09021415]
  [ 1.09355353 -1.13431182  1.35069863]
  [-0.55225794  1.50489275 -1.13424105]
  [ 1.3576067   0.4058837   1.45650064]
  [-0.5544947  -0.29910707  0.87468736]
  [ 0.15903185 -0.77014348  1.61462789]
  [ 1.84462492 -0.10015899 -0.46995633]
  [-0.01330885 -1.68439566 -1.07444176]
  [ 1.06743042  1.09404867 -1.8440615 ]
  [ 0.92044509 -1.3723635  -0.46088497]
  [ 0.33417277 -1.45496201  0.74121778]
  [-0.0714921   0.56856819  1.07720238]
  [ 0.33901371 -0.59785824  0.21156429]
  [-1.8932993  -0.22720999  0.17513587]
  [ 1.22482315 -1.97340756  0.49549823]]]
Experiment	4	-21.97180173984122	55.20524126015878	178923	8	[[[ 1.20392603  2.21183603 -1.37444674]
  [ 1.57189767 -2.5        -1.60256293]
  [ 1.87521396  0.38149558  2.17939644]
  [-0.47468715  0.71031685 -1.58247002]
  [ 0.56481751 -1.29993549 -1.0667669 ]
  [-0.0604312  -2.18081566 -0.48952159]
  [ 0.36742839  2.5        -2.39198064]
  [-1.39831575 -1.66194316 -2.5       ]
  [-2.20081447  0.27123619  1.87729721]
  [ 0.48828167  0.86120996 -0.92011619]
  [ 1.27143892 -0.40975647 -1.74300621]
  [ 0.0092516  -0.01430488 -0.34728042]
  [-0.47857238 -0.5170124  -1.98672731]
  [-0.15599812  1.45233072  1.2372347 ]
  [-0.36582388  1.68881057 -0.52005341]
  [ 0.49658768 -0.48096879 -2.5       ]
  [ 1.00830961  0.45380907 -2.5       ]
  [ 1.28997521  0.17875979 -0.12886417]
  [ 1.91758347 -1.53659352 -1.53467022]
  [ 0.26531062 -0.36258756 -1.30824713]]]
Experiment	5	-23.54471393306481	53.632329066935185	88067	8	[[[-2.21203843  2.42006342  1.66962043]
  [ 2.15729629  0.80898325  0.14142298]
  [ 1.36549051  0.19851402 -0.56700923]
  [ 2.36800536 -1.24957594 -0.78933392]
  [-0.74714318  0.13895027  1.3024136 ]
  [ 1.4828071  -0.72443709 -0.10685893]
  [ 2.3359645  -2.5        -2.04266273]
  [ 0.23767859 -0.34317989  1.05110992]
  [ 1.21429463 -0.93399705 -1.08703086]
  [-2.5        -0.42724939 -1.81227819]
  [ 0.80156273  0.89418097 -1.41072715]
  [ 1.37428424  0.05731287 -1.87847707]
  [-0.49981081 -1.1354267   1.56609224]
  [-0.58388786  0.6624668  -0.76209293]
  [ 2.5        -0.36298846 -0.0386669 ]
  [ 0.52574631 -1.80833886  0.77113492]
  [ 1.71831031  2.10890885  0.19296809]
  [ 0.11919727 -0.25224321 -0.06111997]
  [ 2.5         0.28399736 -1.0998164 ]
  [ 1.96104971 -0.03883888  1.80270875]]]
Experiment	6	-22.688404628478054	54.488638371521944	35934	9	[[[ 0.99939393  0.20073407 -1.86608714]
  [ 2.01340741 -1.68508107 -1.35089583]
  [ 2.21754544  0.01182009  0.42780421]
  [ 1.14459581 -2.5        -0.80738886]
  [ 1.05103951 -1.20285842 -0.73717022]
  [-2.5        -1.15738123 -2.5       ]
  [ 0.63323567  0.89710238  0.30166157]
  [-1.01315852  1.82904684  1.12302241]
  [ 1.18704993  0.33711902  1.06780431]
  [ 0.46277931 -2.35306705  2.16746148]
  [-0.62022245 -0.6416029  -0.26398607]
  [ 1.20393359 -0.83834904  1.38508874]
  [ 0.95235863 -0.79804484  0.15748031]
  [ 0.86193546  1.83408955  2.39800769]
  [ 2.42335534 -1.35912918  1.50666065]
  [ 0.27745094 -0.03783487 -0.50136355]
  [ 1.59911995 -0.90586496  2.5       ]
  [ 1.96256119 -1.2583608   0.40713185]
  [ 1.21941184  0.61841329 -0.8532579 ]
  [ 0.5424221  -1.94876114  0.51573829]]]
Experiment	7	-23.19475512151828	53.98228787848171	124877	6	[[[-0.12328733  0.51049276 -0.80331492]
  [ 0.66906512 -0.128162   -0.12512921]
  [ 0.75135205 -0.54773247  1.19430408]
  [ 1.90767298 -0.88263069  0.19505362]
  [-0.23788221 -1.6935116  -1.63512798]
  [ 1.84296846 -2.06109955 -0.12889496]
  [ 0.44697476 -1.61297397  2.05010428]
  [-1.36770957 -0.83719942 -1.10638731]
  [-0.47156061 -1.17161349  1.57238883]
  [-0.24429506 -1.95056924  0.68143162]
  [-0.65892305 -0.74959656 -0.30644482]
  [-2.04547528  1.57294097  1.30365814]
  [ 2.5         0.33948632 -0.67590678]
  [ 0.2596604  -0.70248498 -1.25086439]
  [ 0.67959775 -0.44511813  2.5       ]
  [ 0.44699453  0.07227524 -2.07286572]
  [ 0.36064623 -1.024708    0.28956767]
  [ 2.23083186 -0.85575544  2.5       ]
  [ 2.38833725 -2.23376655  1.89397964]
  [ 1.41926743  0.76256115 -0.60805592]]]
Experiment	8	-24.87073065215327	52.30631234784673	87896	8	[[[-1.43335621  0.57126861 -0.23919264]
  [-1.11547478  1.37013893  0.27397857]
  [ 2.4564379   0.79444786 -2.00864421]
  [ 0.73750616  1.3221323  -1.18232442]
  [-1.07399083 -0.64316806  1.29547399]
  [-0.46200451  0.82579868 -0.61528713]
  [-0.23271153 -1.0360588  -0.67081795]
  [-1.08527715  0.5823969   1.6918255 ]
  [-1.2773195   0.30118293  0.7118832 ]
  [-0.05860174  1.25571534  1.71866482]
  [ 0.92539613 -2.46623292  1.59926001]
  [-0.9440842  -1.72075979 -1.38774355]
  [-0.13901761  0.20375065  1.31102611]
  [ 0.43524235  2.5         1.73225473]
  [-0.97834781  1.72035099  1.23077052]
  [ 2.5         2.5        -1.8970534 ]
  [-1.58820707  1.3893396  -1.11366154]
  [ 1.93481732  1.06993301 -0.71052397]
  [-1.24852999 -0.94761553  0.07193537]
  [ 0.17202444  0.62402231  0.20643399]]]
Experiment	9	-23.08203914571615	54.095003854283846	197276	7	[[[ 2.5         0.73806913  2.5       ]
  [ 0.22993096 -1.22893763  0.55778016]
  [-1.82459808 -0.06244971 -2.5       ]
  [ 1.45793665 -0.36833364 -0.01083204]
  [-1.68401611 -1.00967555 -0.94505815]
  [-1.90946015 -1.86419556 -0.23269487]
  [-0.38278655 -1.02712388 -0.35832373]
  [ 1.85197405  0.95049698  1.59468263]
  [ 1.59567509 -1.26977201  0.68760004]
  [ 1.00249682 -2.5        -0.68199991]
  [-1.11351431 -1.55091922 -1.80082085]
  [ 0.04927965  0.18461434  2.5       ]
  [ 1.92451489  1.10899854  0.45729909]
  [ 0.32691785 -0.1268564   1.08004397]
  [-1.17258183 -2.5        -0.91489691]
  [ 2.5        -2.5         1.17727707]
  [-0.83350544 -1.91874895  0.27127752]
  [ 0.04412885 -2.37483062 -0.20535211]
  [ 0.50125515 -1.36045336 -0.77676325]
  [ 0.95978478  2.37728647  0.06207757]]]
Experiment	10	-22.27297171169824	54.90407128830176	107548	7	[[[ 1.10824864 -0.53862519 -0.22737357]
  [-0.14990532 -0.23348306 -1.46954952]
  [ 0.32609602  2.06537959 -2.01448206]
  [-0.94396643  1.59576005 -1.64477608]
  [-0.27182112 -0.86205524  1.90071019]
  [-1.34906339 -0.3832911  -1.66408483]
  [-0.40766454 -1.16018398  0.29865104]
  [-0.27648311 -2.08471398  2.04238318]
  [-0.0378312  -1.27598142 -1.74739902]
  [-0.46118383  1.83009572 -0.54565038]
  [-0.15925935 -0.36010064 -0.41244469]
  [ 0.81798035  0.80847917 -0.58993257]
  [-0.86654874  1.96247786  1.17937335]
  [-2.5        -0.84975486  1.43115176]
  [ 0.39141433  0.3239969   0.25674161]
  [-0.17280357  0.8129564  -1.78170302]
  [ 0.08361895  1.98306422  0.52093   ]
  [-0.55864794 -2.5         0.23741197]
  [ 0.71689415  2.0346274  -0.55387142]
  [ 2.41565579 -2.14784067  2.23529735]]]
Experiment	11	-24.72972961952263	52.44731338047737	77990	8	[[[-0.27249665  0.88440246  0.32172083]
  [-1.5145891  -0.02495404 -1.2871476 ]
  [ 0.81234467 -1.92447489 -2.07801416]
  [-0.65694842  1.54654853 -1.5272781 ]
  [-2.43298876  0.67614443  1.02235867]
  [-0.8423822   2.13012565  0.51423512]
  [ 0.21629119 -1.7711048   2.05989343]
  [-0.35518771 -0.82071378  1.25676865]
  [-1.31468704  0.68083219  0.4859137 ]
  [ 0.42323091  0.44227432  2.5       ]
  [-0.43146325  0.26718681 -0.66847643]
  [-1.82224265  1.83617812  1.12510629]
  [ 1.17564571 -0.18919275  1.29292111]
  [ 0.31576954  1.71823143  0.7708239 ]
  [ 0.13149636 -0.2894362   0.39920587]
  [ 0.07008112 -0.8320773  -1.14706804]
  [ 1.08805441 -1.01090014 -1.77297168]
  [-1.10857195  0.7022876   2.5       ]
  [-0.3531339   0.3810625   1.76664734]
  [-0.53078524  1.58789937 -0.41458539]]]
Experiment	12	-21.770667953794078	55.40637504620592	196518	5	[[[-1.01395505 -0.86906363 -1.43070729]
  [ 0.0719829  -0.51980901  0.47134091]
  [-0.64023056 -2.26822918 -0.27089205]
  [-2.5         1.37313067  1.93911153]
  [ 1.23058165 -1.34411159  0.63243486]
  [-0.6383054  -2.5        -1.56198537]
  [-0.18457492 -1.05286214 -0.42510477]
  [ 2.04266769 -0.05977506 -0.10314484]
  [-2.33856098  1.32922735 -1.53654781]
  [ 1.48369872 -1.0137781  -1.33684191]
  [ 0.10086462 -0.39617332  1.74680338]
  [ 2.13974778 -1.4330173  -0.40381378]
  [ 0.65373275 -1.59464144 -0.1708233 ]
  [ 0.45941961  0.5046606  -0.06520623]
  [-1.75086683 -0.97507347 -2.5       ]
  [ 0.40398025 -0.20905356 -1.20904943]
  [-0.6131477  -1.97318665  0.82809974]
  [ 2.5        -2.26867531 -1.10294674]
  [ 0.43610206 -1.41229744 -1.46737776]
  [-0.65920934  1.6155667  -0.60569935]]]
Experiment	13	-22.396431903024766	54.780611096975235	60250	7	[[[ 2.35922505e+00  4.57908668e-01 -7.67991436e-01]
  [-7.09008714e-01 -2.04568151e-01 -1.02981029e+00]
  [ 7.32988464e-01 -7.06920205e-01 -6.61568702e-01]
  [ 1.85132944e+00 -8.68013284e-01 -1.34552961e+00]
  [-5.00687550e-01 -1.56840326e+00 -4.47802475e-01]
  [ 2.45175778e+00 -1.29128019e+00  1.46036565e+00]
  [-9.68232720e-01 -1.39416099e+00  1.08832762e+00]
  [-1.70785376e+00 -9.36148889e-01  1.97083435e-01]
  [-2.14515672e+00  9.07681688e-01  6.24489893e-01]
  [ 2.41439318e-01  4.32982027e-01 -1.02809596e+00]
  [-2.11760442e+00  2.07845554e+00 -3.56338492e-01]
  [ 2.12825154e-01 -5.42839179e-02  1.77604892e-02]
  [-5.48858499e-01  1.14405016e+00 -2.50000000e+00]
  [ 7.79605988e-01  5.66420259e-01  9.57116715e-01]
  [-1.06195382e+00  2.39613860e-01  6.04507163e-01]
  [ 1.45864933e+00 -1.60768252e+00  3.61967552e-02]
  [-7.11524466e-04  1.69051218e+00 -6.89517715e-01]
  [-5.79139731e-01 -6.71493184e-01 -5.96904783e-03]
  [-1.52818178e+00  1.19836235e+00  1.87742228e+00]
  [ 8.00902197e-01  8.00625240e-01 -1.26235376e-01]]]
Experiment	14	-23.18262703873121	53.994415961268786	196902	6	[[[ 1.07622658 -2.11766105  2.29670046]
  [-1.17514101 -0.57923334 -0.33635928]
  [-1.82998877  0.80894368 -0.1725431 ]
  [-0.5737061  -1.40277322 -0.66696492]
  [-2.37433397 -0.72524333  0.07306348]
  [ 0.98765649 -1.7635807   0.55013336]
  [-0.85926556 -1.78600009  0.3660322 ]
  [-2.45248607 -2.1453824  -0.40902589]
  [ 0.25246472 -1.95902455 -1.03741519]
  [-0.19892045  0.3164382  -1.34325604]
  [ 0.89332991 -2.5        -0.29827368]
  [ 0.00346594 -2.28841123  0.34079965]
  [-1.52252746 -2.5         1.08075905]
  [-0.80225828 -1.55650495  1.9000432 ]
  [ 0.39583259 -1.13346451  0.01096412]
  [-1.84778845  0.17876532  0.69603876]
  [ 0.83740729 -0.89898389  2.5       ]
  [ 2.1717884   1.00190498  0.47727226]
  [-2.12588853  0.95273292  1.8032072 ]
  [ 0.25465672 -0.90987474 -1.56658487]]]
Experiment	15	-21.69006263573236	55.48698036426764	48038	7	[[[-1.91762071 -0.76552798  2.5       ]
  [-0.94361658 -2.5         1.16246603]
  [ 2.37642272  1.99639394  0.58058671]
  [ 2.05921364  0.21410941  0.07463843]
  [ 0.35560087 -1.19377823 -0.16508709]
  [ 0.05939574 -0.92320865  0.86788693]
  [-2.33155591 -1.38276233  0.19869406]
  [-0.730054   -1.96517161  0.26046118]
  [-0.53865039 -1.31871018 -0.73806659]
  [-2.07434604 -1.94696729  1.43362417]
  [ 1.93378188  0.93004363  0.90355125]
  [-2.5         0.38166298  0.58963534]
  [ 0.03585895 -1.90197596  1.77809573]
  [-0.29135916  2.28558759 -0.99382994]
  [-1.18050804  2.5        -1.94541334]
  [-2.5         0.42874113  2.25757679]
  [ 1.00770863 -0.13738728 -0.13574707]
  [ 0.74576585 -1.84630905  0.66015873]
  [ 1.68039866 -1.95429137 -0.31244463]
  [-0.87573997 -1.08835251  1.47532334]]]
Experiment	16	-23.022328403100072	54.15471459689992	58772	7	[[[ 1.32611323 -1.48277828  2.27042503]
  [-0.87075248 -0.97839943 -0.53492168]
  [-1.12704128  0.44477125  0.49385127]
  [ 1.22538019  0.59478143 -2.5       ]
  [ 0.28542174 -1.09729736  2.5       ]
  [ 0.28222841  1.35045662 -0.45799288]
  [-0.48061554 -1.14851282  1.41303664]
  [-0.44957906 -0.22816669  0.12697777]
  [-0.11624717 -1.65388672  0.50651192]
  [ 1.47245902 -0.27809467 -0.64461455]
  [ 1.20737522 -2.23036207  1.42407439]
  [-1.50809471  1.01178569  1.8792463 ]
  [ 0.4338916  -0.98665351 -0.36069324]
  [-2.5         0.1780851   0.48231928]
  [ 2.0784388  -1.45491393 -0.28850569]
  [-1.20346952 -1.16255249  0.48095167]
  [ 0.92542516 -2.09923048 -0.38089925]
  [ 0.55417541 -0.22756341 -1.36374   ]
  [ 0.10377632  0.90621099  0.46794446]
  [-1.93295715  1.03073364 -1.17147958]]]
Experiment	17	-23.400290014958067	53.77675298504193	57160	8	[[[ 2.22341675 -0.48810819 -0.11644103]
  [-1.42516965  0.58648845 -1.78398857]
  [ 0.43220781  1.77010795  1.04418709]
  [ 0.98239523 -0.27716945 -0.64131052]
  [-1.27097677 -0.60077736 -1.96490475]
  [-0.69051669 -1.17469985  0.88855245]
  [ 0.3604149  -0.81426565  0.74933267]
  [-1.45661686 -1.56614953 -2.396319  ]
  [-0.58792698  2.29766917  1.05576841]
  [-2.5         0.2077183  -1.0227941 ]
  [-0.39714596  2.5         0.03435469]
  [ 0.52824659  0.62558425 -1.24888752]
  [ 0.82695567 -0.96397388 -1.82875762]
  [ 0.16927942 -1.76312988 -1.17729496]
  [-0.58674393  1.17334041 -0.01920318]
  [-0.32843957 -0.79707038 -1.04226413]
  [ 0.93992242  0.67320245 -2.43001254]
  [-1.14557115 -0.2951623  -0.56579298]
  [-0.03540818 -1.33610504 -0.07858527]
  [ 0.72279699 -1.79229942  1.07143045]]]
Experiment	18	-21.637408926993864	55.539634073006134	96692	8	[[[ 0.71001337  0.90056634  1.29308173]
  [ 1.31522731  2.5         0.61398827]
  [-0.27007723 -1.16741211  0.23080109]
  [ 0.33069181 -1.17447813  1.22070497]
  [-2.14757641 -1.43792438  0.299293  ]
  [-1.07536372 -0.35165028  0.55461456]
  [ 0.4885212   0.46314909 -0.56830585]
  [ 1.55392241  0.53912008 -0.92588956]
  [-1.90118196  0.61700859 -2.5       ]
  [-2.5         0.51985154  1.22301746]
  [ 2.13562802  1.8048105  -0.76043536]
  [ 0.36285001  0.98568713 -1.90317966]
  [-0.85938078  1.68432366 -1.45217648]
  [ 1.13294935  0.63068094  0.30867531]
  [-2.5        -0.69490119 -0.90806702]
  [-1.96752663  0.50782505  2.08428617]
  [-0.05209496  0.61184821  0.35785097]
  [-1.90481468 -0.00439447 -0.21325664]
  [ 0.73828097 -0.47237449 -0.20888101]
  [ 1.09441315  1.46324819 -1.37781472]]]
Experiment	19	-22.29541490860463	54.88162809139537	122657	6	[[[ 0.62235498 -0.72410127 -0.55412176]
  [ 0.04058992 -2.5         0.87123614]
  [-1.55451133 -0.21088721 -1.17778499]
  [-1.14191164 -0.46878395  2.42960595]
  [-0.41086028 -0.71923087 -0.30108668]
  [ 0.5547677  -1.6268754  -0.05617639]
  [-1.48252837 -1.36268096 -1.42865365]
  [-1.93628314  0.49907795  1.18327456]
  [ 1.63381343  2.5        -0.34338468]
  [-1.06260398  0.45080051  1.64170137]
  [-0.47561954 -1.72998952  1.79678214]
  [ 0.1125942   0.5411924  -0.20715209]
  [-2.5        -0.3160441  -0.40505101]
  [-0.05313598 -0.97349446  0.7899623 ]
  [-0.98124307  0.15606457 -0.25061645]
  [-0.7457222   1.28883558  0.16051918]
  [ 0.35905496  0.45738684 -2.09329154]
  [ 1.39321342 -2.19476428 -1.34481895]
  [-0.51587962 -0.08768981 -1.27555085]
  [-2.47388545  1.84565937 -0.67530418]]]
Experiment	20	-20.837025362076318	56.34001763792368	16868	9	[[[ 1.54951557  0.04726763  0.9124894 ]
  [ 1.67039489 -0.25933492  2.5       ]
  [ 2.5         1.68245502 -1.29790886]
  [ 1.45230632  2.11341643  1.14337113]
  [ 0.28480618  2.16172214  0.53125814]
  [-0.81546628  2.5         0.56044801]
  [ 1.37579356  1.73531247 -0.14680192]
  [-1.44746288 -1.17228389 -0.32453081]
  [ 0.30299514 -0.04580508  0.14702341]
  [-1.3311518   1.22054818 -0.52356527]
  [ 1.51953452  0.83919631 -1.15577671]
  [ 0.16912677  0.52609186 -0.83980511]
  [-0.69426018  0.08123222 -0.48448447]
  [ 1.94112793  0.60944508 -0.12836269]
  [ 1.35285467 -0.70117952 -0.30717386]
  [-0.31530151 -1.29979953 -0.25682966]
  [ 0.54557873 -0.50464722  1.32418626]
  [-1.24274409  1.41848699  2.13384641]
  [-0.25662207 -2.5         0.53502994]
  [-0.07005955  0.77930474  1.39736837]]]
Experiment	21	-22.797688168476782	54.379354831523216	140806	7	[[[ 2.470566    0.82508714  0.52337623]
  [ 1.82918987  0.33625013 -2.5       ]
  [-2.25474573  0.86002253  2.5       ]
  [ 1.67701528  1.27998634  1.96584541]
  [ 0.96999614 -2.40303768  0.3305947 ]
  [ 0.18914942  0.37221331 -1.27592087]
  [ 2.10996729 -0.10465512 -0.36530747]
  [-0.25851506  0.28983571  0.12676214]
  [ 1.29154303  0.44360002 -1.13770571]
  [ 0.87255635 -0.3890258  -1.6139047 ]
  [ 2.44257683 -1.53048903 -1.04994508]
  [ 0.68528655 -0.64716699 -0.56547454]
  [ 2.5         0.01899994 -1.40295541]
  [-0.99534004 -0.61215432  0.11698375]
  [ 0.90802087  0.40332457 -0.17677331]
  [ 0.90138476 -0.72373231  1.34519306]
  [ 2.48186059  1.95246057  1.62094483]
  [-2.5         1.55661594  0.02998445]
  [-1.30763029 -0.09521569 -1.06958988]
  [ 0.90305313 -1.37111155  0.3935183 ]]]
Experiment	22	-21.830711775410865	55.346331224589136	196775	7	[[[ 0.05435576 -2.5        -1.30361151]
  [-1.62558715 -0.81754565 -1.69355422]
  [-0.37455965  0.56767161 -0.85781976]
  [ 0.07938798  0.18470425  0.00859699]
  [-0.72586536 -2.5         0.18941954]
  [ 0.73384272 -0.87831538  0.07823802]
  [ 0.98883435  0.28460496 -0.68045978]
  [-1.23574471  1.46705884 -0.58113867]
  [ 2.14626862 -1.09220867  0.13387172]
  [ 0.32024364 -0.49458851 -0.94604194]
  [ 0.0344893   1.12784442  1.1552159 ]
  [-2.5         1.61682488 -2.00895586]
  [ 0.49419824 -1.73922794  0.8914873 ]
  [-0.88488754 -0.02016786 -1.50330817]
  [ 1.25864138  0.21750119 -2.5       ]
  [ 1.19942696 -1.72699707 -0.60292186]
  [ 0.15093049 -1.64717748 -2.5       ]
  [ 0.98364422 -0.84851985 -1.85084932]
  [-2.12998823  0.12754947 -0.57424645]
  [ 0.33563587  1.56729503 -0.6313204 ]]]
