Experiment	1	-24.260830400095603	52.9162125999044	86973	8	[[[-1.67961115  1.2721585  -0.5217926 ]
  [ 0.28972961  1.35209027 -0.51746469]
  [-0.64644585  1.44303688 -0.03750417]
  [-0.67180606  0.38538362 -0.20551428]
  [ 1.55757737 -0.05034702 -1.8544379 ]
  [ 0.24900937  2.05768372 -1.48042169]
  [ 0.48948881 -0.54474049 -2.06646283]
  [ 0.67950325  0.65779198  1.86686972]
  [-1.89048045  0.74716345  0.49094407]
  [-0.07510909 -0.33061425  1.48683501]
  [-1.68100115  1.17068729  1.57546148]
  [ 1.03752851 -0.58908961 -0.89835416]
  [ 2.14561126 -0.38231885 -0.59340873]
  [ 0.17479276 -2.18499872 -2.25879299]
  [-1.65958238 -1.81428429 -0.79569064]
  [-0.82647207 -1.01594732 -1.05964338]
  [-1.38280242  2.1952694   0.26436645]
  [-0.87228904  0.24225584  0.81319037]
  [ 1.20156386  1.6571674  -1.26853005]
  [-1.19945207 -0.8680609   0.50975366]]]
Experiment	2	-21.66095436518112	55.51608863481888	14560	9	[[[-2.31887264 -0.37794838 -0.58887215]
  [-0.12056715  2.5         1.90270434]
  [-0.60289112 -0.19399754 -1.42025259]
  [ 0.69486539  0.6407694   0.88440904]
  [-2.04685617  1.37378797  0.47827678]
  [ 0.81708303  1.66893909  0.3438201 ]
  [-0.15071476  0.79457019  0.2125985 ]
  [-1.14120763  0.65612889  0.53086041]
  [-2.5         0.34018117 -2.37360122]
  [-0.33868099 -1.3701066  -0.59888443]
  [-0.62576565  2.44416174 -2.37398155]
  [-1.52201936 -0.98404135  0.43783369]
  [ 0.52193113  0.12301811 -1.90067586]
  [ 0.22389473 -0.57920658 -2.5       ]
  [ 1.67323028  1.13369404 -0.80327718]
  [-0.6280327  -0.34228709  0.04568865]
  [ 0.21775827  1.1663624   2.29442361]
  [ 0.01181706  0.46861409 -0.77107056]
  [-1.23775957  0.86092676  1.6585256 ]
  [ 0.36206412 -0.4730455  -0.77887137]]]
Experiment	3	-21.770159172150002	55.406883827849995	48162	8	[[[ 1.51820202  0.93796121 -2.02282891]
  [ 0.41427324  1.52803036 -0.72854885]
  [-0.23817309  0.01991345 -0.47796967]
  [ 1.65711323  1.22647956 -1.02547168]
  [ 0.38223469 -0.79290241 -2.2343207 ]
  [ 2.5         0.07168729  0.96690736]
  [-0.460802   -0.00484004  2.5       ]
  [ 1.58912276  2.19674179  0.36946265]
  [-1.14448018  0.94702979 -0.65986194]
  [ 0.50082745  0.44991817 -1.06526223]
  [ 0.746239    0.21035565  2.14800108]
  [ 1.33792993  0.72028727  0.38303093]
  [-0.23849119 -2.39552468 -0.92633022]
  [ 1.73261404 -0.50462894  1.34294602]
  [-2.0286224   1.47434359 -0.37356835]
  [ 0.05589741  2.42427549 -1.36095059]
  [-0.32713866  1.08420189 -0.09608879]
  [ 0.41071027  0.0931952   0.67052799]
  [ 0.31847638 -0.91721237 -0.12745878]
  [ 0.48367139  0.29475059 -2.5       ]]]
Experiment	4	-22.963052595945776	54.21399040405422	43707	8	[[[ 1.11577886 -0.40332601  0.25764133]
  [ 1.07771609  1.60088355 -1.07151743]
  [ 0.48202394  2.18521415 -0.10244057]
  [ 0.15563268  1.02983777  0.3143418 ]
  [-0.74607778  1.23689953 -0.28127144]
  [-1.10023843 -0.08517402 -0.31625613]
  [ 0.03482957  2.30017028 -1.27367939]
  [ 2.21101806 -2.3544797   0.66128029]
  [-0.35029759  1.23914099 -1.28535853]
  [ 2.5         2.06369834 -1.55817872]
  [ 2.31031972  0.1888079  -0.10318547]
  [ 2.04998056  1.76056837 -0.49381271]
  [-0.01520243 -1.31284449 -2.32444448]
  [ 0.12414533 -1.28357214  0.7148068 ]
  [-0.09612434 -0.2873998   0.24976015]
  [-1.97543581  1.20500604 -2.5       ]
  [-0.23616093 -0.50752607 -0.70916432]
  [ 1.04009508  0.75508146 -0.31480292]
  [-2.3898241  -0.15460672  1.62971181]
  [-0.84086719  0.64876629 -2.5       ]]]
Experiment	5	-23.077039541169974	54.100003458830024	34172	8	[[[-0.55489579 -0.65345015 -0.55114097]
  [ 1.23820686  0.23180654  0.70513682]
  [-2.5         2.5        -2.5       ]
  [-0.3067766  -1.21473976  1.78920833]
  [-0.94825262  1.34403936 -1.945234  ]
  [-1.68056117 -0.44631363 -0.97508207]
  [-0.66443957  0.13325006 -2.04727249]
  [ 0.40544215 -0.1255097  -0.40584324]
  [ 0.45865659  0.42259796 -1.75313209]
  [-0.37074505 -0.8177789   0.53749716]
  [-1.49011887 -0.42967184  0.3618819 ]
  [-0.90873035 -1.89752092  2.5       ]
  [-0.40842732 -0.93517085 -1.63373924]
  [-0.86457171 -0.51615486  2.26336779]
  [-1.23633932 -1.49487312 -2.5       ]
  [-0.19271678 -2.5         1.66292686]
  [ 0.30452972  0.0764379   1.7755333 ]
  [-1.55365204 -1.87927184  1.31245268]
  [-1.69256194  0.63836687  0.43815831]
  [ 0.6844286  -1.18286884  2.06113757]]]
Experiment	6	-23.656437880021194	53.5206051199788	135737	7	[[[ 0.49963748 -1.15252625  1.837417  ]
  [-1.4534472  -1.06652105  1.64300621]
  [-0.50052602  0.86072455 -0.74530543]
  [-1.22966459  1.21891479  0.83776923]
  [ 0.30846302  1.24002143  0.44041867]
  [-1.57046254  1.34898047 -2.19271263]
  [-0.28350645  0.95638212 -1.77028977]
  [ 0.97934035 -0.94418123  0.12194286]
  [ 0.15934909  1.19515784  1.59717522]
  [-0.89755554 -1.68196943  0.26848187]
  [-0.047082    0.06872659  1.21631181]
  [-0.40446264 -0.63142453  2.0327621 ]
  [-1.1018398   0.36444762  1.57639637]
  [-0.73664332  1.74436572 -0.0879246 ]
  [-2.5         0.39348762  1.40460594]
  [-1.9034027  -1.03344755  0.7016534 ]
  [ 0.54232329  0.24862271 -0.13651307]
  [-2.16336316 -1.80231797 -0.05996408]
  [-0.18273071 -0.88137814 -0.91589157]
  [-2.5        -1.35266253 -2.05572803]]]
Experiment	7	-23.364053597156335	53.81298940284366	22573	8	[[[ 2.17333151 -0.8456826  -0.1802451 ]
  [-0.2023096   1.15152233 -0.76353198]
  [ 2.5        -1.38506558 -1.57559389]
  [ 0.24714024 -2.45749978  2.5       ]
  [-0.33214249 -1.36968623 -2.12822588]
  [ 0.89262812 -0.82730794  0.2916074 ]
  [ 0.39302958 -2.01814111  0.87532317]
  [ 1.58349186  0.15519643 -0.06292913]
  [ 0.96874687 -1.1073293  -0.86436962]
  [ 1.56509476 -1.83209758 -0.50320296]
  [ 1.57313314 -0.54802593 -1.92235339]
  [-0.9642086  -0.26728243 -1.63134799]
  [ 0.19567569 -0.23786867 -1.83877215]
  [-2.5         0.05406812 -1.36658251]
  [ 0.09377201  2.17448506 -2.5       ]
  [ 1.77047759 -1.26224452  0.75006396]
  [-0.37075526 -2.39118062 -2.45728326]
  [ 1.95525866 -2.37100948  0.39521886]
  [ 2.10484256  0.25901219 -2.36392265]
  [ 2.11724916  0.17803446 -1.04788222]]]
Experiment	8	-23.023081120600825	54.153961879399176	58936	7	[[[ 1.48888397 -2.21500803  2.07970916]
  [ 0.22790503 -2.48811395  1.07409302]
  [ 1.27942432 -1.88915317  0.71572673]
  [ 0.11469823  0.1750251  -1.21520227]
  [-0.40267532  1.44457967 -0.02892015]
  [ 0.23353165 -1.61994765  0.28252391]
  [-0.09351535 -0.78988665 -0.48435529]
  [ 0.82369417  1.31013564  0.12144762]
  [ 2.16564171 -1.50015998  1.75307996]
  [ 1.4519095  -1.1949688  -2.5       ]
  [ 0.95862584 -0.97562131 -0.1850299 ]
  [-0.78499564  0.34437117 -1.52048621]
  [ 0.47490597 -0.39867537  0.53509423]
  [ 1.43147521  0.33243373 -0.63987544]
  [ 0.70379888 -1.30957763  1.99309085]
  [-0.16203453 -1.29620313  1.40144096]
  [-0.48784628  2.5         0.02072865]
  [ 1.30150918 -0.79669679  1.46514311]
  [-1.91450484 -1.5037053   0.62921843]
  [ 0.60917712 -2.5        -0.46056644]]]
Experiment	9	-22.723636435862247	54.45340656413775	33580	8	[[[ 2.36566823  0.8220798  -2.5       ]
  [ 1.09455217  0.71982094  0.34033169]
  [ 0.48031916 -1.21145712 -0.77967884]
  [-1.80000893 -1.80131049  0.18385899]
  [ 1.74454319 -0.24477435  0.65949838]
  [ 2.5        -2.24505569 -0.37300502]
  [ 1.1229296  -1.27132292  0.09971714]
  [ 2.5         1.54451656 -0.16766523]
  [-0.43994889 -1.63525762 -0.6757474 ]
  [-1.49071569 -0.671041   -2.5       ]
  [ 2.32839969 -0.86889131  2.01842415]
  [ 0.3959494   1.66234603  2.5       ]
  [-1.84097363 -1.20562713 -0.61714599]
  [ 0.22049347  0.12756536 -0.11067506]
  [-0.60814185 -0.43125425 -0.64927697]
  [-1.02505782 -1.74387329 -1.71761347]
  [ 1.66247919 -0.15190176 -0.60548262]
  [-0.4409912  -0.95192189 -1.57365603]
  [ 0.2023465  -0.88470519  0.50743324]
  [ 1.11451816 -0.44521307 -1.44585207]]]
Experiment	10	-22.07637196517287	55.10067103482713	60797	7	[[[-1.70124865  0.03900928  0.194023  ]
  [ 0.94816324  0.34605491 -0.32247536]
  [ 0.08583094 -0.19780835 -0.10401548]
  [-0.82229041  0.14709784  0.98021196]
  [ 1.30809561 -1.52589292 -1.88585965]
  [ 1.09719226 -1.00787935  1.72305274]
  [-2.5         0.96676237  0.02028145]
  [ 1.14535245 -0.54691946 -2.23641539]
  [ 0.90926483 -0.06484468 -1.31602977]
  [-0.39761168  1.82686499  2.09817544]
  [ 0.62751406 -2.24930861 -1.33997499]
  [ 2.5        -0.85844138 -1.86703948]
  [-1.30100697  0.39437261 -1.40357358]
  [ 0.1069436  -1.23031982 -0.49278414]
  [-0.44942071 -0.93549653  0.81903863]
  [-0.56710548  0.04023098 -2.07686216]
  [ 0.14995486 -1.7856861   1.17451705]
  [ 1.77560724 -2.5        -2.5       ]
  [-0.4912299   1.33207123 -0.324578  ]
  [ 0.18194874  0.91512274 -1.07069955]]]
Experiment	11	-21.427293978602687	55.74974902139731	177883	8	[[[ 2.5         1.35469179  0.84365385]
  [ 0.86279526  0.17969836  2.5       ]
  [-1.75156904 -2.04423918 -1.2118631 ]
  [-0.97842804  2.5         0.14479692]
  [ 1.64743931  0.33212172 -1.00595178]
  [ 0.70690692  2.31719494 -1.40663558]
  [-0.91266676  2.5         2.19609467]
  [-0.99930766  2.14650264  1.18853762]
  [-0.82475217  1.2818258  -0.26210371]
  [ 0.27675855  1.51224305  1.61770399]
  [ 0.88448118  1.27554921  2.5       ]
  [-0.70504399  0.02211242  1.65018595]
  [-1.8999085   1.53035793  1.25839736]
  [ 2.5         0.96479457 -1.56659882]
  [ 1.33552224 -0.44324736  0.70552571]
  [-1.06775797 -0.25504947 -0.47454481]
  [-0.69367738  1.06595286  1.39223947]
  [ 1.89959412  0.0115134  -2.44346184]
  [-0.15183819  1.94803089  0.56899076]
  [-1.16298155  0.35590005  0.34752214]]]
Experiment	12	-22.90386355494514	54.27317944505486	27681	8	[[[-0.36463242 -0.91724092  1.66126078]
  [ 1.09954444  1.22287948 -0.7613545 ]
  [ 0.59117773 -1.09530986 -0.11877455]
  [ 1.37061162 -1.74516897 -0.66883016]
  [ 0.32407483  0.10605205 -2.29274888]
  [ 1.19948699 -0.08223951  1.21535218]
  [ 0.32282218 -1.21611259 -1.31387534]
  [-1.59452318 -2.48509375  2.5       ]
  [-2.1010879  -0.13979488  2.12857076]
  [-0.28017715 -2.31692539  0.4544494 ]
  [ 0.11071101 -0.07976037  0.57707258]
  [ 0.76732359 -0.12836121 -0.82837736]
  [ 0.86195174  0.52674158  0.20485151]
  [-2.17549439 -2.5        -1.82592084]
  [ 0.76993761 -1.98524555  0.91275208]
  [-0.79019605  0.34127516 -1.7701445 ]
  [-0.4414211  -1.62396303 -0.75302703]
  [ 0.83949343  1.7515005   0.37827243]
  [ 0.42813379 -2.42751774 -1.13941634]
  [ 1.95764049 -0.98987562  0.25010875]]]
Experiment	13	-22.038081018639552	55.138961981360445	187491	8	[[[ 1.68956986 -2.23604438 -0.27858748]
  [-0.40728052 -1.35777332 -2.10576127]
  [-1.83508073 -1.93008576 -0.70156791]
  [ 1.58311321 -2.5         0.97236325]
  [-0.06225608 -2.5         0.50764872]
  [ 1.23440156 -1.31896867  1.38280485]
  [ 2.5        -1.37609815  0.06974805]
  [ 0.35740895  0.38574076 -2.05200955]
  [ 0.43851349  0.62922953 -0.84786612]
  [ 1.69590463 -0.94561424  0.52192965]
  [-0.54494049 -0.15658505 -2.35672696]
  [-1.69259362  0.78861483  0.35911013]
  [ 1.47429015 -1.26441894 -0.74401542]
  [ 0.57674686 -0.69516797  0.3980635 ]
  [ 1.20106422  0.93579728 -1.65591726]
  [-1.48125508 -0.01858787 -1.94377119]
  [ 2.5        -2.22397966  0.79815371]
  [ 0.62471664 -1.8848653  -0.73920718]
  [ 0.90549198  1.49466207 -2.5       ]
  [ 0.94469982 -0.54762733 -2.5       ]]]
Experiment	14	-25.066672383345423	52.11037061665458	115078	8	[[[ 0.58105704  0.95200368  0.19719579]
  [-0.66139968 -1.94413413  1.93482513]
  [ 1.4491413  -1.04752717 -0.18332753]
  [ 0.32707017 -0.04492131 -0.59778041]
  [ 0.81330977 -1.56975061 -2.5       ]
  [ 1.53438045  0.48550338  0.15725999]
  [ 1.36219522  1.4759617  -0.72907664]
  [ 1.48856018 -1.67312211  2.07423993]
  [ 0.10938426  0.86524471  1.33003583]
  [ 0.14036986 -2.33623286  0.03276077]
  [-1.03496037 -0.63120911 -2.5       ]
  [-1.3437893   0.10114305  1.33294882]
  [ 1.80143293  0.15649003 -0.91497167]
  [ 2.5        -0.37634892 -0.3128186 ]
  [ 1.43219422 -0.3957805   1.2121324 ]
  [-1.33765045 -0.38229013  0.18202425]
  [-0.29011635 -1.00437849  1.27838723]
  [-0.17125329 -0.03029338  2.34606396]
  [-0.48727451  0.45836985  0.45252995]
  [ 0.62053265 -0.43597134  0.38643897]]]
Experiment	15	-22.22001781124908	54.95702518875092	177371	8	[[[-1.68433551e+00 -2.28582197e+00 -2.11318219e+00]
  [-1.27251936e+00 -2.14121538e+00  5.26123923e-01]
  [-1.32470170e-03  6.26205342e-01 -5.58075182e-01]
  [-7.01632792e-01 -1.23403968e-01 -1.42014303e-01]
  [-5.49451310e-01 -8.42917621e-01 -2.50000000e+00]
  [-1.99034460e+00 -1.19256097e+00 -7.88098686e-01]
  [-1.53488652e+00  4.73187768e-01 -1.15576809e+00]
  [-5.95146890e-01 -1.16091069e+00 -9.00837966e-01]
  [-1.23267642e+00 -7.74804554e-01  1.26623075e+00]
  [ 1.63286743e-01 -1.81540098e+00 -4.96884473e-01]
  [-1.36173142e-01  4.91004177e-01 -1.60057344e+00]
  [-8.90534361e-01  8.12889310e-01  5.86222862e-01]
  [-9.92467041e-01  4.32336429e-01  2.19077766e+00]
  [-1.22791082e+00  8.32431190e-01 -2.16222384e+00]
  [ 1.40845540e+00  3.76728528e-01 -2.29188533e+00]
  [ 4.75660931e-01 -3.91165987e-01 -8.66718508e-01]
  [-1.69649508e+00 -1.14615240e+00 -1.86399241e+00]
  [ 2.84695908e-01  2.50000000e+00  2.50000000e+00]
  [ 6.25666455e-01  8.37333493e-01  5.58170870e-01]
  [-3.20906608e-01 -1.67486838e+00 -1.72462087e+00]]]
Experiment	16	-23.440920635687764	53.73612236431224	53233	8	[[[ 0.37742157  0.08302345 -1.61371316]
  [ 0.2008598   0.73962023  0.56216899]
  [ 1.18444727  1.987499    1.28732642]
  [-0.45054193  1.13768558 -0.63637165]
  [ 2.31905531  0.97791607 -2.22049816]
  [-1.00059877  1.07613403 -1.87407593]
  [ 1.40762398  1.16152524 -1.49283204]
  [ 0.37291993  1.40228985 -1.93327723]
  [ 2.5         2.21357755 -2.35840714]
  [ 2.42833745  0.38584377  0.29751573]
  [-2.02366732  0.5566512  -2.2446643 ]
  [-1.06545929  2.16714254 -1.58102349]
  [ 1.5638114  -0.90473359 -0.20246758]
  [-0.89781744 -0.12832474 -1.47525629]
  [ 1.94947597 -0.7412723   1.56744602]
  [ 0.80653998  0.30384428 -0.64644349]
  [ 2.12279185  1.20079343  1.10413394]
  [-1.08809409  2.5         1.30297292]
  [-0.5197582   1.87344044 -2.5       ]
  [-0.22521756  0.44796356 -2.5       ]]]
Experiment	17	-21.477853977612657	55.699189022387344	19955	9	[[[ 0.94022921 -2.43239796 -0.28008409]
  [-1.49451908  0.29216905  1.55894008]
  [-0.99789998 -1.27130291 -0.5269124 ]
  [ 1.30474771 -0.20342248 -2.02077703]
  [ 2.12207831  1.38820714  2.23242604]
  [-0.40597173 -0.52544176 -0.03509812]
  [-1.81493405 -0.69509591  1.0528474 ]
  [ 0.28885712  1.42867213 -1.14710075]
  [-1.83823354 -2.4847111   0.43616394]
  [ 0.25770983 -1.47983317  0.02746276]
  [ 1.64513758  0.4571906   0.85098352]
  [-0.05343757  1.17809821  1.51261606]
  [ 0.71634826  1.71657913 -2.01000634]
  [ 0.27588499 -2.5        -2.04586802]
  [-0.04173194 -2.01707427 -0.79984565]
  [-0.99973346 -2.5        -0.35740736]
  [-0.54628415 -0.84948156  0.95372067]
  [-0.47630325 -2.00971642  0.60393113]
  [-2.02987114 -0.05240379  2.5       ]
  [ 0.08584556  1.46819143 -0.04148182]]]
Experiment	18	-21.69701674479123	55.48002625520877	172723	6	[[[-0.31987653  1.54749222 -1.09824353]
  [ 1.57655717  1.39113038  0.10226765]
  [-2.5         1.38340361  0.0171654 ]
  [ 0.17542299  0.35993404 -0.58579143]
  [ 1.17572052 -0.56999272  2.33242053]
  [ 0.26207124  2.32130696 -0.55759699]
  [ 1.5160931   1.81796435  1.37510807]
  [-1.25795647  0.97630909 -1.80839537]
  [-1.34505528  2.41535042 -1.36070443]
  [ 1.36119865  0.14654667  1.39599254]
  [ 0.4077521  -0.71417044  1.33359396]
  [ 0.88271888  1.47580717 -1.16030641]
  [ 1.94431079  1.05470222 -0.8534053 ]
  [-1.14526308 -0.41197817  0.38800428]
  [-1.33539341  1.85218954 -0.17588196]
  [-0.12665148  1.23576463 -0.10850965]
  [-1.55527834 -0.5009075  -0.68630927]
  [-0.35839305 -0.99019314  2.19765551]
  [-1.3757576  -0.20805927  2.31037658]
  [-0.95274766 -0.81916743 -1.90519332]]]
Experiment	19	-22.51162585365773	54.665417146342264	88172	8	[[[ 0.8989441   0.16149002 -1.7977598 ]
  [ 0.47880977 -0.3686138  -0.92176012]
  [ 1.73983901  2.5        -1.17659522]
  [ 0.02474459  1.62524949  0.61697815]
  [-1.93506797  0.95430482 -1.90606156]
  [-0.6716069   1.08902402 -0.12892803]
  [-2.08704864 -0.05269373  1.33587194]
  [-1.2094109  -1.11693081 -1.63143765]
  [-0.96928385 -2.5         0.68466027]
  [-2.22915077 -0.63671804 -2.23738844]
  [ 0.34191565  0.56985589 -0.10283769]
  [ 0.18370377 -0.64755063  0.19325369]
  [-2.13429642 -1.44505946  0.73878777]
  [ 1.58041022  1.51016937 -1.51184678]
  [ 0.827168    2.5        -0.36043453]
  [ 0.47182452  0.98240119 -1.22456829]
  [-0.24012239 -0.57202725 -2.05863007]
  [-1.25305128  0.9914353   1.27476877]
  [-1.2046893  -0.21655717 -2.15959705]
  [-1.06148244 -1.79127289 -2.5       ]]]
Experiment	20	-22.51830265148378	54.65874034851622	34702	9	[[[ 0.85448014  0.58138388 -0.68332582]
  [-1.69789111 -2.5         0.26039582]
  [ 0.13588252 -1.31000559  1.12691365]
  [ 2.36443876  2.34555868 -0.23388203]
  [-0.37766436 -2.5        -0.06485389]
  [ 1.04705396 -0.82871969  1.77790252]
  [-0.77217625  0.36660926  0.9591783 ]
  [ 1.13367339  2.49112428  1.19947338]
  [ 0.62945654 -0.88372909  0.12733728]
  [ 1.26003874  1.41028645  0.05355285]
  [ 1.59547738 -1.49903002 -0.36889033]
  [-0.67216111 -1.24556373 -0.83354312]
  [-2.5        -1.98278505  2.5       ]
  [-0.52671594 -2.5         1.03567688]
  [ 1.66662466 -0.54364794  0.07138554]
  [ 0.12106855  0.27142027  0.07205834]
  [ 1.74457316 -0.21368823  1.36469478]
  [ 1.23748509 -1.54765666  1.010588  ]
  [ 1.72346586  1.56730087  1.03982611]
  [ 1.04409921  1.85011074  2.36770655]]]
Experiment	21	-23.39178256407692	53.78526043592308	157521	8	[[[-0.79205866  0.1600649  -0.98941344]
  [ 1.55270268 -1.37996592  0.11651054]
  [ 0.86487335 -1.27857349 -1.74564057]
  [-1.1272159   0.94429414  1.46923896]
  [ 2.5         1.6124172   2.29987043]
  [-0.04861426 -0.95752001 -1.08255427]
  [ 0.22176069 -0.89714391  0.76471181]
  [ 1.30791227 -1.49926712  2.5       ]
  [ 1.64637513  0.53413718  0.20718735]
  [ 1.23137125 -0.42246193  0.45353083]
  [ 2.19413781 -0.90241312  1.11893939]
  [ 1.40659264  0.32726653  1.4655411 ]
  [-0.39535349  0.49820042  2.38786164]
  [ 2.5         0.35618883  0.91894223]
  [ 0.54986194  0.12132398 -0.53886093]
  [ 0.34285489 -0.17740184  1.74038457]
  [-0.46936978 -2.4426182  -1.85535186]
  [-0.92004777 -1.18779114 -2.20701251]
  [-1.05971438 -0.34534954  0.65037766]
  [-0.10398249  1.02370231  0.95806972]]]
