Experiment	1	-26.710646937564988	50.46639606243501	189693	7	[[[-1.17626598  1.24487961  0.1127374 ]
  [ 0.80822915 -0.83852135  0.297505  ]
  [ 1.717879   -0.09886386 -0.70325857]
  [ 0.13718682 -2.04879412 -1.05690611]
  [-2.5        -0.44814319 -1.30518638]
  [-2.21464756 -1.76973934 -1.13427207]
  [-1.58197339 -0.97940577 -0.76191016]
  [-1.95709988 -1.70278    -2.1813026 ]
  [-0.03173991 -0.21559333 -0.45566022]
  [-2.31633687  0.85417725  0.09033169]
  [-0.62783348 -1.51686325 -0.62611065]
  [-1.08830683  0.1704445   0.47232679]
  [-1.67096715  0.66379818 -1.15137081]
  [ 1.30348791 -1.53436968 -0.79966433]
  [ 0.90577573  1.88543584 -0.23541997]
  [ 0.97326538  0.49936148 -0.26993401]
  [-0.30765264  2.12851145 -2.15733814]
  [-0.05847966  0.82232275  0.21171232]
  [ 0.67584712 -0.74939834 -1.35798411]
  [-0.60885131  1.51476048 -0.83208048]]]
Experiment	2	-26.76233193390291	50.414711066097084	89018	7	[[[-0.60119112  1.70958793 -0.05161598]
  [ 1.60441663 -1.06811508 -1.08834003]
  [-0.63309249 -0.17447703  0.43111859]
  [-0.58312312 -0.49096493  1.54299786]
  [-0.21658052  0.29078347 -0.50597349]
  [ 0.4047506  -0.59981127  0.69843946]
  [ 0.60920598  0.8390358   1.59592982]
  [ 2.00969609  1.03139066 -2.5       ]
  [-0.27807119  0.89373752  0.91040136]
  [ 1.00305798  0.86927297 -0.01456748]
  [-1.08268434  1.86258685  1.35120918]
  [ 2.02585356  0.29947293 -1.12494923]
  [-1.70553675  1.62825293 -1.12980097]
  [ 1.9665592   0.50435909  0.12366101]
  [ 0.39720661  1.95466428  2.01563963]
  [ 1.27504313 -0.25786185 -1.65826232]
  [ 0.15397119  1.84209204  0.77506626]
  [ 0.4045376  -1.16551491 -0.49702531]
  [-1.95494838  1.00978341 -0.24180182]
  [-1.43243843  1.02218989  0.92939612]]]
Experiment	3	-29.34245519219311	47.834587807806884	153618	6	[[[-1.2387971   1.39160837 -0.10110621]
  [ 0.08302313  1.50025473  0.09735913]
  [ 2.05355177  0.28977186 -1.17940591]
  [ 0.35051047  1.79007251 -1.22913777]
  [-0.88072765  0.14461531 -1.11489349]
  [-0.07245178  0.41511989 -1.78458814]
  [-1.9985049  -0.53139579 -1.75768841]
  [ 1.5616803  -0.82990903 -1.50523234]
  [ 0.12038293 -0.48700109 -1.00554277]
  [ 1.09602908 -2.09806398  0.49433516]
  [ 0.38220581 -0.44407874  0.11263203]
  [-0.34273692 -0.65869159  2.18224218]
  [-0.62487434  0.26502257  0.45206373]
  [ 0.08552772  0.6974561  -0.70387232]
  [ 2.10946868 -1.60283477 -0.91080071]
  [ 1.04894609 -0.02333175 -0.68905718]
  [ 0.92645689 -1.72270285 -1.73152256]
  [-0.12021918  1.20791781  1.4760712 ]
  [ 0.74909308  2.31987681 -0.25369002]
  [-0.9603227  -0.00312425  1.5171603 ]]]
Experiment	4	-30.071573173653178	47.10546982634682	152715	5	[[[ 0.27943701  0.73697214 -0.11800402]
  [-1.45246661  1.67710983  0.83323026]
  [-1.4505413   1.64716246 -0.22839594]
  [ 0.30613859  0.23188959  1.51041188]
  [ 0.11092092  0.03101963 -1.39294469]
  [ 1.47963239 -0.15025871 -1.65559153]
  [-1.22340461  0.54796973 -0.17898605]
  [ 0.4511255  -2.12915817 -0.90627493]
  [ 1.64613828 -0.34944635 -0.44031967]
  [-0.37497003  1.16886552  1.1620808 ]
  [-1.62447435  0.04117329 -0.90219711]
  [-0.87741431  0.92358434 -1.30460674]
  [-0.92147472  1.64757412  1.91488405]
  [-0.14021185 -0.43959767  0.77575031]
  [-0.340035    1.63066614 -0.3888876 ]
  [-0.45521127  0.31411699  2.27300557]
  [-1.2492812  -0.6220568   0.64455477]
  [ 1.14982266  0.36362449  0.24867877]
  [-0.5129931  -0.94337416 -1.23815673]
  [-1.00370328  0.23086865  1.28224448]]]
Experiment	5	-26.20023224457583	50.97681075542417	118935	8	[[[ 0.32737197  2.42310527  1.06579465]
  [ 1.77731551  1.47677231 -1.11092751]
  [-0.50163969  0.50019248 -0.90249808]
  [ 2.29630882 -0.25435065 -1.17577386]
  [-1.52990317 -1.51217849  0.51215001]
  [ 1.21471332 -0.70576752 -0.28091918]
  [ 1.02880641  0.82810328 -1.82557874]
  [ 0.07445013  0.97018606  0.47692934]
  [ 0.82509441  1.25433193 -0.63137877]
  [-2.12948941 -0.74352844  0.22996059]
  [ 0.21234309  0.09530202 -1.83519335]
  [-0.65213233 -0.27184438  2.26158494]
  [ 0.01053898 -0.68064038 -0.11507383]
  [-1.21485205 -0.70043888 -0.27402322]
  [-1.55717518 -1.59267547 -0.85587614]
  [-0.9115134  -0.6992287  -1.36187009]
  [-0.59411971 -1.62483273 -1.16826705]
  [ 0.31933572  1.24006872 -2.41322327]
  [ 0.51222676  0.14869209 -0.64234261]
  [-1.42839855 -1.55398859  1.88667545]]]
Experiment	6	-26.21632581960982	50.960717180390176	27555	8	[[[-0.6544464  -1.07125963 -0.70887988]
  [ 0.7683267  -1.97662646  0.69996659]
  [ 0.0957748  -0.23874519 -0.05025086]
  [-1.97643299  0.54616524 -2.38834537]
  [-1.10531521 -2.08434583 -0.50513027]
  [ 0.29628936 -0.88243005  1.40109124]
  [-1.41282034  0.09697228 -0.49959702]
  [-2.16524315 -1.26759082 -1.63029042]
  [ 0.66224041 -1.7469719  -0.77745504]
  [-0.83257131 -0.66928209  1.72054598]
  [ 1.39533889 -0.93019507 -1.02287903]
  [-0.22647679  1.87153596  1.04663084]
  [ 0.12394562 -1.41706736 -1.80504541]
  [ 0.84044985  1.37222868  0.57699893]
  [-0.00915224 -1.33628332  0.24637482]
  [-1.12685726 -2.00522182 -1.69223082]
  [ 2.06892386 -2.07394331 -1.39941012]
  [ 1.16489548 -0.77924786  0.40915946]
  [ 1.71152824 -1.44804672  1.09615992]
  [-1.4317867  -0.8955981   0.4353859 ]]]
Experiment	7	-28.484098020949226	48.69294497905077	20122	8	[[[-1.29380206  0.53878326 -1.06949722]
  [-1.16105079  0.47373134  2.35810753]
  [ 0.78907645 -1.63960678 -0.08368837]
  [-0.60394693 -0.73982813  0.62780363]
  [ 0.74003467  1.93224666  1.53159378]
  [ 0.89301918 -0.63424116  0.51734278]
  [-0.57581653 -1.50251215 -0.26224304]
  [-1.67624794 -1.32315266  0.67677695]
  [-0.09160241  0.19176852  0.18154251]
  [-0.92497345 -1.84738362  1.43009246]
  [ 0.22363213  2.30374461 -1.74553775]
  [-0.14139151 -1.99743695 -1.62944857]
  [-0.57390719 -0.2130902  -0.78785628]
  [ 0.63974244  1.34929736 -2.11581935]
  [-0.14688642 -0.59365395  1.73131069]
  [-0.50659327  0.89030624  0.94679398]
  [ 0.23931015 -1.06923406 -1.06907419]
  [-1.39705824 -0.28880486 -0.21681704]
  [-1.71511634  0.12908412  0.69061413]
  [-0.21927403  1.37483163 -1.26369835]]]
Experiment	8	-27.275838319741435	49.90120468025856	85298	6	[[[-5.58521927e-01 -6.53170169e-01  2.43276213e-01]
  [ 8.35451322e-01  3.29312225e-01 -6.27298295e-01]
  [-1.58929855e-01 -5.19051472e-01  1.15709800e+00]
  [-1.67274109e+00  6.02288034e-01 -5.51451131e-01]
  [-3.60468717e-02  5.94900720e-01 -3.69147519e-03]
  [-1.80072822e+00 -9.36276002e-01 -1.15405542e+00]
  [ 1.90705431e+00 -4.23167945e-01  1.02804246e+00]
  [-4.80210301e-01  8.88476076e-01  1.09278542e+00]
  [-2.32874552e+00  5.24691536e-01  4.19668177e-01]
  [ 1.91451511e-01  2.48304381e+00  1.37774395e-01]
  [-1.73934484e+00  1.43609384e+00  7.40167027e-01]
  [-2.20231665e+00  1.11193847e+00  1.60239275e+00]
  [ 1.50893602e+00  3.63983110e-01  2.43349405e+00]
  [-1.22760448e+00 -1.26877801e-01  1.08176846e+00]
  [ 1.52697323e-01  4.77486740e-01  2.12374695e+00]
  [ 5.71469358e-01  3.44646935e-01  8.71208100e-01]
  [ 9.74784742e-01  1.52580136e+00 -9.70972970e-02]
  [ 5.76929679e-01 -9.54708823e-01  1.23456714e-03]
  [-5.78007795e-01  1.55804028e+00 -5.09962487e-01]
  [ 1.73956006e+00 -1.44367316e+00  6.05026779e-02]]]
Experiment	9	-28.352828325790107	48.82421467420989	103716	6	[[[ 0.16918017  0.58077009 -0.84135573]
  [ 0.82267177 -0.894202   -1.59367016]
  [ 0.7353076  -0.08954148 -0.11996814]
  [-0.17471079 -1.2080512  -1.88693271]
  [-1.95460373 -0.04532151  0.57148893]
  [ 1.31584779 -0.98456244 -0.00539265]
  [-2.5        -2.18423693  2.5       ]
  [ 2.49563153  1.69784462 -0.88090824]
  [ 0.00700958 -0.09843121 -2.00298213]
  [ 1.02269752  0.10767121 -1.08145694]
  [-0.62220782 -1.65407447 -0.61919309]
  [ 1.37649814 -1.67230688  0.82564147]
  [-1.78291793  1.97360684  2.5       ]
  [ 1.71432482 -0.56357031 -2.5       ]
  [ 1.79792     0.88289683  0.0141838 ]
  [ 0.93873809  0.44804857 -2.19795384]
  [-0.66311054 -0.36710539 -1.12543584]
  [ 0.65263946  1.84142936 -0.30481927]
  [ 0.27541393 -0.91093989 -0.57840137]
  [ 1.3922582   1.7782455  -1.46702214]]]
Experiment	10	-30.636892514346002	46.540150485653996	69130	7	[[[-1.03314013  0.77178787  0.98694463]
  [ 0.07499356 -0.92937901  0.4736909 ]
  [ 1.70884042 -0.31845519  1.69375814]
  [ 0.93601676 -0.44860352 -1.48492197]
  [-2.5         2.08294171  0.81499965]
  [-0.10123607 -1.35763666 -0.97365037]
  [ 0.25119281  1.83602548 -1.26987089]
  [ 1.12716917 -0.28229714  0.50200705]
  [-0.64607788 -0.18358809  0.57553318]
  [ 0.72310033 -0.38958784  2.5       ]
  [ 2.2066831   0.66692032  0.52478108]
  [ 1.16213863 -1.53958286  0.84237248]
  [ 1.96197214 -0.72278213 -0.06639587]
  [ 2.5        -0.57364402  0.91302725]
  [-0.6205953   0.06926087  1.76629883]
  [ 0.37816882  0.48642616  0.77808961]
  [ 0.46924998 -0.53186352  1.42938971]
  [-1.41306851 -0.74445248  0.20405961]
  [ 0.16165723 -2.40577997  1.92760696]
  [-0.50509031 -0.97882237  1.32186737]]]
Experiment	11	-26.676024685398353	50.501018314601644	105536	6	[[[ 0.15922183  1.67315978 -0.04764244]
  [-1.47998933 -0.24134351  0.1528293 ]
  [-0.86548478 -1.34774879  2.07057052]
  [ 1.6504529  -0.2076982   0.91408833]
  [ 0.4245675  -2.07437894  1.6129402 ]
  [-1.36175491  0.57592765  1.38840381]
  [ 0.19168149 -0.7816931   0.64646959]
  [-1.38341759  1.1345243   0.34297312]
  [-2.2436986  -0.96341694 -0.20452112]
  [-1.11375021 -1.48284836 -0.7663185 ]
  [-0.89632286 -0.50085592  1.14455653]
  [ 0.2932057   0.7509834   0.69595715]
  [ 2.34146703 -1.53547185 -1.44198301]
  [ 0.68174059 -0.11123485 -0.21133957]
  [-0.06054358 -1.47154547 -0.20978585]
  [-1.0304506   1.22520599 -2.25504753]
  [-0.31339911 -0.23673869 -0.09707497]
  [-0.38995415  0.95535278 -1.18181055]
  [-0.87821094  1.92801334 -0.22124539]
  [-1.02550066 -1.78421165  0.43475104]]]
Experiment	12	-26.2803296372183	50.896713362781696	42318	7	[[[ 0.93442064 -0.91272323 -1.01849269]
  [ 1.69294647  2.03106634 -2.5       ]
  [ 0.11442766  0.00902231  1.29831101]
  [-1.17137428  0.6835374  -2.29987664]
  [-0.96217802  0.29733325  0.73502561]
  [ 0.98309426  2.29992668  0.43772823]
  [-0.91144085  0.13130941 -0.3939977 ]
  [ 1.82165486  0.36779364 -2.35016089]
  [-0.07032171 -0.7367282  -0.61050498]
  [-0.11323676  0.7888132   0.18296354]
  [ 1.58151701  0.02846457 -0.66817977]
  [ 2.5         0.82249576 -0.95356381]
  [-0.61404824 -0.73245007  0.74473337]
  [-0.52489852  1.0776274   1.30336142]
  [ 0.9981219  -0.79986048  1.71828851]
  [ 0.78419249  0.18867514 -1.95083686]
  [ 0.19685953  0.32260174 -0.59631941]
  [-1.29421765 -1.30234744 -0.87672773]
  [ 0.87092686  0.65059926  0.70929069]
  [ 0.06322352 -1.84570613 -0.76108843]]]
Experiment	13	-29.15269646653997	48.024346533460026	80154	5	[[[-6.96972933e-01 -2.50000000e+00  9.96356736e-01]
  [-8.80031534e-01 -4.49861823e-01  1.02785679e+00]
  [-1.24198852e+00  1.02262278e+00  1.33141027e+00]
  [-7.72605569e-01  7.98683324e-03 -8.94836235e-01]
  [-1.93631928e+00 -1.31925697e-01  6.79929138e-01]
  [-5.37677673e-01  1.53094482e+00  2.00608569e+00]
  [ 1.10726147e+00  1.87935730e+00  9.26407874e-01]
  [-1.27281241e+00 -3.99282985e-01 -9.25958392e-02]
  [-1.78103343e+00  1.86442078e+00 -3.13028207e-01]
  [-1.04997906e-01  8.04084998e-01  9.37712989e-01]
  [-2.24312614e-01 -9.95691014e-02  4.36666016e-02]
  [ 7.76688760e-01  5.70230842e-02  1.01647651e+00]
  [-3.97179942e-01 -2.38352183e+00 -2.24067026e-02]
  [-1.74292850e+00 -1.13146442e-01 -1.39988565e+00]
  [ 1.37126668e+00  2.71600952e-01  1.24349743e-01]
  [ 7.55755004e-02  1.43555609e+00  9.02775593e-02]
  [-8.70115005e-01  4.20065096e-01  2.27335861e+00]
  [ 1.93533452e+00 -7.59629417e-01  9.33433580e-01]
  [-1.69338979e-03 -9.56342019e-01  8.78691907e-01]
  [-9.77876744e-01  1.88932172e+00  7.05385853e-01]]]
Experiment	14	-26.6831458427913	50.49389715720869	133512	8	[[[-0.10069252 -0.82278672  2.5       ]
  [-0.17210788  0.33889553 -0.28467087]
  [-1.01771401 -0.25155447  1.97020821]
  [ 0.72184487 -0.66341079 -1.12423172]
  [ 1.13626901 -0.6468404   0.91710585]
  [ 0.98014222 -0.92736297 -0.08274382]
  [-0.1729262   0.08737247  0.75803663]
  [-2.00969671  0.00291672  0.9548872 ]
  [-1.90216513  0.44082305  2.30515765]
  [-2.03586224 -2.40947964  0.17340093]
  [-0.31901733 -1.04986894  1.44241251]
  [ 1.08066392  0.32439214 -1.34232197]
  [ 0.87221052  0.07743002  0.05817924]
  [ 0.51722973 -1.73323225 -0.64575528]
  [-0.23435233 -0.77687215 -0.05355201]
  [-0.28596339  1.11131115 -1.65525341]
  [-0.41579894  2.47168016 -2.10601244]
  [ 0.20878067  1.55343221  0.03823853]
  [ 2.00939648  0.68353312  0.02310763]
  [ 0.73759403  1.34023291 -2.5       ]]]
Experiment	15	-26.225129009368377	50.951913990631624	115160	8	[[[-0.39090177 -0.70491843  1.18844163]
  [-0.67861849 -0.50436266 -1.54963572]
  [ 0.74618355  0.96537021 -1.41999975]
  [ 1.12195866 -0.34998226 -0.14065694]
  [-0.65301527  2.38667083 -0.62968928]
  [-2.18558963  0.00772559  1.25527218]
  [ 0.5986708   1.18373579  1.1875779 ]
  [ 0.32559524 -0.34782869 -1.04137478]
  [-1.68496085 -0.5256638   2.0178017 ]
  [-0.54286434  1.45317936  0.52447594]
  [-2.5        -2.22537589  2.5       ]
  [-0.98865253  1.36603619 -0.40617444]
  [ 0.1840688   1.63404128 -2.3795311 ]
  [-0.09582346  0.32061124  0.58848754]
  [ 2.39155309  2.48368209 -2.4025332 ]
  [-0.78988443 -0.43475269 -0.28424619]
  [ 0.39916626  2.14820074 -0.26134009]
  [-1.31209759  0.47280956  0.23925022]
  [-0.95227812  0.33336845  1.25590003]
  [ 0.70049144 -0.01122423 -2.22858781]]]
Experiment	16	-27.90023665789747	49.27680634210253	61370	8	[[[-1.25979850e+00  8.19822853e-01  4.72761526e-01]
  [ 1.98319663e+00  1.10940459e+00 -1.93966532e-01]
  [ 1.38096460e+00  1.18430837e+00 -1.14849951e+00]
  [ 1.01674719e+00  1.95794214e+00  3.07840818e-01]
  [ 8.04854898e-02  7.05398856e-01 -9.97646957e-02]
  [ 4.90083119e-02  1.53663321e+00  1.72721375e+00]
  [ 5.13769232e-01 -3.02133107e-04  5.76853700e-01]
  [ 4.40989754e-01  1.83713693e-01 -1.03132998e+00]
  [-5.68161737e-01  7.19443402e-01 -1.05243621e+00]
  [-1.22124776e-01 -4.52022793e-01 -4.65907371e-01]
  [ 9.41119154e-01  4.94218432e-01  1.99858966e+00]
  [-4.64731410e-01 -9.83340367e-03  8.68497744e-01]
  [ 1.05722656e+00  5.33859759e-01 -1.36874339e-01]
  [-2.50000000e+00  1.06781995e+00  3.33318986e-01]
  [-1.18518388e+00  2.50000000e+00  2.76157132e-02]
  [-1.01337781e+00  2.17891420e+00  1.12047959e+00]
  [ 1.34884037e+00  1.87650011e+00  1.56391093e+00]
  [-1.79391748e+00  1.09383934e+00  1.32644442e+00]
  [-1.38956407e+00 -5.64291457e-01 -1.66934763e-01]
  [-9.44150503e-01 -1.18026867e+00 -1.40564601e+00]]]
Experiment	17	-28.04984357636724	49.12719942363276	41361	7	[[[ 1.6686908  -0.46351498  2.38496077]
  [ 0.03980277 -1.89731915 -0.0251864 ]
  [ 0.62771169 -0.75102288  0.05018134]
  [ 1.1679997  -1.18623064  1.09741836]
  [ 1.83908277 -0.76833441 -0.56476605]
  [-0.27268681  1.25576618  0.61754389]
  [ 0.07137107  0.27549047  1.61939728]
  [-1.09086644 -1.06279358 -0.23966626]
  [-0.57880755  2.22419908  0.39439254]
  [-0.48233772 -1.55368868 -0.86056314]
  [-0.80306389  0.47910498  0.17195741]
  [-0.27967515 -0.49201728 -0.40719477]
  [ 0.50325958  0.57637708 -1.01727757]
  [-1.31190108  0.12586834  1.56347444]
  [-0.47676408  1.33347034 -0.62945854]
  [ 0.59362435 -2.07138742 -2.16468257]
  [ 0.04274792 -2.5        -1.28909654]
  [ 0.61244777  2.16635354  1.20195675]
  [ 0.19764764  0.45652176  0.1140416 ]
  [-0.50982818 -0.46768592  0.91994518]]]
Experiment	18	-25.193771538536367	51.98327146146363	125866	6	[[[ 1.37576671  1.88972817  0.92638347]
  [ 1.92691385  0.43149152 -0.75801243]
  [-1.00120916  1.39258057  0.53238545]
  [ 2.5         1.10242111  0.75833297]
  [-0.09930643 -0.17171659  0.13278738]
  [-0.57913576 -2.17547748 -0.24220317]
  [ 2.1921907  -1.69931369  0.13836416]
  [-0.75338829 -1.64668878 -1.10646949]
  [-1.4238763  -1.48902828  0.67488547]
  [ 1.79265422 -0.80306981 -1.00499755]
  [-0.15912171 -0.88644722 -0.77166334]
  [-1.02359354 -0.98912847 -0.22105619]
  [-0.83512322 -0.19392326  0.8888229 ]
  [ 1.51601677  0.30549728  0.56230292]
  [ 0.39989395  0.72847027 -0.65500171]
  [ 2.30506718 -0.76349807 -2.09196969]
  [-2.46391823  1.04713761  0.14975923]
  [ 0.81439332 -0.89709538  0.20363882]
  [-0.24830626 -1.17100252  0.65488541]
  [-1.24959721  1.63999931 -0.76517842]]]
Experiment	19	-27.52416229283365	49.65288070716635	163360	6	[[[-1.80606119  2.5         2.46979215]
  [ 0.20261419  1.26115515 -2.14983628]
  [-0.02297739 -0.45321873  0.03034003]
  [ 0.22080362 -0.33187735 -1.41360568]
  [-1.79962594 -0.05045373  0.29777018]
  [-1.64374519 -1.16581877 -0.99146807]
  [ 0.48275725  2.21002453  1.19876692]
  [-2.5         1.11154957  2.13509306]
  [-0.96032121 -0.49064243 -0.48509389]
  [ 0.25751925 -1.62164689 -0.32770908]
  [-2.5        -1.11317183  0.71320587]
  [ 0.19694939  0.63989155 -0.02212704]
  [-0.78865997 -1.07181557  0.47187938]
  [-1.03992329  0.523524    0.01787942]
  [-0.74274948 -0.15707618  0.99479842]
  [-0.85772918  0.3880979  -1.68406106]
  [ 0.70543636  0.74743816 -1.08535382]
  [ 2.19035278 -2.17889128  0.83914031]
  [-0.99393663 -0.55423008 -2.47192187]
  [-0.38713483  0.98935106 -0.97770996]]]
Experiment	20	-27.25148651514006	49.92555648485994	45125	7	[[[ 0.13740901 -0.76310844 -0.81534449]
  [-0.88252834  0.23239992  0.16558568]
  [ 1.43629033  0.45142744  0.37813673]
  [-0.73412096  0.79790831  1.11796675]
  [-0.51766652  0.03083576 -1.32461749]
  [-0.75956123 -0.84099023  0.71123542]
  [-1.73269224  1.24935766  0.80800083]
  [-1.41688438 -0.56071864 -1.28855639]
  [-0.19683312 -1.26157344 -2.07495755]
  [ 0.17724626  0.82574152 -0.00406908]
  [ 0.64231406  0.0126475  -1.37438503]
  [-1.39679793 -2.5        -1.48290541]
  [ 0.5978573  -2.5        -2.10545997]
  [ 0.95445726  1.19902923  0.80552584]
  [ 1.09848395 -0.48379308  1.26691331]
  [ 0.49225781  0.0114898   0.59068595]
  [-2.20137748  0.28391652  0.6062914 ]
  [ 1.10474139 -0.756561   -0.31723106]
  [ 0.48107531 -1.80885941 -0.71970612]
  [ 1.86258378  0.8183905  -0.77458204]]]
Experiment	21	-28.405684891274497	48.7713581087255	107095	5	[[[-2.94053856e-01  6.05588010e-01  1.03109862e+00]
  [ 1.32775621e+00  1.22213245e+00  9.56997140e-01]
  [ 1.03287025e+00  2.12595786e-01 -1.53146265e+00]
  [ 1.36375457e+00 -8.18866204e-01 -2.15363347e-01]
  [-9.32865624e-02 -7.38999900e-01 -1.27363727e+00]
  [-2.28057435e+00 -2.35122756e+00  2.02359731e+00]
  [ 1.65339055e+00 -5.09140811e-01  1.07679473e+00]
  [ 5.81862819e-01  8.31606625e-01  1.71721955e-01]
  [ 2.06121956e+00  3.52725911e-02 -7.34070090e-01]
  [ 2.07108627e+00 -1.27926066e-01 -2.08458488e+00]
  [ 3.35560048e-01  1.86025341e+00  8.85278937e-01]
  [ 1.27314531e+00 -5.94124851e-01 -2.50000000e+00]
  [ 1.72262005e+00  1.57226784e+00 -4.60750722e-02]
  [-1.21893061e+00  3.22185780e-01 -1.68395944e-01]
  [-2.20930414e-01  1.75457144e+00 -3.02146765e-01]
  [ 1.64280949e+00  4.22659021e-01  3.40000844e-01]
  [ 8.18005796e-01  2.29537088e+00 -6.10789855e-01]
  [ 8.01530797e-01 -1.60579834e+00  1.07559178e+00]
  [-1.09909731e-03  6.58656077e-01 -1.05333100e+00]
  [-3.57303308e-01 -1.96758931e-01 -3.07712631e-01]]]
