Experiment	1	-27.6510635244895	49.525979475510496	96080	6	[[[ 0.93308278 -2.30964271 -0.65225554]
  [ 1.25055869  1.28490342  1.81272421]
  [ 1.06969508  0.17254998 -2.04717232]
  [-1.65894157 -0.64985164 -0.10453933]
  [ 1.62183033  1.19640681  0.70537943]
  [ 0.73108713  1.83029134 -0.62895215]
  [ 0.55236078 -0.77121703 -1.43109828]
  [ 0.46008335  0.37105954  2.17999424]
  [ 0.56815261  1.07985236  1.03545745]
  [-0.53210321  0.117196   -1.04300675]
  [-0.1768561   0.89917192  0.14229448]
  [ 0.9248704   2.42525923  0.93392323]
  [ 0.3483872   1.86351891  2.07681064]
  [ 0.8948958  -0.23185682  0.80462647]
  [-0.06109637 -1.86981891 -1.89908194]
  [-0.6499412   1.2451708   1.19150477]
  [-0.82446191 -1.3142194  -0.2292053 ]
  [-0.32015357  0.12593308  1.23426135]
  [ 1.65790572  0.36722598  1.44307696]
  [ 1.64928732  0.32982912 -0.2282992 ]]]
Experiment	2	-26.185937305677328	50.99110569432267	130760	8	[[[ 7.16117784e-01 -3.38664515e-01  8.01954384e-01]
  [ 4.62182626e-01  5.38630602e-01 -2.21594283e+00]
  [ 1.86021769e+00 -1.27569886e+00  1.80790330e+00]
  [-5.06403297e-01 -1.59760010e-01 -1.59118660e+00]
  [ 5.69885007e-01 -1.70302066e+00 -9.20148283e-01]
  [-1.65409202e+00 -1.42665467e+00 -1.02452364e+00]
  [-2.12452793e+00 -1.79926775e+00  1.87267297e+00]
  [-3.02551262e-01  4.82177068e-02  6.13804852e-01]
  [-4.94810009e-01 -1.16600832e+00 -8.32433244e-01]
  [ 7.68661868e-01 -7.40045649e-01 -1.27173443e+00]
  [ 7.20610528e-01  2.10761863e-01  1.98171749e+00]
  [-2.97125743e-01 -2.27405860e+00 -2.38005770e-01]
  [ 2.46347312e+00 -3.57275496e-01  2.27402751e+00]
  [ 3.65883041e-01 -8.70392089e-01 -1.60485697e-01]
  [-7.94339710e-01 -2.17215831e+00 -2.08041740e+00]
  [-2.05166369e+00  1.17145970e+00 -2.50000000e+00]
  [-1.06275653e+00  1.09050721e+00 -1.18795343e-03]
  [-2.46190284e-02 -1.18646781e+00 -1.82781152e+00]
  [-1.45872882e+00  7.84364857e-02 -8.94402951e-01]
  [ 1.36366474e+00 -1.28305415e+00  1.54365173e-01]]]
Experiment	3	-26.12057818218961	51.05646481781039	166177	7	[[[-1.15264373  2.05294103 -1.36706215]
  [ 0.9805055   0.59319733 -1.40441364]
  [ 0.59694883 -2.4171985   1.90716465]
  [ 0.27796674  0.01728254  0.90740042]
  [ 0.02439068  0.44653536 -2.22337117]
  [ 0.68261946  1.32267577  0.28708745]
  [ 0.75039246  1.76503691 -0.77744365]
  [ 0.40218693  1.35695699 -1.74647097]
  [-0.54778191  1.15858301 -1.34050221]
  [-0.75688671 -1.10906577 -1.80084156]
  [ 2.03615448  0.59834131  0.13776985]
  [-1.90955794 -2.33321974 -1.06006816]
  [-1.78695611 -0.04578417 -1.91656591]
  [-0.48332916  1.99459263 -0.38546957]
  [-1.99661472  0.937225   -1.2677148 ]
  [ 1.6362674   2.45388698 -0.29885268]
  [ 1.66016862  2.16435127 -1.56979312]
  [ 1.26734238  2.0787054   0.88300915]
  [-0.16063315  0.96861447 -0.43196914]
  [ 0.45669245  1.49202831  1.32530585]]]
Experiment	4	-25.43705038006077	51.73999261993923	48452	8	[[[ 1.78723796 -0.1991712   1.58336415]
  [ 0.02178712  0.46985431 -2.45874981]
  [ 1.88449918 -1.73843029  2.39486295]
  [-1.87345241  1.93415982 -0.72926032]
  [-0.67749678 -0.26092955  2.39356927]
  [-1.78321017 -0.50756798  0.85371298]
  [-0.90084836 -0.30276624 -0.56078577]
  [ 0.76918579  0.28249777  1.08950599]
  [ 1.10764172 -1.12827594  1.29184679]
  [-0.66588982 -0.21734944 -1.75452392]
  [-0.48524552  1.59243219 -0.12452011]
  [ 0.02124267 -1.04054711 -1.21529308]
  [-0.2748855   2.5         0.76446325]
  [-0.70291939 -0.95753245  0.77047952]
  [-0.3989515   0.85455725 -1.10756503]
  [-1.05988983  0.81049376 -2.09332018]
  [-0.76265474  0.36048322  1.25788167]
  [ 1.20462114 -1.61204511  0.22020265]
  [-0.10988068 -1.18299852  1.74753683]
  [ 0.70222541 -0.32872999  2.05293552]]]
Experiment	5	-31.166695442031514	46.01034755796849	30025	8	[[[ 0.53423376  0.71361492  0.09583194]
  [-0.20745341 -0.14813474 -0.02345398]
  [ 1.47068314  1.73139206 -0.16767743]
  [-0.73506982  1.89789517  0.0988966 ]
  [-1.41546697 -0.39062914  0.20281848]
  [ 1.14916826  0.34191055  0.78496797]
  [ 0.84270754 -0.2526441  -0.13298481]
  [-1.00288645  1.97890743 -1.5293916 ]
  [-1.04654913  0.83895182 -1.53688993]
  [ 0.32285527 -0.72938782  0.90175655]
  [-0.71325591 -0.127938   -1.29952714]
  [ 0.07704318  2.42572028 -1.64703983]
  [ 1.4746942  -1.37182438  0.4518609 ]
  [-1.38395232 -0.94331458  1.23658223]
  [-1.33213534  0.96897483 -0.08296773]
  [-0.20216027  0.19072319  2.00534507]
  [-0.65356546  1.35819071  2.043617  ]
  [-0.23247186  0.92656476 -0.60141244]
  [-0.44116708  0.60059143  0.74711241]
  [ 0.10764375 -0.94138456 -1.22666912]]]
Experiment	6	-26.00169713456234	51.175345865437656	171198	7	[[[-1.0292582  -0.63896144  1.51787781]
  [ 0.525417   -0.21103321  2.44328497]
  [-0.84208528  0.81482722  1.77053683]
  [-0.37140334  2.05811123  1.47057968]
  [-1.5596116   0.433087    0.67894772]
  [-0.27468753 -1.73464811  0.61894165]
  [ 0.02357533  1.45618678  0.61266413]
  [ 0.2288211   0.49767553  1.52373537]
  [-0.69038896 -2.5        -0.08138064]
  [ 1.30597632  0.04014241  0.8985601 ]
  [ 0.77292262  0.53419642  0.08312041]
  [ 1.27504703 -2.13736178  1.29122702]
  [-1.48808665 -1.28781398  2.5       ]
  [ 1.73146865  0.05249775 -1.76977899]
  [ 0.93952285  2.24197795  0.49285141]
  [ 0.30668916 -1.32370509  2.5       ]
  [-1.16662519 -0.84495372  0.4121386 ]
  [ 0.54850835 -1.20592294  1.12353392]
  [-0.53556597  0.64458298  0.05148995]
  [-0.14822373  1.51907204  2.5       ]]]
Experiment	7	-26.65457088784876	50.522472112151235	32660	8	[[[ 0.50743856 -1.02997178  1.46201065]
  [ 2.03160429 -2.30574759  0.87101805]
  [-1.67638438  0.06522877  1.98311345]
  [ 0.79286535 -0.98113038 -0.64889142]
  [ 0.48883651  0.98006788  0.25939682]
  [ 0.63430814  0.01695926 -1.58769318]
  [-0.47634011  0.87953571 -1.89278641]
  [ 1.5501324   0.13106507  1.64907094]
  [ 0.78365922 -1.09174512 -1.7597751 ]
  [ 0.50242096  0.055396    1.30104856]
  [ 1.04528135 -0.42352298  2.5       ]
  [ 1.76349265 -1.39616241 -2.02866323]
  [-0.06991754  0.47201812 -0.84590227]
  [-0.10626516  1.64351539 -1.19244178]
  [ 2.28292362  0.99038264 -1.61041687]
  [ 1.365346    0.40159098  0.24153843]
  [ 1.60892965  0.31108701 -0.99340783]
  [ 1.91032937 -1.11242387  0.38760711]
  [-0.81235575 -0.06029886 -1.60233315]
  [-0.7316656   1.15131137 -0.32923966]]]
Experiment	8	-27.28408570283877	49.89295729716123	104560	5	[[[ 0.58602624  1.13511106  1.03018336]
  [-1.4022116   1.07262438  1.97099383]
  [ 0.96458823  1.80151434  0.06218051]
  [ 0.83513983  2.17710943 -1.17558841]
  [ 1.53787432 -1.41991516 -0.49735077]
  [-0.66261995 -0.03518621 -1.28599183]
  [-1.50421164  1.93675825  0.29932003]
  [-0.79733263  0.79778582 -2.5       ]
  [-0.05212236  1.14735066 -1.04622161]
  [-1.49219799  1.02054064 -1.59509581]
  [ 0.83945169 -2.38597564 -0.63402661]
  [ 0.2945826   1.01505108 -2.01713267]
  [ 0.08032206  1.00624102 -0.00905951]
  [-1.1370796   1.0345538  -0.09468537]
  [-1.7005734  -0.01206404 -1.02601814]
  [ 0.31137265  0.09470179 -0.67700686]
  [ 0.31287438 -0.79895451 -0.16609308]
  [-1.09995029  0.00629745  0.00279065]
  [ 0.05142781 -0.43128107 -1.95573011]
  [-0.66002229 -1.50932145  1.25974665]]]
Experiment	9	-26.533190719885898	50.6438522801141	165902	6	[[[ 0.63690116 -1.0281727   2.04683167]
  [-0.02363934  0.66705069 -1.72291741]
  [-0.99139083  0.14964021 -1.85251131]
  [-1.04707596 -0.86194879 -1.46265751]
  [-1.45423354 -1.82621244  1.95976065]
  [-0.13255953 -0.41909831 -0.12293221]
  [-0.05549108 -1.4303299   0.97973916]
  [ 1.93501405  0.85976032 -1.59729709]
  [ 1.38660321 -0.01354788  0.63648497]
  [ 0.4966378   0.68294446  1.87205448]
  [ 0.31229852  0.76809964  0.27233111]
  [-0.21470898 -0.39874682 -1.6622723 ]
  [ 1.38844138  0.91051715  0.24817569]
  [ 0.21611442 -0.07272777  1.06250053]
  [ 1.91482284  0.03500353 -0.81932297]
  [-0.87282862  0.35443852 -0.54047628]
  [ 0.19510449  1.85594299  2.03415297]
  [-1.55003605 -1.20111672 -0.51256815]
  [ 0.93833666  0.23026812 -0.55639059]
  [ 0.3430268   1.30846122 -0.79704563]]]
Experiment	10	-26.988176982617592	50.18886601738241	119946	8	[[[ 1.69804892 -0.00373778  1.70277264]
  [ 0.50886279  1.99664487 -1.69026468]
  [-0.73283204 -0.67976981  0.97270774]
  [ 0.2974841   1.31262692 -0.79793852]
  [-1.85302611  0.43584877 -2.27945363]
  [ 0.01064462 -0.63284549 -2.26189579]
  [ 1.18271791  1.66200677 -0.36123269]
  [-0.72060503 -1.92421128  0.51329544]
  [ 2.22590145  0.59260989 -0.06912313]
  [ 1.17458252  0.6698148  -0.20571809]
  [-1.82900952  1.47199509 -1.89143918]
  [ 0.5454219  -0.16348882 -1.48145908]
  [ 1.91287261 -1.12050753 -0.88001708]
  [-0.57526252  0.26661318 -1.7301954 ]
  [ 0.93281485 -0.2286719   0.82798243]
  [ 1.27109834 -0.33813652 -0.49758073]
  [-0.75057995  0.54486122  0.78451604]
  [ 2.06322671 -0.81385096  0.22909428]
  [ 0.14131333 -0.56994938 -0.50711962]
  [ 1.05253773 -1.11652872 -1.53328187]]]
Experiment	11	-26.78304256858588	50.39400043141411	147200	8	[[[-0.22650662  0.37924407  0.26265487]
  [-0.2689427   0.64278902 -1.67720003]
  [ 0.92576224  1.31029591  0.66830038]
  [ 1.11069795 -0.98892052 -0.77317532]
  [ 0.60078304  0.20886566  1.02257456]
  [ 2.07412744  2.22327993  1.18848087]
  [ 0.64769421  2.5         1.62373241]
  [-0.78302759 -1.51298153  0.82261649]
  [ 0.36183737  1.21248178 -0.97072038]
  [-1.75735237 -1.69964719 -0.27551241]
  [ 2.11976151  0.83030497  0.25127017]
  [-1.75720176  2.5         2.08206339]
  [ 0.60539041  2.21932004  0.04141982]
  [ 0.01467115 -0.539886   -0.10128997]
  [ 0.42937614 -0.55916688  1.74923355]
  [-0.642421    0.08339581  1.23862758]
  [-0.47321135  1.65545904 -0.26079083]
  [ 1.02794899  0.46859474  0.0429923 ]
  [-1.6229361  -0.88125357  0.45641622]
  [ 0.24637722 -1.3246073   0.84865593]]]
Experiment	12	-27.704695577086877	49.47234742291312	58097	8	[[[ 1.02126363  1.75155945  2.5       ]
  [-1.1608285   0.46938581 -0.62878293]
  [-1.16761669  2.34575185  0.26438857]
  [-2.12270344 -0.31754616  0.70902211]
  [ 1.01105488  1.01050778  1.47114354]
  [-1.09677155  0.01617091  0.37129777]
  [-2.09949686  0.6661544  -1.22614077]
  [ 1.09590878  1.70519366 -2.15683545]
  [-1.12635697  1.18094741  0.97380177]
  [ 0.10547744  0.92393864  2.5       ]
  [ 2.22369426 -1.76361505  2.5       ]
  [-0.54027831  1.53470658 -0.2251332 ]
  [-2.14120662  1.62560643  0.93017577]
  [ 0.02972726  1.20519802 -1.52614297]
  [-0.18148789  0.42593494  1.36736976]
  [-1.10781017  1.51101722 -1.20722594]
  [ 0.68286322  0.59916933  0.00997829]
  [-0.61058827 -0.2827749  -1.12275222]
  [-1.56905134  2.00761194  1.84475202]
  [-0.15118185  1.49617955  0.7543162 ]]]
Experiment	13	-26.35663011569933	50.820412884300666	30934	8	[[[ 0.92911656  0.08998314  1.38886846]
  [-2.5        -1.05773338  2.07702539]
  [ 0.33252179 -1.37760299  0.6635131 ]
  [-1.37032718  0.0842642   0.85375198]
  [ 0.13968229  0.07648673  0.29706811]
  [ 0.68950129  0.8366332  -1.70791153]
  [-0.02661478  1.43416991 -0.70484893]
  [-0.28551075  0.74234953 -2.12988469]
  [-1.84321717 -0.30967182 -0.9215777 ]
  [ 1.31518989 -0.92139647  0.68727734]
  [-0.27154481  0.23930733 -1.24043564]
  [-0.76056617 -1.3022908  -2.13156839]
  [-0.48045839 -0.73560063  0.98243067]
  [-1.0130373   0.19051401 -0.34643204]
  [ 2.5        -0.80903279  0.23989176]
  [ 0.69035924  2.29222155 -1.29626132]
  [ 0.25751808 -0.11241645 -2.5       ]
  [ 0.40400967  1.57493613 -2.5       ]
  [-1.90445007 -0.60414612  0.22669574]
  [ 1.41109571 -1.88179453  0.0229375 ]]]
Experiment	14	-25.440716841108188	51.73632615889181	54938	9	[[[-0.61858605  1.54694986 -0.39230395]
  [ 2.5        -0.12998597  0.96584616]
  [ 2.5        -1.11129202  1.46218249]
  [ 0.36468686  1.29631219  0.78917281]
  [ 2.5         2.40192517 -0.85138772]
  [ 2.5         1.01082884 -1.30779176]
  [ 2.3009149   0.06356476 -0.92841562]
  [-0.85250557  0.25135448  1.02887261]
  [ 1.02137077  1.01058787 -1.46595021]
  [ 1.33437235  0.59786285 -2.34693209]
  [-1.05126465 -1.9356481  -1.49997666]
  [ 1.71540811 -0.79739293  0.42514903]
  [ 0.34095163  0.28537106  0.87828027]
  [-0.55164585 -0.53210627  0.15709365]
  [-2.15225516  2.5        -0.71480491]
  [ 1.84236895  1.90841614 -1.57504953]
  [ 1.85841054  0.33970553  0.13117404]
  [ 0.14944093  0.47904836 -0.86183195]
  [ 1.47521063 -0.24859024  1.25114052]
  [-0.63038506  0.61015224  0.06345037]]]
Experiment	15	-29.288984661558192	47.88805833844181	102279	6	[[[ 0.37582789  0.45295375 -0.82463235]
  [ 1.47364183  2.23861937  1.11298921]
  [ 1.19044911 -0.18213738 -1.11784974]
  [ 0.25199853  1.27432899 -1.64165971]
  [-0.1093344   1.83262818  0.09360937]
  [ 1.33716778 -1.32303763 -0.9054182 ]
  [ 0.78801304  0.15317677  0.60634413]
  [ 1.40112784  1.0800567  -1.1489482 ]
  [-0.37376954 -0.46658305 -1.51296651]
  [-0.95412727  0.32121131 -0.169193  ]
  [ 1.06399746  1.45744427 -2.16135861]
  [ 0.12667349  2.20086535 -1.97259688]
  [-0.81184659  2.0151942  -1.22456456]
  [ 0.97816709  0.94860182 -0.11249884]
  [ 2.15126456  1.37729026 -2.5       ]
  [ 1.5003194   2.07631234 -1.45327257]
  [ 0.41571936 -1.81193442 -1.64889043]
  [-1.24930993  0.77093116 -1.46468732]
  [ 0.55184513  2.11509142 -0.7285824 ]
  [ 0.75862624 -2.17809324 -0.6932344 ]]]
Experiment	16	-26.454749093643183	50.72229390635681	47544	7	[[[-0.86485585  1.70592585  1.29910841]
  [ 0.07479818 -1.67197063 -0.72778445]
  [-0.12995409 -2.5         1.25484586]
  [-1.41421804  0.93234611 -2.07374119]
  [-0.19247666 -1.66089733  0.60048101]
  [-1.63371702  1.64791789  0.04376339]
  [ 2.11932899  1.11278176 -0.22071066]
  [ 0.89621699  2.13373239  2.30387245]
  [-0.86673712 -0.11361962 -1.70849751]
  [ 1.09668306  0.48752175 -2.5       ]
  [ 0.30999928  0.30925312 -1.40598016]
  [-1.06612504 -0.01951481  1.41192357]
  [-1.13419793 -1.47515053  1.33366308]
  [-0.58573379  1.21603844 -1.40226903]
  [-1.79342697 -0.83336189  0.62341588]
  [-1.17200498  0.05390622  0.32038529]
  [-0.17495565 -1.13324792  1.5601389 ]
  [-0.49017875  0.43994235 -0.57468839]
  [-2.25574794 -0.15470833  1.46455964]
  [-1.48424195  0.72959308 -0.99714861]]]
Experiment	17	-27.542582422678624	49.63446057732138	101114	8	[[[-2.15535574  1.47806303 -1.68235336]
  [-0.71236004  0.36853107 -2.33323938]
  [ 0.45592354  0.50680602 -2.1967541 ]
  [ 0.74604087  0.1173351  -1.08621678]
  [-1.6157377  -0.42293515 -2.37461579]
  [-0.76545214 -1.06456412 -1.15284236]
  [ 1.34976636 -0.15935925  0.73155947]
  [-0.37748688 -0.89828655  0.22965047]
  [ 1.31877086  0.0940269  -0.31265075]
  [ 1.79225971  1.85498911 -0.13333658]
  [-2.08464088  0.45735993 -1.79083096]
  [ 2.1155191   1.19343937  0.99563646]
  [ 0.84865424  1.44397287 -1.57218556]
  [-0.24884715 -0.08521975 -0.56742223]
  [-0.16271174  2.11085967 -1.62774009]
  [-1.15296369  0.92190254 -1.33927899]
  [-1.25799838 -0.12711076 -1.05490872]
  [ 0.58848734  1.07292549  0.11055853]
  [-0.25422952  0.137702    0.92962297]
  [ 0.82422359  0.42405235  1.3906526 ]]]
Experiment	18	-25.674870147635552	51.502172852364446	113082	7	[[[-2.06323608 -1.00391305  0.17236922]
  [ 0.3299292  -0.49049058  0.57050118]
  [ 1.77379821  1.24266045  1.30388624]
  [ 2.05641036  1.06548194  0.16769352]
  [ 0.84122166 -1.89558669 -0.70975609]
  [ 0.96738132  0.54759379  1.19462619]
  [-0.22154849 -1.81845647  1.30164315]
  [ 2.5         2.5         0.86921991]
  [-0.7664597   1.39184686 -0.29658644]
  [-1.11806722 -0.92222475  1.57329044]
  [ 2.23004559 -0.02851718  0.47702609]
  [ 2.5         0.3042026   1.72579292]
  [ 0.21529466 -0.56332902 -0.61808995]
  [ 1.53130585 -0.42329574  1.81668192]
  [ 0.86737243  0.19251102 -0.21828882]
  [-0.93328401  0.16219493 -0.97702   ]
  [ 0.26094877  0.97013358  0.45276801]
  [-1.78647595 -1.77959874 -0.51539339]
  [ 0.28048129  0.28999675 -1.3572223 ]
  [-1.01529544 -0.38851342  0.36318737]]]
Experiment	19	-29.980673478575106	47.19636952142489	138788	6	[[[-1.85433890e+00 -7.95904244e-03 -6.37084650e-02]
  [-2.50000000e+00 -1.05286624e+00 -5.17963839e-01]
  [ 1.20776274e-01 -1.05602388e-01 -2.43253682e-01]
  [-1.10746098e+00  1.29156731e+00 -2.05457010e+00]
  [-1.56292636e+00 -1.83808675e+00 -1.93093427e+00]
  [-8.76905720e-01  3.74305150e-01  1.48050839e-01]
  [-1.49482017e+00 -1.23508300e+00  2.50000000e+00]
  [ 2.50000000e+00 -6.40887534e-01 -2.08651462e-04]
  [-8.88775758e-01  6.66359584e-03 -8.83276108e-01]
  [-1.47929278e+00 -4.48781940e-01 -1.64490143e+00]
  [-1.59836682e+00  7.64197928e-01 -1.33999581e+00]
  [-1.69041723e+00  1.84844963e-01 -2.50000000e+00]
  [ 3.81147437e-02 -1.06218814e+00  1.38588352e-01]
  [-5.71765143e-01 -6.72759725e-01 -2.50000000e+00]
  [ 7.60091427e-01 -1.69797675e-01 -1.10743843e+00]
  [-3.85428200e-01  9.67012424e-01 -7.10597272e-01]
  [-7.57667036e-01 -9.15097583e-01  1.57672364e+00]
  [-1.34661538e-01  1.26441242e-01 -1.94888024e+00]
  [-2.21493086e+00  1.21317579e+00 -5.16121279e-01]
  [-2.04598662e+00  1.87545979e+00 -1.72207807e+00]]]
Experiment	20	-26.118949655262877	51.05809334473712	57636	8	[[[ 1.33143524 -1.00577709  1.16030893]
  [ 1.17838551 -1.77821517  2.04120745]
  [-1.33809414 -0.81183737  0.48275048]
  [-1.47195625  0.37472006 -0.74858594]
  [-1.17856894  1.6290341  -1.41321187]
  [-0.0799472   0.06810601  2.11474172]
  [-0.09958848  0.49094081  0.87331615]
  [-0.96552225 -1.05445287  2.5       ]
  [-0.64266185 -1.04182927 -0.4877848 ]
  [ 0.71152428 -2.0037555   0.64984427]
  [-1.81904713  0.26096464  0.35054287]
  [-0.76428179 -0.71044674  1.49264843]
  [ 2.20035519 -1.49984253  1.46167712]
  [-2.02089093 -0.72600914  1.58252174]
  [-2.39770519  2.00831515 -2.3840761 ]
  [-0.53419698  1.07868897 -0.17054384]
  [-0.37069893 -1.26846097  0.69515892]
  [-1.6615369   1.42687267 -0.14254044]
  [ 2.01524816  2.34074076 -0.35264651]
  [ 0.81563533  0.46084726  1.46414764]]]
