Experiment	1	-26.54995483654981	50.62708816345019	126101	8	[[[ 1.43774327 -0.50811714  2.23734309]
  [-0.08914747  0.66582312 -0.45594624]
  [-1.01889517  0.20101221  2.0232073 ]
  [-0.32353378 -1.01171892  1.5174035 ]
  [-0.07956981 -0.23261176  2.5       ]
  [-1.0958148   0.34565617 -1.14628635]
  [-0.5804971   2.33509776  0.94592171]
  [-2.0716276  -1.24816936  0.89631859]
  [ 0.43613851  0.75050673  0.55517114]
  [-1.23880017  0.26897293  0.05735822]
  [ 0.02547515  1.06327057  1.70031541]
  [-0.81830279  0.43304576  1.09049567]
  [-1.85826258  1.11096314  1.49318874]
  [ 0.14935781  0.18230333 -2.05275742]
  [-1.63640334  2.5         1.05094136]
  [ 0.88646473  1.33052875 -0.20721233]
  [-1.30361061 -1.0817651   1.69809395]
  [ 1.35320577 -0.77201718 -0.28300419]
  [-0.73422051  1.44007168  0.26511227]
  [ 1.06069107  0.32093845 -0.49444814]]]
Experiment	2	-26.632976461145986	50.54406653885401	20716	8	[[[ 5.93777244e-01  2.67891897e-01 -6.03280658e-01]
  [-2.08955003e+00  3.63717840e-02 -1.61015209e+00]
  [-1.85538211e+00 -1.26708220e+00  1.82672703e+00]
  [-2.22042501e+00 -1.46622254e-01  2.13955326e-01]
  [-8.23181476e-01  1.43188677e-02 -2.24095257e+00]
  [-6.98772231e-04  2.73946798e-01  2.84113447e-01]
  [ 1.43549346e+00 -2.32249539e+00 -2.30261021e+00]
  [-9.12248366e-02 -2.77817840e-01 -1.25822762e+00]
  [ 7.78080221e-01 -6.16119484e-01  1.86707111e-01]
  [-2.15347783e+00 -9.54112827e-01 -2.06996306e+00]
  [-1.14524884e+00  5.86699595e-02 -6.04363284e-01]
  [ 1.10528816e+00  1.38833948e+00 -1.34049117e+00]
  [-4.07407033e-02  1.23043415e+00 -3.85261439e-01]
  [-8.10301990e-01 -1.35025529e+00 -1.64189596e+00]
  [-2.32526752e+00  4.71667056e-01  1.07870851e+00]
  [-1.12233016e+00 -2.61948846e-02  1.10306013e+00]
  [ 5.10394782e-01 -7.10355563e-01  1.18491490e+00]
  [-2.50000000e+00 -5.07213320e-01  1.32889407e+00]
  [-1.76033396e+00 -1.33335437e+00 -2.93303242e-01]
  [-1.14756347e+00 -5.41610925e-01  2.26982510e-01]]]
Experiment	3	-28.01500599167363	49.162037008326365	55263	8	[[[ 2.5        -1.34193354 -1.8498716 ]
  [ 0.88126916  0.92906941  1.1869774 ]
  [ 0.10226688 -1.76653082  0.08232174]
  [ 0.7784301   1.57919253 -2.20093888]
  [-0.86544595  0.38519756 -0.38119506]
  [ 1.12769945 -0.80121865  0.02730597]
  [ 1.1767433   0.21175939 -0.1864777 ]
  [ 0.08051054  0.11195238 -2.19698907]
  [ 1.83539902 -0.75770567 -0.80728626]
  [ 0.07812899 -0.09451995  0.26493748]
  [ 1.21078706 -1.63113356  2.5       ]
  [ 0.09021997 -1.964318    1.10162147]
  [-0.72629899  0.63170442  0.61121956]
  [ 1.13585119 -1.61642918  0.75047002]
  [-1.10767258 -1.23626012 -1.33344069]
  [ 0.10030061 -0.90893599  0.92148395]
  [-0.02243414  1.08455967 -1.70155658]
  [-0.44189689 -0.71142282 -0.73466093]
  [-2.22500406 -0.80668974 -1.91715884]
  [ 0.38761251  0.38425151 -0.95226745]]]
Experiment	4	-28.449960909643757	48.72708209035624	71558	6	[[[-0.04641803 -0.63635645 -0.79262703]
  [ 0.64219005 -1.72561363 -0.64309958]
  [-1.88754663 -2.5        -2.19222151]
  [-1.50195561  0.75132526 -0.64397402]
  [-2.44985907  1.96709214 -1.61577018]
  [-0.92682782 -1.14394205  1.10828897]
  [-0.13984335 -0.69770617  0.45826956]
  [-0.68204147 -0.65136675 -1.78076612]
  [ 1.15751234 -0.30499134 -1.22398085]
  [ 0.61437385 -1.62688365 -1.94025881]
  [ 1.7118491   0.95838581 -0.56561674]
  [ 1.03607754 -0.05355402  0.19912123]
  [-0.81821794  0.15144541  0.83447706]
  [-0.99599042 -1.09481693 -0.03814212]
  [ 0.42742662  0.513485   -0.59499457]
  [ 0.48715593  0.28508224 -2.0985941 ]
  [ 0.20395937  0.92613284  0.80588292]
  [ 1.16623561 -2.5        -1.32036666]
  [-0.83574798 -0.12261585 -0.53321908]
  [-1.63182757 -1.13323001 -1.08175717]]]
Experiment	5	-26.374694931851018	50.80234806814898	30032	8	[[[ 0.3275677  -0.26288527 -0.69343934]
  [ 0.44189845  1.75208086  1.01708419]
  [-1.72708674 -0.72618158 -0.22563382]
  [ 0.16709288 -1.14488193 -0.20899737]
  [-0.61325172 -2.41813464  1.98216311]
  [-0.72110689  0.19839022 -1.3263138 ]
  [-0.01389567  1.1390729  -1.13586269]
  [-2.3894254  -1.80294581  0.32979385]
  [ 1.14565885  1.21672853 -0.9957591 ]
  [-0.83456924 -0.85013186  1.11872385]
  [ 0.0797328   0.0103867   0.46519435]
  [-0.65385389  1.99203404 -1.67876008]
  [-2.5        -1.68016273  2.2296793 ]
  [-1.38460515 -1.33719361  2.18595361]
  [ 0.52023893 -0.9896344  -1.68245554]
  [-0.67628101 -1.73718547  0.28951315]
  [ 0.3592355   0.79577838 -0.21204813]
  [-0.49127389 -2.5        -2.20257239]
  [-0.71286997 -0.46473121  0.08114765]
  [ 1.26232233 -0.88791914 -0.24183608]]]
Experiment	6	-26.821212951351935	50.35583004864806	113125	8	[[[ 0.45542939 -2.06722016  0.49062148]
  [-1.28910294  0.58082324  1.701472  ]
  [ 2.31733157  0.85321873  0.51709529]
  [ 2.27361699 -0.58873252  1.21295188]
  [ 1.24548145 -0.00721455  1.09626284]
  [ 0.07306285  1.00655473 -0.14178446]
  [-0.78732621 -1.95433185  0.45510562]
  [-0.25214841 -0.12550357  1.4682385 ]
  [-1.8302454   0.26787935 -0.11679805]
  [ 1.70866108 -1.64092381  1.24479398]
  [-1.40137615 -0.4340657   1.43147074]
  [ 0.76201571 -1.08657041  1.22883292]
  [-2.5        -1.97744062  0.51550447]
  [-1.0572225   0.99206258 -0.43681584]
  [ 0.45258464  1.39545269  1.06049889]
  [-2.3896506   1.32346489  0.92823552]
  [ 2.04042871 -0.10840962 -0.09514442]
  [ 0.02085734  0.04182946 -0.47835044]
  [ 0.69780318 -0.70729135  0.10301206]
  [ 0.42845492  0.4220163   0.61935193]]]
Experiment	7	-29.463378063661402	47.713664936338596	53723	7	[[[-0.4296891   0.56938891  1.1798071 ]
  [-2.5         0.92023182  0.51352134]
  [-0.920228    0.81280278 -1.4623862 ]
  [ 0.37773582 -0.582064   -1.00628684]
  [-1.09667167  1.57753568  1.0789083 ]
  [-0.68414591 -1.11547445  0.70651774]
  [-0.72578474 -0.51542158 -0.40185038]
  [ 0.57862148  0.74528635  0.21342371]
  [ 0.52611104  2.11001439  0.68930867]
  [-0.33767447  1.27935621  0.37752277]
  [-0.68293537 -1.77271611 -1.03305382]
  [-1.23727683  1.69825448 -0.5030099 ]
  [-1.24701531 -0.42060604  1.5268179 ]
  [ 0.14384606 -0.08725814 -2.34373877]
  [-1.94686693  2.20982528  0.26596801]
  [ 0.09073144  1.55998053  1.98651317]
  [ 1.36585167  1.55379041  0.26687856]
  [-1.36167745  0.81448504  0.07142798]
  [ 1.14439363 -1.72301049  1.79394296]
  [-0.36618229  0.69601704 -0.55022898]]]
Experiment	8	-27.126375738622087	50.05066726137791	48383	7	[[[-1.90879858  1.17822221 -2.2165619 ]
  [-0.50105968  0.94223351  1.96528011]
  [ 0.60153304  0.44102671  0.03315925]
  [ 1.58457817 -0.25970362  1.21190595]
  [-0.77384191  1.05073177 -1.17860663]
  [ 0.91854926  1.13454308 -0.73888444]
  [-0.9571302   1.47197735 -0.04084776]
  [ 0.01866225 -0.60515018  0.70317033]
  [-0.39554393 -0.68088241 -1.87761211]
  [-0.14952547  0.52309575  0.82585311]
  [ 0.33231498  0.31271101 -1.12150206]
  [-1.50994547  0.0653193  -0.97660511]
  [-0.09797741 -0.13975518  1.71257863]
  [-1.93610182 -2.06863673 -0.67610755]
  [ 1.14027803 -0.37791333  2.25126683]
  [-1.34678399 -1.21785178 -2.5       ]
  [-1.3193198  -0.34588912  1.81798635]
  [-0.88451707 -2.15123172 -1.16765438]
  [ 0.93368221  0.62042343  1.51826979]
  [-1.27032819  0.41700651  0.84537213]]]
Experiment	9	-28.292040448420934	48.88500255157906	184154	5	[[[-0.21569543 -0.80021895  1.28331685]
  [-0.26971635  0.79450412  0.5675942 ]
  [-2.44463965  0.02056346  1.99954034]
  [-0.54196596 -1.16049169  0.22284186]
  [-0.773888    0.45699847 -0.44056893]
  [-1.72083507  0.5876546  -2.5       ]
  [ 0.7731835   0.68845046 -0.98698856]
  [-0.52988402  1.64306335 -0.57517091]
  [ 1.60011018 -0.61490923 -0.65849565]
  [-0.19822837  2.41864461  0.66837828]
  [ 0.70101269 -0.9848231   0.62952556]
  [ 0.22002582 -0.55388751 -0.39058432]
  [-0.03455852 -1.8441202   0.91314693]
  [ 0.72124627 -1.66427993 -0.20381164]
  [ 0.79035113  0.39255475  0.20858407]
  [-2.1655276   0.9167326   0.46880287]
  [-1.56032992 -0.46205438  0.9510912 ]
  [ 1.76705524  1.02094751 -0.43467578]
  [-2.4569919  -0.37166154  0.23605682]
  [-1.85501515 -1.52826298  0.67554522]]]
Experiment	10	-30.103726156894954	47.07331684310505	62265	6	[[[-2.41709073 -0.77408061 -0.23183708]
  [-2.33955387 -0.48203414 -1.63294769]
  [ 0.45633558  1.28470647  1.14965424]
  [ 0.51366886  0.27843107  1.65088919]
  [-1.06512105  0.04057351 -1.77474363]
  [ 2.31781215 -0.45617875 -0.06708472]
  [ 0.88482928 -0.60726936  0.77396665]
  [-1.17776711  0.15932032  0.2552616 ]
  [-1.04178019  0.57231716 -0.70304348]
  [-2.21603338  0.38072206 -0.38347464]
  [ 0.27587297  0.35451512 -0.31659585]
  [-0.46309489 -0.76162822 -0.9846593 ]
  [-1.70477243 -1.89036348  0.34673667]
  [-1.50369261 -0.3475861  -0.76736863]
  [ 1.01584194  0.40373863  0.77328023]
  [-1.30256165 -0.926938   -2.10759477]
  [-1.72408715  1.10280232  0.4833678 ]
  [ 2.00590612 -0.0660475   0.99112132]
  [-2.23085909  0.21429559  2.22228426]
  [ 0.14972237  1.71310674 -0.14727637]]]
Experiment	11	-26.87827851137839	50.29876448862161	113932	6	[[[-1.87676759 -0.33679159  2.28364357]
  [-0.63817792  0.0169611   0.50556419]
  [-0.6592937  -0.61989298  1.40664591]
  [ 0.14786186 -1.12209914  0.26001143]
  [ 1.11304236 -1.94478668 -0.07452376]
  [-0.98988776  0.95298183 -1.48671684]
  [ 0.51362266 -0.13793805 -2.0710865 ]
  [-0.43659193  1.47624485 -0.6227102 ]
  [-2.5        -0.01184041  1.40670938]
  [-0.31517958 -1.66205614  1.26930706]
  [ 1.22612386 -2.19823726  1.00735594]
  [-0.5466163  -0.55597735 -1.56008284]
  [-0.70042749  0.34672419 -2.5       ]
  [ 0.8499953   1.06411457 -0.54638743]
  [ 1.79807229 -1.75956277  2.1803447 ]
  [ 0.69357458 -0.47046117  1.37618225]
  [ 1.04490461  1.82185949 -1.39183416]
  [ 0.26967267  0.15485579 -0.54357355]
  [ 0.75355265 -1.60633152  1.74350926]
  [ 0.34076572  0.78030401 -1.69056163]]]
Experiment	12	-26.849846979794076	50.32719602020592	34250	8	[[[ 1.79113108 -1.31824053  1.71699966]
  [ 1.97795453  0.0513012   0.50554095]
  [-1.12517989  1.49408024 -2.31240305]
  [-1.11256683 -2.03071368 -0.44579925]
  [ 0.18293215  0.90657171 -1.09942488]
  [ 0.90802759  0.01040822  0.12702933]
  [ 0.58463072 -0.28812218  1.15810627]
  [ 1.11592393 -2.0193407   2.31427579]
  [-0.23221327 -1.10603433  1.80578985]
  [ 1.435636   -1.00784512  0.39872116]
  [ 1.15889805  2.20877825  0.49394854]
  [ 1.17489914 -0.70088699 -0.60878446]
  [ 1.42370199  1.15876262  0.28965055]
  [-0.089167   -0.76472639  0.3728689 ]
  [ 2.00057565 -1.97970429  0.50129244]
  [-0.69018967  1.49288602  0.62232743]
  [ 0.81296864  2.09523388  2.43459726]
  [ 1.50816819  0.44959369 -0.57057714]
  [ 2.46925121 -0.24630268 -0.53569331]
  [-0.44457169  0.06255189 -0.43426706]]]
Experiment	13	-26.95283844914695	50.224204550853045	141353	8	[[[-1.04777125 -0.83319471  0.93778657]
  [ 1.47647758 -0.2322413   0.54183843]
  [-0.11208178 -1.21349387  1.17252918]
  [ 0.84935867 -0.44536997  1.48274053]
  [ 1.84363081 -1.41718155  2.5       ]
  [ 0.34861774 -0.36614379 -1.40260032]
  [ 1.10773446  1.65748301 -0.65889057]
  [ 2.18086327  1.5217754  -1.28148528]
  [ 1.99622034 -1.45235492  0.9866684 ]
  [ 0.30302835  1.27204847  0.06420138]
  [ 0.44919227 -0.15667987 -0.21505844]
  [-1.58765726 -1.75035189  1.41213353]
  [-0.10635934  1.3252679  -1.16914583]
  [-1.97188651  0.70319611 -0.71958536]
  [-0.14465414  0.29100095  0.68710783]
  [-0.7616447   1.74179468  0.68279525]
  [-1.12551823  0.63848281  1.03219588]
  [-0.56148457 -0.06989514 -0.34471986]
  [ 1.02727321 -1.3523687   0.45529966]
  [ 0.88410767 -1.19398117 -0.76149363]]]
Experiment	14	-26.70292258536046	50.474120414639536	21050	8	[[[ 0.62320386  1.03021226  1.60976036]
  [-0.65768588 -2.20223535 -0.9936475 ]
  [ 2.25023074  0.75671531 -1.32733191]
  [ 0.61075286  0.79167632  0.49876741]
  [ 1.50618963 -1.55691838  2.5       ]
  [-0.31157668  1.1640815   0.66571892]
  [-1.03955818 -0.91082945 -0.99705101]
  [-0.27460858  1.11561895 -1.84197939]
  [-1.12927905  1.06804357 -0.40299143]
  [-0.51663719 -0.03493786 -0.85979617]
  [ 0.96621249  0.95262878 -0.94106608]
  [-2.49901863  1.12723697  0.27278696]
  [-2.15333232  0.63746277 -0.69817787]
  [-0.07289793  0.93617482 -0.46457218]
  [ 1.43940931  1.44373574 -1.77735412]
  [ 1.09547221  1.84801341  2.19224642]
  [ 1.75345278  2.5        -1.25361475]
  [ 0.05577233  2.03056675 -0.42008779]
  [ 0.663701   -0.22107304 -0.15688552]
  [ 0.56179958  1.98692354 -1.78136595]]]
Experiment	15	-27.8846261614783	49.292416838521696	61381	6	[[[-0.68662444 -0.60343229  1.2225564 ]
  [ 2.04068943 -0.43803155  1.6451188 ]
  [-2.19792509  2.07876726 -0.46835436]
  [-0.60073931 -0.36864017 -0.52281173]
  [-1.9516369   0.00492278 -0.99041707]
  [ 0.42159462 -2.45581092 -1.11878949]
  [-1.76216001 -0.77384082  1.18124227]
  [ 1.25181736 -1.33761479  0.46022974]
  [ 0.30772541 -0.43796047  0.58860266]
  [-1.18244661 -1.3640407  -0.87668167]
  [-0.70078441  0.40083542 -1.65560881]
  [-1.37463821  1.05177518 -0.82257279]
  [-0.28819906 -1.37427335  2.02637474]
  [-0.80536989  1.77808992  0.21158495]
  [-1.6020335   1.15953663  0.34265747]
  [-0.47150103 -2.5        -0.50738634]
  [ 0.73507342 -0.88917308 -0.40142171]
  [-0.14631464 -1.4710841  -0.90477902]
  [ 0.23980033 -2.26146667 -2.5       ]
  [-0.48861346 -1.11052337  0.22523402]]]
Experiment	16	-28.912186283006285	48.26485671699371	96845	6	[[[-0.72503471  1.46819938  0.22935423]
  [ 0.07381184  0.87562696 -0.06611125]
  [ 0.9756887   2.1289361  -0.49187001]
  [-0.15033398  1.81838033 -0.75050273]
  [-0.18621069 -1.10752693 -0.77141674]
  [ 0.64254894  0.03960896  0.47044916]
  [ 0.05074214 -0.55962333  1.14195978]
  [-0.53507202  0.27862548  0.55428534]
  [ 0.85388582 -0.66742405 -0.41840351]
  [-0.58131966 -2.2529968   0.67812998]
  [-2.45561375 -1.04939649  0.9110347 ]
  [ 0.35480184  0.13710301 -0.89212787]
  [-0.97140608 -1.48268684 -0.10777717]
  [ 2.3754828  -1.68184483 -0.08922144]
  [ 1.18685915 -1.5170526   0.13501018]
  [-1.38830328  0.9332188  -0.35162779]
  [-1.91335577  1.74839117 -0.86804231]
  [-1.08688458 -0.47612432 -0.42835298]
  [-0.69709415 -1.58833795  1.86865946]
  [ 1.90189824  2.26285983  0.24041132]]]
Experiment	17	-25.62107873143811	51.55596426856189	2750	9	[[[ 0.07484556 -1.0064681   2.39690492]
  [ 0.85044852 -2.40923287  0.16669049]
  [ 1.30625148  1.03077298 -2.21764456]
  [-1.04743613 -0.09625594  1.66598248]
  [-1.37680049  0.26092457 -0.6479048 ]
  [-0.77664521  1.20226987 -0.84085652]
  [ 0.03763241 -0.70744111  1.07880137]
  [-1.44658523 -0.74335051  0.89335974]
  [ 1.94447955  0.56826449  0.15122372]
  [ 0.69322936 -1.12784124 -0.11319528]
  [-0.78804448 -0.68934607 -0.2669803 ]
  [-0.81602619  0.10517866  0.59387434]
  [ 0.21903089 -0.10222035 -0.22706512]
  [ 0.40456709  1.0566469   1.18615152]
  [-0.92114282 -0.41538938 -1.48686689]
  [ 0.00640667  2.16682628  2.03487773]
  [ 1.13694839 -1.40251542  2.39596288]
  [ 1.27509368 -0.39292922  1.93092579]
  [ 0.03013684  0.27842514 -1.69820793]
  [ 0.30463179  1.2702317  -0.33267988]]]
Experiment	18	-27.336215505067017	49.84082749493298	119282	6	[[[-0.93249292 -1.73611612  2.13216121]
  [-0.55488938 -0.34601504  0.21492409]
  [ 0.63776575 -0.77693446  1.63872347]
  [ 0.3910886   0.38015132 -1.66846762]
  [-0.01119951  0.86635773 -2.5       ]
  [ 0.77831049 -2.17086364 -1.20212333]
  [ 1.59628459 -0.48210003 -1.88061726]
  [ 0.15078786  0.17096584 -0.60032279]
  [ 0.18816401 -0.78110292 -1.96092456]
  [ 0.59569987  1.49647132 -1.32034981]
  [-1.4857212   0.02244571  0.3436101 ]
  [-0.57442596  1.34808081 -0.64792404]
  [-0.29335883 -0.84010943 -0.68885784]
  [-1.30309694 -0.49119887 -0.55918705]
  [ 0.95976392 -0.38935132 -1.01839986]
  [ 0.62710256 -1.42786664  0.50711032]
  [-0.26278784  0.5555318   0.73360144]
  [-1.26743813  1.99200744 -0.06738441]
  [ 1.75789457 -1.6341707   1.03356498]
  [-0.39733986  2.01870449 -1.43313419]]]
Experiment	19	-27.30191706589683	49.87512593410317	125224	7	[[[ 1.41938513  0.85981914  1.57838114]
  [ 1.4524239   1.47042812  0.31703633]
  [ 2.22121477 -0.92830896 -1.97952104]
  [-0.40891716 -0.97862206 -0.3591887 ]
  [-0.94395402  0.06376227 -2.11031233]
  [ 1.27135644 -0.56493727 -1.09565499]
  [ 0.84554346  0.02202768  1.90053876]
  [ 0.38495444  0.92909971  1.21369463]
  [-0.13765222 -1.73052875 -1.40983322]
  [ 1.90905134 -0.16928468  1.2848724 ]
  [-0.89392217  2.35217826 -0.44284082]
  [ 0.54812067  0.40060566 -0.50794106]
  [-0.10733641 -1.58981933  0.54211975]
  [-0.75215913 -0.83453038 -1.3593926 ]
  [ 0.85782649 -0.65100336  0.93052211]
  [ 0.86738832 -1.50152727 -0.79547058]
  [-0.79797725 -2.38896447  0.0594966 ]
  [ 0.97988657  0.51222368  0.42594116]
  [ 1.12788226 -0.99589813 -2.5       ]
  [-1.01032219 -1.12759808  0.44986574]]]
Experiment	20	-30.24669096529854	46.93035203470146	30599	8	[[[ 1.07298473e+00 -1.80253444e+00  5.91042063e-01]
  [ 1.39818776e+00 -1.27336875e+00  1.39523909e+00]
  [ 4.19443826e-01  8.16011573e-01  7.09566554e-01]
  [-1.73094278e+00 -5.21010686e-01  5.73208872e-01]
  [ 2.92560808e-01 -5.22046968e-01  2.67718617e-01]
  [-5.77825891e-01 -1.05163269e-01 -3.32102488e-01]
  [ 8.71189478e-01  1.49045933e-02  1.17754702e+00]
  [ 5.65702440e-01 -5.33670685e-03 -1.02624680e+00]
  [-8.72924712e-01 -6.41378771e-01 -1.24530740e+00]
  [-1.82241925e+00  1.79622265e+00 -6.94777202e-03]
  [-9.05466058e-01  1.13715299e+00  9.93796296e-02]
  [-1.67161357e+00  5.25063422e-01 -8.76055108e-01]
  [ 2.02367463e+00 -2.16276443e+00 -2.02606902e+00]
  [ 2.17115837e-01  6.83576983e-01 -3.66863964e-01]
  [-5.29229159e-01 -1.44757857e+00  1.91730113e+00]
  [ 1.36716003e+00  6.56275712e-01  9.57724902e-02]
  [-2.31552136e+00  6.97957152e-01  1.75134872e-01]
  [-5.56226566e-01  1.92129092e-01  8.34372244e-01]
  [-5.78776027e-02 -1.49943315e+00 -2.17126941e-01]
  [ 1.62935453e+00 -7.19264013e-04 -9.71602850e-01]]]
