Experiment	1	-25.30841181305473	51.868631186945265	185682	6	[[[ 6.69250728e-01  2.50000000e+00 -1.66597348e-01]
  [ 2.65047968e-01 -6.47898301e-01 -2.50000000e+00]
  [ 1.99518464e+00  6.85199998e-01 -9.43645912e-01]
  [ 1.15442234e+00 -1.07444180e+00 -2.14230229e+00]
  [ 3.45765164e-01  1.26283382e+00 -1.89214162e+00]
  [-1.23731345e+00  1.59238349e+00  8.42468844e-02]
  [-7.14767178e-02  1.13546292e+00 -1.35166166e-03]
  [-8.06942279e-01  1.17941060e+00 -7.69411083e-01]
  [-2.70543857e-01  8.67892566e-01  1.04234296e+00]
  [ 1.87411804e+00  9.64606610e-01  4.88923952e-01]
  [ 9.09759134e-01  7.47469791e-01 -1.93709060e-01]
  [ 2.39659893e+00  1.66001107e+00  1.46735920e+00]
  [ 1.59727728e+00 -3.70946328e-01 -5.72752376e-01]
  [-3.83543572e-01 -9.40813752e-01 -1.78413595e+00]
  [ 2.50000000e+00 -1.51944505e+00 -1.79846293e+00]
  [-2.60925618e-01 -1.89595981e+00 -2.50000000e+00]
  [ 1.60225245e+00  1.66482955e-01 -1.83633001e+00]
  [ 1.39274693e+00 -3.64111350e-01  6.32791931e-01]
  [-1.04740228e-01  3.31427346e-02 -4.32128620e-02]
  [ 5.78707665e-01 -7.22082636e-01 -9.66186099e-01]]]
Experiment	2	-21.518398978047994	55.658644021952	6869	9	[[[-2.75286598e-01 -7.12059661e-01 -1.06365997e+00]
  [ 2.50000000e+00  8.21945027e-01  2.21976218e+00]
  [ 2.16258775e+00 -1.54769815e+00  1.84017023e+00]
  [ 1.15476626e+00 -3.79822985e-01  1.25362301e+00]
  [ 7.15443981e-01 -1.62167096e+00  1.62188783e+00]
  [-3.49577690e-01 -1.04247140e+00  5.93678008e-01]
  [-1.41505557e-01  1.93283531e+00 -4.98264572e-01]
  [ 1.70130997e+00  9.98825212e-01 -6.53701895e-01]
  [ 3.32868889e-01 -1.29984856e-01  2.88962619e-01]
  [ 6.19258427e-01  6.98181445e-01 -3.06921394e-01]
  [-3.12838697e-01 -1.45122947e+00  2.50000000e+00]
  [ 1.02040610e+00  2.50000000e+00 -2.50000000e+00]
  [-1.02593893e-03  1.85222345e+00 -2.50000000e+00]
  [ 8.80445450e-01 -6.13089506e-01 -6.28266905e-01]
  [ 1.03127350e-01  3.29720592e-01  1.54164764e+00]
  [ 8.19813333e-01  2.50000000e+00 -3.98908391e-01]
  [-6.59065326e-01 -4.31559180e-01  1.84417636e+00]
  [-1.13678555e+00 -4.22226710e-01  4.28109634e-01]
  [ 1.35471967e+00  1.65044145e-01  1.45412688e-01]
  [-1.84495003e+00  1.16760316e+00 -1.24583653e-01]]]
Experiment	3	-21.694627755231874	55.48241524476812	136370	9	[[[ 0.80127233 -0.06871416  0.68685687]
  [-2.22305878 -2.5         1.35268859]
  [ 1.73631922 -2.06086734 -0.39057214]
  [ 2.5         0.30998313 -0.07898814]
  [ 1.6618166   0.66887219  0.51068215]
  [ 0.72390012  2.5        -0.12648028]
  [ 1.19858906  1.41787441 -0.10599484]
  [ 2.41355959  2.15578125  2.5       ]
  [ 1.87846652  2.2166211   0.58688051]
  [ 1.04632437 -1.03023625  0.03046279]
  [-0.07221433 -1.29394741 -2.27036739]
  [ 2.4331835  -0.86057002  2.36515485]
  [ 1.21216346 -0.88543499  1.26289559]
  [ 2.1640087  -0.77405048 -0.13992368]
  [-0.84288545  0.07846282  1.62810445]
  [ 1.03053458  0.99919375  1.28461692]
  [-0.07712264  1.28390325 -0.39632071]
  [ 0.59901263 -0.54144593 -2.04202425]
  [ 0.53912144  0.11837519  1.78267497]
  [ 2.5         0.95250385 -1.23319223]]]
Experiment	4	-21.924382642683483	55.252660357316515	155976	6	[[[ 1.82673019  0.03086674 -0.41836843]
  [-1.0236      2.40104532 -0.94328447]
  [-0.51751923  0.30998349 -0.13974404]
  [-1.70093264  0.07126806 -0.97221634]
  [ 1.34140011  1.12044549 -0.05523191]
  [-2.00532958  2.22899429  0.51889656]
  [ 2.3148209  -1.16482288 -0.49014749]
  [ 0.15836725  1.57863576  0.34190562]
  [ 0.94956438  0.4168855   0.90032262]
  [-1.61654645  0.42584032  0.02702831]
  [-1.02470896  1.20106153 -1.01019519]
  [-1.04825962  1.19123936  0.66256661]
  [-0.57529547 -2.5        -0.12942041]
  [-1.62367575  2.31258542  1.54196784]
  [-1.15154418  1.85129986 -2.03967132]
  [-0.66629676 -1.97458476  0.87351453]
  [ 1.07395215 -1.34685911 -1.06677195]
  [-2.5         1.77908749  2.20178753]
  [-1.77431131 -2.16291448 -0.21178095]
  [-2.18463173  1.48848195 -0.16018343]]]
Experiment	5	-21.59509050957577	55.58195249042423	85714	8	[[[-1.25446868  0.00802635  0.11531296]
  [ 0.4822015   0.19485403  0.3446961 ]
  [ 2.5        -0.05891938  0.68659876]
  [-0.14291404  0.03406363  1.6877037 ]
  [-2.06730919 -1.26423172  1.39300624]
  [ 0.83176952 -0.85675858  0.6437412 ]
  [ 0.69519625 -0.91565319 -0.39997394]
  [-0.43553792 -0.98359478  0.40352871]
  [-0.22992429 -0.04069651 -0.77866099]
  [ 0.11088413 -2.46565794  0.63029074]
  [-0.81523441 -1.65886435 -0.9068071 ]
  [ 2.06849781 -0.86367763 -1.6125472 ]
  [-0.97091358 -1.62337665  1.19825252]
  [-1.0446051   0.89120266 -1.03356695]
  [-1.17809862 -0.58160204  1.95311389]
  [-0.24880498  1.18993363  0.13146346]
  [-0.07108637  1.02992554 -1.23854107]
  [ 2.19431356  2.13579341  0.82114748]
  [-1.3303739  -2.2965356   0.11795257]
  [ 0.24056225 -0.80995568  1.47948714]]]
Experiment	6	-23.84889286584682	53.32815013415318	183338	6	[[[ 1.53528426e+00 -9.46251243e-01 -2.44109935e+00]
  [-2.58281455e-01 -8.09394280e-03  2.30534035e+00]
  [-1.80556595e+00  6.74841531e-01  1.31759022e+00]
  [-2.50000000e+00  1.20292052e+00  5.41943968e-01]
  [-1.38677258e+00  4.17053080e-01  2.50000000e+00]
  [ 6.19515939e-01 -1.30797303e+00 -1.77504771e+00]
  [-8.86301480e-01 -2.08751303e+00  2.01840182e+00]
  [-4.17139638e-01 -1.09175991e+00  8.08928191e-01]
  [ 1.30001809e+00 -1.60585236e-01  2.50000000e+00]
  [ 1.03942006e+00 -8.40435659e-01 -4.54674619e-02]
  [ 1.82561034e+00 -1.17049836e-01  1.26976995e+00]
  [ 3.05886684e-02  6.80129697e-01  1.51652511e+00]
  [-1.45309753e+00 -9.05263709e-01  1.71707683e-01]
  [ 2.44480509e+00  1.19050749e+00 -5.25312932e-02]
  [ 1.72155858e-01 -2.73279733e-01  9.25703021e-01]
  [-7.66888746e-02 -1.00378218e+00  1.78223111e+00]
  [ 2.50000000e+00 -1.07508954e+00  6.33660841e-01]
  [-5.51446176e-01  1.73549884e+00  1.40073514e+00]
  [-8.67752455e-01  1.66946082e-01  1.44933857e+00]
  [ 1.76268083e+00 -1.10433725e-03 -1.32884664e-01]]]
Experiment	7	-23.58913278098908	53.58791021901092	108834	7	[[[-0.18503122 -0.024662    0.40854847]
  [ 0.06527239  2.22605571  0.46964435]
  [ 0.86057943 -1.01759985  2.5       ]
  [-0.4104377   1.44779741  0.91346662]
  [-0.64611837  2.5         1.36695061]
  [ 0.1022876  -1.85700475 -1.10112588]
  [-0.66238178 -1.1878232  -0.70678348]
  [ 1.5050866  -0.5338179  -0.59091527]
  [ 1.12857991 -1.57998974 -0.54507618]
  [ 1.10884311  0.05500508  0.75172017]
  [ 0.60871929  0.50648957 -0.04260337]
  [ 0.70706274 -0.87816854  0.42093015]
  [ 0.0809345   0.67405788  1.25363729]
  [ 1.17833666  0.85467847 -1.94458386]
  [-1.36265649 -0.04579141 -0.44678587]
  [-1.98597869  1.61785328  2.5       ]
  [ 0.5578285  -0.3901488  -0.96509929]
  [-2.30220926 -0.2788921   0.41247684]
  [ 0.36121094  1.65990849 -1.01204966]
  [ 1.84152423  0.39981866 -0.29221357]]]
Experiment	8	-20.75528746228567	56.42175553771433	81819	7	[[[ 1.0371098  -0.41404566  0.87674776]
  [-0.89723932  0.87905229  0.75114976]
  [-0.31039259 -0.29028578  0.0770887 ]
  [-2.30024781  0.40003573 -1.6455225 ]
  [ 0.15553938  0.48960168 -1.87641139]
  [-1.00954128  1.03807172 -1.04764939]
  [ 1.02095402  0.21509294 -0.00947759]
  [ 2.380024    2.25430139  0.38382559]
  [-0.99301104 -1.58747435  1.86216713]
  [-2.05566592 -0.25797199  0.19020015]
  [ 1.37413898 -1.84768707 -2.5       ]
  [-0.11870924 -0.07888308 -0.95052898]
  [-1.49749307  0.00799942 -0.9595139 ]
  [-1.3945068  -1.06484614  1.04759373]
  [ 1.98285198  0.95087643 -0.85210277]
  [ 0.80881612  0.91485889  1.54323104]
  [-0.17396713  0.76876211 -0.45416477]
  [ 0.6831859  -0.77717674 -1.97461375]
  [ 2.5         1.63036535 -2.04401016]
  [-2.08848454  0.76862782 -0.60590181]]]
Experiment	9	-20.9929069612289	56.1841360387711	187415	5	[[[-0.88496571 -0.61987528  1.01473072]
  [-2.20345054 -1.15149969  1.40329603]
  [-1.84714643 -2.16272533 -0.34610812]
  [-1.00779109  0.9268058   1.58914533]
  [ 0.10854933 -0.88376794 -0.45864723]
  [ 0.04617054 -2.28218959  1.26522791]
  [-1.59291156  1.45231468  2.41033518]
  [ 1.18598057 -0.158627    1.59528812]
  [ 2.44718856  2.43502254  1.28369883]
  [-2.13338382 -0.16631626 -0.77679289]
  [-1.42793314  0.52433353  0.54570004]
  [-0.92469063 -2.5        -0.78611098]
  [ 0.49238245 -1.72628547 -0.02271691]
  [ 0.23982959  2.0223285   1.21515568]
  [-1.19859389 -1.14903955 -0.0073709 ]
  [-2.30547579  0.70031453  1.86225793]
  [ 0.12892021  0.94660068  1.76960523]
  [-0.12581013 -1.18984289  0.68780142]
  [-2.07395102 -2.00412509  1.9123874 ]
  [-0.60285952 -0.27978738 -0.10747932]]]
Experiment	10	-21.3616740308993	55.815368969100696	176868	9	[[[-1.92591011  2.41729786 -0.42816422]
  [-0.03811342  0.38570731 -0.12152929]
  [-2.17809494  1.42656014 -0.10202763]
  [-1.71350902  2.5         0.67982078]
  [ 2.5        -2.23551235 -0.95763492]
  [-0.22004533  1.39822258 -0.14387497]
  [-1.67514923  0.26634087  0.16895801]
  [-0.91787343  0.20844206 -0.63231298]
  [ 0.32729006 -2.5         0.0730443 ]
  [ 1.11482242 -0.23279461 -0.38342357]
  [-2.13976223  1.19157839  1.03197677]
  [ 0.0819987   1.11860161 -1.09424168]
  [-0.55913552  0.72065012  0.86072163]
  [ 0.37345418 -2.03478348  2.017979  ]
  [ 0.43015751 -1.43223431 -0.98250225]
  [-1.29445656  1.16332605  1.96714848]
  [-2.5        -1.88197293 -0.33186555]
  [ 0.54193912  1.06697981  0.44443111]
  [ 1.94249481 -2.5        -0.06738417]
  [-2.39537987 -0.11184633 -0.83893933]]]
Experiment	11	-22.371505131567385	54.80553786843261	158164	7	[[[ 0.28734427  1.70068331 -1.56363987]
  [-1.13475632 -0.91560003  0.76388406]
  [-1.31909857  1.89894006 -0.42654853]
  [-1.38550953  1.36329896 -1.41330685]
  [ 0.26613693 -1.02583147  1.47491001]
  [-0.33586441 -1.7039564   0.66950242]
  [ 1.71910583  0.55015033  0.8023053 ]
  [-0.8832935  -1.20020828 -1.87687982]
  [-0.4551204  -1.46441756 -0.88723608]
  [-0.7402861  -0.37717738 -0.13308914]
  [-1.61466513 -1.38665798 -0.70611685]
  [-0.43759605  0.42262748  1.00897109]
  [ 0.60611421 -0.26821007  0.58880456]
  [-1.42841397 -2.37354728  0.25131074]
  [ 2.21848773 -0.485483    1.91809645]
  [-1.99693568  0.02569677  0.45231116]
  [-2.5        -0.40195116  1.23020885]
  [-1.68259573  0.15974044 -1.16016925]
  [-2.5        -0.14126471 -0.50968759]
  [ 0.15536583  2.19484553 -0.6185902 ]]]
Experiment	12	-24.491425479501476	52.685617520498525	34675	8	[[[ 2.37827723  1.61899377  0.61302643]
  [ 1.2409717   1.21733389  0.62390386]
  [ 1.73616895  0.82398365 -1.19854552]
  [ 2.01073965  0.42994003  1.14635816]
  [ 1.2988627  -0.61389666 -1.70938473]
  [ 0.607923   -0.0393483   0.68723576]
  [ 2.5        -0.45343334 -2.06502988]
  [ 1.19219483 -1.19216655  1.29947124]
  [-1.69213251 -1.3592817   1.44828522]
  [ 1.47205983  0.38680069 -0.20870415]
  [ 0.5524599  -0.24943539 -0.36576092]
  [ 1.80819639 -2.09257326 -1.30271439]
  [-0.82572825 -1.48274771  0.2143941 ]
  [-0.46202051  0.86068599  0.54304692]
  [-0.16420094  1.3153555   1.56856187]
  [-1.22494034 -2.5         1.54182325]
  [-0.43502269 -0.53139745  1.08454236]
  [ 2.5        -0.14803494  0.44829692]
  [ 1.72294145  1.50612567 -2.5       ]
  [ 1.46762024 -0.65927776  0.35440378]]]
Experiment	13	-21.622600797039116	55.554442202960885	139821	7	[[[-9.13980696e-01  1.27434396e+00 -4.01756310e-01]
  [-1.93526350e+00 -8.76410112e-01  1.24920396e-01]
  [ 5.81875838e-01  1.03002486e+00 -2.23963069e+00]
  [-3.83046446e-01  2.16572171e+00  8.68452643e-02]
  [ 1.54070612e+00  1.20990471e+00 -1.07650304e+00]
  [ 1.35749923e+00  2.01351696e-01  6.59756977e-01]
  [-2.47635714e+00 -4.96423284e-01  1.59599323e+00]
  [-2.41582673e-01  6.25265002e-01 -8.90393704e-01]
  [ 4.38820435e-01  3.45942065e-02 -2.50000000e+00]
  [-4.65250975e-02  9.82447713e-01  7.73289364e-01]
  [ 9.67155164e-01  2.50000000e+00  2.32602398e+00]
  [-1.39680874e+00  1.08612779e+00 -1.34144694e+00]
  [-2.52845742e-02  2.11718524e+00 -1.86407950e+00]
  [-2.00601628e+00  1.04242994e+00 -2.46590338e-03]
  [ 6.54554766e-01  6.07142756e-01  2.16475963e-02]
  [-9.16210159e-01  1.34627724e-01  1.18492040e+00]
  [ 2.24156502e+00  2.46597506e+00 -2.50000000e+00]
  [ 6.89219174e-01  2.50000000e+00 -1.10640740e+00]
  [ 1.03044242e+00  1.42369254e+00  1.87949223e+00]
  [ 5.46056318e-01  1.32364075e+00 -8.82359768e-01]]]
Experiment	14	-22.302474196829568	54.87456880317043	116009	8	[[[-1.12382834  0.42769016 -0.49303387]
  [-0.51036285  1.13771279 -2.5       ]
  [ 0.29836485  2.22622371  0.68658754]
  [ 0.54566684 -0.14017963 -0.08364516]
  [-1.12510711  2.05348026  1.28279693]
  [-2.14156376 -0.81697993 -0.98800154]
  [ 0.33711289 -1.14906757 -0.08735494]
  [-1.63303524 -0.31169132  0.43648551]
  [-2.03433173  0.50245809  1.14364385]
  [-1.53257683 -2.09873492  1.14757774]
  [-1.06138522 -1.87547185  0.11285846]
  [-0.86676138  0.25857199 -1.59817297]
  [ 1.38508351 -0.9934999   0.31899642]
  [-2.5         0.27088427 -0.00905143]
  [-0.0450419  -0.62129297  0.78522884]
  [-1.9474555  -1.66917864 -1.74604324]
  [-1.13455124 -2.5        -1.00890279]
  [ 0.41137674 -1.52640912 -1.72994377]
  [ 0.09995817 -1.9477766  -0.62888933]
  [-2.17581713 -1.84364959 -0.60254289]]]
Experiment	15	-21.933901537627236	55.24314146237276	194969	8	[[[ 2.5         1.46235913 -0.11313939]
  [ 0.16151958  0.26621222 -0.94154985]
  [ 2.5         0.2061894  -1.13307489]
  [ 0.65769274  0.31915877  1.48339718]
  [-1.86355162 -0.6713065  -0.57104871]
  [-0.43027856 -2.13271126  2.5       ]
  [-0.56585755 -0.143179    1.55778232]
  [ 1.34924045 -0.80766762 -0.2707956 ]
  [-2.33517644  2.09235541 -2.38996782]
  [ 1.87649158 -0.49665686  0.82683844]
  [ 2.07826169 -1.23974859 -1.14518842]
  [-0.25918226 -1.32341104 -2.5       ]
  [ 0.1294518  -1.23930742 -1.40812609]
  [ 1.16133316  0.32578717 -0.41906195]
  [ 1.44172751 -0.87311487 -1.97328709]
  [-0.95674394 -1.3515366  -0.82244788]
  [-1.39572357 -1.29678093  0.23021385]
  [ 0.28280839 -1.0282032   0.91081193]
  [-0.2609984  -0.10387027  0.23123166]
  [ 2.05571233  0.54149529  0.15055569]]]
Experiment	16	-21.81181232177769	55.365230678222304	43571	7	[[[ 1.88435849e+00 -2.43389198e+00  1.67877460e+00]
  [-1.97158361e+00  1.28137345e+00 -6.65021922e-01]
  [ 6.92178662e-01  1.23035337e+00 -1.12204231e+00]
  [ 7.24190719e-01  2.48944089e+00 -4.91598069e-01]
  [-1.13207590e-01 -4.46859381e-01 -1.19569327e-02]
  [-1.37131435e+00  1.11290911e+00  3.70674801e-01]
  [-1.69860915e-01 -2.24010869e+00 -1.43547508e+00]
  [-1.38635489e+00  1.07970177e+00 -1.88130158e+00]
  [ 9.33360920e-01  5.58394258e-01 -1.95109118e+00]
  [-4.20177603e-01  1.08474424e+00 -1.38604993e+00]
  [-2.14637611e+00  3.18284675e-01 -1.42247189e+00]
  [ 7.68506875e-01 -2.01963412e-03  2.65951719e-01]
  [ 2.87216933e-01 -4.91549157e-01  1.18133384e+00]
  [-1.01222098e+00  2.00372626e+00 -7.89052989e-01]
  [ 4.35853843e-02  9.82772251e-01 -7.41877442e-02]
  [-2.07538536e-01  7.83122320e-01  1.68490463e+00]
  [ 1.64287142e+00  9.93740145e-01  1.25613277e+00]
  [ 3.54042567e-01  1.89268371e+00  3.13722297e-01]
  [ 1.96940154e+00  1.35906403e+00  2.39540174e+00]
  [ 2.01858073e+00  1.17805534e+00  1.49651784e-01]]]
Experiment	17	-22.161041956942093	55.016001043057905	181589	6	[[[ 0.89973725  0.87717466  2.5       ]
  [ 0.943244    0.11807742  0.25161734]
  [-1.4192039   1.79095321 -2.23252646]
  [ 0.81129593  0.06333706 -2.18035614]
  [ 0.474895   -0.22008588 -1.09109094]
  [-1.96107754 -0.26740176  1.82675543]
  [ 1.14191437 -0.70812571  0.94353094]
  [ 1.73131501  0.5844194  -1.37974616]
  [-0.59127621 -1.40604103 -1.09033716]
  [ 1.8652224   0.74415763 -0.28856944]
  [ 0.29785304  0.67668587 -0.70932155]
  [-0.26701922 -1.19724278 -0.02601038]
  [ 1.79308017  0.93189065  0.89002779]
  [-1.4927302  -0.69126013  0.91414805]
  [ 0.39345721  2.12233858 -0.39896591]
  [ 1.29692668  1.49105679  1.66146883]
  [-0.29086933  0.16508766  1.81363274]
  [ 2.06891996 -0.1342192   0.68330034]
  [ 1.06772336 -1.52352566 -1.17334754]
  [ 0.64053708 -0.87854924 -0.07213814]]]
Experiment	18	-24.209156684327787	52.96788631567221	58407	9	[[[ 0.34131443  0.13338914  1.26616974]
  [-0.60126971 -1.70708041  0.92526478]
  [ 0.30282628 -0.21432434  0.03026993]
  [-2.5         1.82263427 -1.48197511]
  [-2.27178266  2.23169839  1.35456981]
  [ 0.6860757  -2.39208557  2.5       ]
  [ 1.85638222 -0.99152164 -2.5       ]
  [-1.49046697  2.5        -1.42169484]
  [ 0.01838364  1.01356361  0.58900085]
  [ 0.91511649 -0.66735473  1.93003218]
  [ 0.49633816 -1.08983494  0.88718728]
  [-1.99807392  0.55310918  0.07956102]
  [-0.64819815 -0.49304682  1.79063853]
  [ 1.62536704 -0.30512226  0.59471231]
  [-2.37885562  1.57035982  0.42767078]
  [ 0.15445488 -1.39851075  2.00777056]
  [ 1.21279769 -1.62660311 -0.80201243]
  [ 1.36262174  0.02335754 -0.33968235]
  [ 0.10004153 -2.5         1.53231087]
  [-1.31752208 -2.27527909  1.52409761]]]
Experiment	19	-24.951228070607836	52.22581492939216	142751	7	[[[-1.4071304   0.91359005  2.22301525]
  [ 0.76242711 -0.80908011  0.78725919]
  [-1.32387028 -0.98450089 -2.5       ]
  [-0.55007792 -1.14791173  0.41290915]
  [ 0.14989613 -0.99751892 -2.20657925]
  [ 0.50300138 -1.84139674  0.47430406]
  [ 1.0543016   0.09702557 -0.32877606]
  [ 0.17111298 -1.19190159  1.6618029 ]
  [-0.72875358  0.04339587 -0.50127262]
  [ 0.02590756  0.42116096 -1.35893062]
  [-0.15268194 -0.61255769 -1.20731586]
  [-0.9593493  -1.47729105  2.5       ]
  [-1.45535486 -1.86748844  0.2302102 ]
  [-1.92496836  0.29340366 -0.21801333]
  [ 1.62292299  0.56084955 -1.39272985]
  [ 1.26388882 -1.96483574 -2.5       ]
  [-1.25790771 -0.03976868  0.77962318]
  [-1.84767895 -1.01387447  0.76593021]
  [ 0.79839277  0.1953006  -2.19327618]
  [-1.46805626 -0.4899856   1.96107005]]]
Experiment	20	-22.32370010511819	54.853342894881806	109690	9	[[[-0.44856381  0.45019646  0.79399355]
  [-1.90901449 -0.47735389 -0.32423957]
  [-0.92328382  1.76368093 -0.45033132]
  [ 1.07944471  0.18353784  0.31089352]
  [ 0.3101194   0.58243003 -1.81625559]
  [-0.18995414 -0.69161302 -0.78901712]
  [-0.50894862  0.16608034 -2.5       ]
  [-1.30556404  0.50895314 -0.47326976]
  [ 0.54586703  1.33538163 -0.02683018]
  [ 0.93748402  0.6955537  -0.99236833]
  [-1.86349298  2.12417839 -1.97364631]
  [-0.2764348   2.36523483  0.07239328]
  [ 1.91520293  0.91564457  0.26631675]
  [ 1.36169165 -1.30859556 -0.80294878]
  [-2.5         0.28500726 -1.93710033]
  [-0.4501065   0.82903918 -1.22309319]
  [-2.5         1.35561332  2.36166891]
  [ 1.73693252 -0.77982167  1.25022895]
  [-1.60186637  2.33625543  0.25824457]
  [-0.24144073  0.41656413 -0.21216246]]]
Experiment	21	-20.032341230296744	57.14470176970325	185092	8	[[[ 7.95610632e-01 -7.98114582e-01  7.64708003e-01]
  [-1.50508118e+00 -1.96379548e+00 -2.50000000e+00]
  [ 9.15222364e-01  9.32440636e-01 -5.28744749e-01]
  [ 8.41718421e-02  9.13269848e-01  1.26318536e-01]
  [-2.50000000e+00 -1.24447504e+00 -2.50000000e+00]
  [ 5.04927798e-02 -2.40775070e-01 -1.85366101e+00]
  [-2.50000000e+00 -1.38761407e+00 -1.41264149e+00]
  [-2.50000000e+00  9.97663829e-01  2.93514824e-01]
  [-1.10541945e+00  9.43863054e-01 -2.09616266e+00]
  [-8.99381446e-01 -2.21369937e+00 -1.03015499e+00]
  [-1.65235049e-01  9.44592921e-01 -1.33090544e+00]
  [ 1.88637331e+00 -2.50000000e+00  4.06017562e-01]
  [-2.79747466e-01 -1.76800814e-01 -5.63826489e-01]
  [ 5.49044902e-01  5.68289494e-01 -2.40703554e+00]
  [ 1.83794451e-01  1.71616330e+00 -2.50000000e+00]
  [-1.46890559e+00  1.26620618e+00  1.78408383e+00]
  [-6.16014179e-01 -1.19452982e+00 -1.82742615e+00]
  [-1.20507586e+00  1.37830782e-01 -9.50131067e-01]
  [ 1.94403385e+00 -7.04007246e-01  6.18786354e-01]
  [ 1.05324018e-03 -1.33325994e+00  1.58761626e-01]]]
