Experiment	1	-25.513427831179747	51.66361516882025	2424	9	[[[ 1.73288376 -0.18612647 -0.89522136]
  [ 0.21202798  2.18989198  2.45555547]
  [-0.32762286 -1.23860887 -0.14554132]
  [ 1.21339968  1.69869854  0.59948954]
  [-0.57804139 -1.59149951 -1.83471939]
  [-1.02368107 -0.51669196  0.36322076]
  [ 1.62121112  1.04387336  1.57960263]
  [-1.80399944 -0.99404353 -1.32279937]
  [-0.9604756   0.80073237 -0.43287698]
  [ 0.04371293 -1.2266936   1.42891764]
  [-0.79275147  0.16632694  1.21314562]
  [-0.86609855 -0.25827245 -0.71287422]
  [-1.2735242   0.27539401 -1.47517818]
  [ 0.60812176  2.5        -0.64728038]
  [-0.18561061  1.0983561   1.67972212]
  [ 0.27953004  0.39958717 -1.00442714]
  [ 1.2163516   1.87038849 -1.28587124]
  [ 0.28173555 -0.67463403 -1.65140898]
  [-1.18010574 -1.57201001 -0.7077881 ]
  [-0.22785308  0.26071034  0.01460303]]]
Experiment	2	-26.472276622948502	50.7047663770515	48210	7	[[[-1.09683928  0.38211857 -0.7302323 ]
  [-1.48418005  2.4237235   0.51843658]
  [-1.19245336 -0.15529211  1.5139275 ]
  [ 0.76433893 -0.2006041   0.46564115]
  [-1.23589564  1.64159769 -0.63058601]
  [-1.68909245 -0.50933972 -0.15516113]
  [-0.6048678  -0.19430367  0.58366736]
  [-0.47490848  1.08498456  0.18511574]
  [-2.5         0.63423092 -1.19390364]
  [-1.6246879   0.45607992  0.4327108 ]
  [-1.61037748  0.46347402 -1.73495193]
  [-0.20890956  1.18817357 -0.88599957]
  [ 2.4702236   1.7759576  -1.45579736]
  [-1.25852255 -1.74311845  0.89357485]
  [-1.15270365 -1.9825522   2.00215612]
  [-0.27315177 -1.69467951  2.5       ]
  [ 2.49114905 -0.62803339 -1.06329404]
  [ 0.24228824  0.47590652  1.04437884]
  [-0.58124697  0.01193103 -2.15351019]
  [-0.67456656 -0.72011523 -1.2508041 ]]]
Experiment	3	-27.734214954612764	49.44282804538723	46345	7	[[[-0.07056766 -0.30175428  0.58922172]
  [ 2.0945457  -2.17467442  1.94461659]
  [ 0.11076352  0.69675354  0.5959917 ]
  [ 0.64214676  1.02288754  1.35023079]
  [ 1.82272672 -0.03322532  1.65011289]
  [-0.90218522  0.9864347   1.06891638]
  [-0.73433943  2.0320983   0.39768712]
  [-0.49042905  1.12614847 -0.33836848]
  [-1.66599302  2.03612025  1.67577812]
  [-0.28718848  1.69717995  1.59376825]
  [-0.98686839 -0.36062746  2.3420957 ]
  [ 1.65835836  1.58818258 -0.52056534]
  [ 0.34162302  2.16585465  2.29532801]
  [-1.4309247  -2.21358106 -2.19225681]
  [ 1.160242   -0.54809568  0.71810255]
  [ 0.56438803 -0.37098032  1.97913549]
  [ 0.45684024  0.40400741 -0.53848972]
  [ 0.21015759  1.65716697  0.49071015]
  [ 0.84556788  2.03738356  1.20016556]
  [ 0.35432011  1.78967496 -0.66303649]]]
Experiment	4	-26.129329284729494	51.047713715270504	122043	6	[[[-0.39226508  0.61396098 -0.79518409]
  [-2.19814844  1.40924076  0.67382353]
  [ 0.96956874  1.79860475  1.70235339]
  [ 0.30518848 -1.12948089  0.98195449]
  [-0.96276218 -2.39416519 -0.4973625 ]
  [ 0.62061687  0.99077516 -0.51519636]
  [ 0.23331869 -1.88379439 -0.01248337]
  [ 2.5        -1.70626246 -2.43062627]
  [ 0.75088051  0.83504803  1.1003431 ]
  [-0.46791154 -1.65722412 -0.92901524]
  [-0.73962061 -1.48746344  0.36102158]
  [-1.13060608 -0.14028917 -0.21444057]
  [ 1.59158345  0.82283948  0.23987764]
  [ 1.68915094  1.68213912 -0.30121014]
  [ 0.04513235  2.33312696 -0.09493966]
  [-1.84893047  0.76100123 -0.30942525]
  [ 0.02316099  1.70795842  0.80812158]
  [-0.37273534  0.61977619  0.39935099]
  [-1.33146456  2.33331121  0.83207686]
  [ 1.1578956  -0.08493288 -0.21999846]]]
Experiment	5	-27.640092901596276	49.53695009840372	123197	6	[[[ 0.2014083  -2.20735216 -0.05580959]
  [ 0.8946363  -2.5         0.75743745]
  [ 0.68343343 -1.4846212   0.49456846]
  [ 0.80386108 -0.76496248 -1.74041601]
  [ 1.49489281  0.15418784 -1.12551866]
  [ 1.70999606 -2.00049733 -1.80516374]
  [ 2.5         0.22837076 -0.01601261]
  [-1.13946769 -0.61194119  2.24534769]
  [ 0.78967711 -1.65240215 -0.85988283]
  [ 0.22208424 -0.74704265 -0.37688382]
  [ 1.90665923 -0.54387423 -0.37712042]
  [ 0.12486655  0.42157157 -0.27261628]
  [-0.50317004 -1.55862084  0.04632137]
  [ 1.23599328  0.44088587  0.86406059]
  [-0.40236382 -1.72438324  1.20519765]
  [-0.40116357 -0.35564597  0.69162974]
  [ 2.10481318  1.78996417 -0.65834141]
  [ 2.5         0.6707563  -1.00331585]
  [ 0.53155645  1.60950198 -0.99710511]
  [ 0.87043525  1.27397397  0.19462983]]]
Experiment	6	-28.85155277387079	48.325490226129205	92069	8	[[[-0.61648654 -1.25896193  0.09144182]
  [ 1.49859143  0.90425607  0.59427348]
  [-1.62575387  0.22345772 -0.86326082]
  [ 0.80531368 -0.18719913 -0.24077303]
  [ 0.92386176 -1.95936183  0.95242137]
  [-1.42889424 -0.76030747 -1.26182329]
  [ 1.80600816 -1.68395604 -0.2637368 ]
  [-0.83136544  2.46457016 -1.51654448]
  [-0.55574564 -1.21206618 -1.9205595 ]
  [-0.04150815 -1.35645907 -0.86936854]
  [ 1.44368642 -0.61904183  0.48267458]
  [ 0.32589593  0.88863508 -0.59725828]
  [ 0.32258236  0.67493457 -1.82966245]
  [-2.17490444  1.05339604 -0.54038281]
  [ 1.15877519 -0.13990222 -1.73854739]
  [ 0.18900973 -0.19632718 -1.06174583]
  [-0.66775711 -0.43380829 -0.55832111]
  [-1.63400435 -0.6247584   0.16847631]
  [-0.69534692  0.21615099  0.4305029 ]
  [-1.55091678 -2.5        -1.13339052]]]
Experiment	7	-26.605266028397864	50.571776971602134	193243	8	[[[-2.5         1.86129067 -1.52356976]
  [-1.43084488  0.85755646 -0.65979341]
  [ 0.18196121 -0.97876923 -0.8546277 ]
  [ 1.31060674 -2.5         0.83448783]
  [ 1.70073182  0.13268159 -1.77417256]
  [ 1.61818785 -1.56850223 -2.44841958]
  [ 1.42625346  0.6753313  -0.62846442]
  [ 0.93378219  1.86753604 -1.34330395]
  [ 2.45273061 -0.52953293 -1.06093846]
  [ 1.47323731  1.93689406  1.23934678]
  [-1.44926943  1.78565738 -1.60718037]
  [ 0.63774779  0.99469343  0.26881725]
  [ 0.35098621 -0.35513854 -1.69890708]
  [-0.77314247  0.04524775 -0.23549231]
  [ 1.27819255  0.59037221  1.12832127]
  [ 0.59312746 -0.28318045  0.79022858]
  [-1.75225927 -0.25016348 -0.68142449]
  [ 0.51670865  0.00918711 -0.42211609]
  [ 1.48736209  0.08945508  0.30337257]
  [ 1.3029015  -1.02005723 -0.51888082]]]
Experiment	8	-28.65407360222296	48.52296939777703	195680	8	[[[-0.04564619  2.0448447   0.55892071]
  [ 0.29557121 -0.38585766  1.15946366]
  [-0.04584348  0.97467627 -0.43613049]
  [-0.58550708 -0.51829623  0.2143606 ]
  [ 1.74021015  0.6400959   1.35849553]
  [ 0.0535232   0.43772762  0.46399741]
  [ 0.96489385 -0.10168513  1.93758419]
  [ 0.73746175  1.00869364  1.79533514]
  [ 1.02466541  1.17392853 -1.92258566]
  [-0.30129625  1.74930859  2.36628731]
  [ 1.23496662 -1.19798168  1.45009589]
  [-1.49535905 -0.76635372  2.5       ]
  [ 0.8313242  -0.54518015 -0.21820402]
  [ 1.13242644  0.26089666 -1.21622767]
  [ 0.74849186  1.25685777  0.31846432]
  [-1.63602413  2.04364022 -0.94096052]
  [-0.04475171 -0.52038625 -0.74041573]
  [ 2.30023863  0.72761787 -0.46074819]
  [ 1.23999426 -0.13574133  0.70345773]
  [ 0.65522187  2.40652204 -2.01950649]]]
Experiment	9	-26.960465334534202	50.21657766546579	120876	7	[[[-1.73831765  2.08233983 -0.0555929 ]
  [-0.49045735  0.67427471  1.83196474]
  [-0.18327406 -0.71597177  0.37493341]
  [-0.26132316  0.91445613 -2.23235712]
  [ 2.16576544 -2.259193    1.45856032]
  [ 2.5        -0.37430747 -2.5       ]
  [-0.77475244  0.1779405   0.40364034]
  [-1.45492261 -1.16999597  0.25880948]
  [-1.13463489 -0.61463104  1.02753599]
  [-1.48674834  0.99988219 -0.37338362]
  [-1.84011264 -2.45629448  2.02097919]
  [ 0.09161504 -1.55700287  1.16101662]
  [-0.42746351 -0.88681152  2.25975151]
  [-0.84027888  1.46583908  0.32171767]
  [ 0.20018682  1.40710109 -1.12430018]
  [ 0.48815322 -0.05926674  1.06371968]
  [-2.30129064  1.91875707 -1.08962711]
  [-0.49345158  0.61271035 -0.70909629]
  [-1.44228871 -0.19484896 -0.84592928]
  [-0.96944437 -1.63780592  1.41599992]]]
Experiment	10	-26.60569262518714	50.57135037481286	68850	7	[[[-0.11401361  1.29672095  2.24063814]
  [ 1.0579895   0.61619697  2.5       ]
  [-1.07942275  1.18203102 -1.59922033]
  [-0.18948888  1.67778751  0.55042   ]
  [-1.26550492  2.42653695 -1.42113177]
  [-1.70328166  0.31554583 -1.65385843]
  [-1.6784097  -0.69670008  0.99852821]
  [ 0.08572932  0.1170336   2.42281178]
  [-0.65956447  0.55439526  0.85078333]
  [-0.48748335 -0.15050275 -1.99965195]
  [-0.51179671 -0.63449517  0.17566319]
  [-0.52191149 -0.30709869 -0.82088224]
  [ 0.01775202  0.68990019 -0.10232984]
  [-1.46998318  1.02802578 -0.19401036]
  [ 0.75787789  1.61545354 -0.06670487]
  [ 1.10641989  0.74536793  1.11999856]
  [-0.54156038 -0.68143113  1.24882244]
  [ 0.45365558  0.93718691 -1.11033402]
  [ 2.5        -1.75429517 -2.5       ]
  [-1.95883533  0.0112701  -0.48776783]]]
Experiment	11	-26.395649308904606	50.78139369109539	198200	6	[[[-0.38754905 -0.72756636 -1.76984975]
  [ 0.876903   -0.17545612 -1.6978049 ]
  [ 1.36148485 -0.66310854 -0.7340844 ]
  [ 1.21826116  1.11744997  1.69004388]
  [-0.2875519  -0.27838038  0.20586523]
  [ 2.5        -1.66080858  1.74593556]
  [ 1.50159503  0.87573695 -0.98680728]
  [-1.39949399  0.89969563  0.01882847]
  [-0.37998064  1.85064859  0.19699961]
  [-1.1848467  -0.27959108 -1.0028022 ]
  [ 0.2859969   1.97989982  1.538197  ]
  [-1.0029153  -0.92544721  0.79723617]
  [ 0.37772385  0.73812202 -0.71363444]
  [ 0.57448509  1.32703943  0.42012769]
  [-0.65587074  0.90651535  0.78751024]
  [ 2.07562075  0.27722301  0.61143622]
  [ 0.31051855  2.14734819 -1.09785864]
  [ 0.83075084 -0.09033933  1.62928545]
  [-1.659544   -0.24191996  0.12381308]
  [ 0.26205586 -0.73749762 -0.63274102]]]
Experiment	12	-26.673279822873827	50.503763177126174	199645	8	[[[-0.13709956  0.25912556 -1.62994162]
  [-1.95539254  0.96035848 -1.27001146]
  [-2.08905376 -1.22068681 -0.44626773]
  [ 1.21986616  0.46458022 -0.99662317]
  [ 1.11880179  0.49226921  1.0503017 ]
  [ 0.41500906  0.75090993  0.0385777 ]
  [ 1.22023658 -0.89483237 -1.67417623]
  [-2.5        -0.11805027 -0.3771897 ]
  [ 0.67005406  2.36313894  1.29757349]
  [ 2.28026738 -0.50881515 -0.11749168]
  [-0.80016626  0.58372106  0.72759267]
  [ 0.21175205 -0.51074355 -0.91328163]
  [-0.94601429 -0.60600713 -0.77033811]
  [ 2.01199465 -1.502255   -1.05871973]
  [-0.86742611 -1.98092425  0.86802961]
  [-0.42844813 -0.72748845  0.23667736]
  [-0.95288693  0.62974105 -0.78622318]
  [-2.09750482  0.08020051  1.06419067]
  [ 0.06880005  1.12460249 -0.84705651]
  [-1.59425959  0.31845376 -0.0531184 ]]]
Experiment	13	-27.07482981662322	50.102213183376776	131924	7	[[[ 1.19409747  1.21768365  0.91775206]
  [ 1.80698586 -0.1173233   0.23658893]
  [ 0.0068058  -1.2450438   0.34255918]
  [-0.44476055 -0.8255205   1.29469515]
  [-1.60903696 -2.06286064 -0.06106284]
  [ 2.5        -1.28153308 -1.58328803]
  [ 1.62412961 -0.10607514 -1.04431218]
  [-1.88646917 -2.00714609  1.83454924]
  [-0.45915695 -2.14943664  0.63601878]
  [ 0.48997183 -0.10826008  0.56519912]
  [ 1.31540687 -1.11160662  2.49776202]
  [ 2.00390193 -0.81401143  1.70810039]
  [ 0.97677808  0.26697128  1.47310154]
  [ 1.5649109   1.12294001 -0.17684701]
  [-0.25654368  0.65016679  1.12148297]
  [ 0.98650152 -1.11520443 -1.05005596]
  [ 1.59719958 -0.01593307  2.37536545]
  [-0.87369117 -0.80169255 -0.4433326 ]
  [ 1.13890823 -0.11404113 -2.03507541]
  [ 2.13479579  0.41532108  1.46573408]]]
Experiment	14	-26.52242521476098	50.65461778523902	48164	8	[[[ 1.04066374 -0.48656665  0.40505093]
  [ 0.6875396   1.23825408 -1.68161164]
  [ 0.4646693   0.27220707 -0.65956952]
  [-0.01878433  0.03015854 -1.891955  ]
  [ 1.51994295  2.44491081 -0.67674087]
  [ 2.15283616 -0.41077375  0.19444223]
  [ 1.52043811  0.12114674 -1.37393094]
  [-1.85216977 -0.50697359  0.2770243 ]
  [-1.80431653 -0.80200911  1.75126453]
  [ 0.5585806  -0.73614289 -1.41403703]
  [ 1.64849275  0.32276877 -0.31281055]
  [ 1.07479844 -1.54623499 -0.68719569]
  [-0.61138044  0.83597956 -2.5       ]
  [ 2.11199548  0.7209863   0.57063117]
  [-0.42431561  0.84937805  0.60168788]
  [ 0.90508473  0.61956714  0.60707977]
  [-1.07515192 -2.01357137  0.86179861]
  [-2.24765334  0.50416845  0.44852546]
  [-0.69901809  0.08250065 -0.56457977]
  [-0.37855282  1.43408734 -1.10536678]]]
Experiment	15	-27.050820005744995	50.126222994255	41240	7	[[[-0.09329065 -0.08754608 -0.57445566]
  [-0.30013725 -0.24714009  0.5062397 ]
  [ 0.77240792  1.5657347  -1.32140165]
  [ 0.77803385 -0.60000286  0.2767038 ]
  [ 0.71829954 -0.55869102 -1.54496194]
  [ 0.24723592  0.81633597  0.11319898]
  [-0.87837726 -0.83482408 -1.90370115]
  [ 0.5866708  -1.74685582  0.38899053]
  [ 0.47411486  2.18158275 -0.34618909]
  [-0.04798808  1.29489087  1.02642177]
  [ 2.5        -1.97545113 -2.22859284]
  [ 1.29968424  0.65205006  1.03548817]
  [ 0.84753195 -1.69502867 -1.0560217 ]
  [-0.62479779  1.13045453 -0.55469729]
  [ 1.54861754 -0.97427966 -0.81022665]
  [ 1.11925553  0.56051217 -0.63009581]
  [-0.40173857  0.92289666 -1.76070441]
  [-0.02131168 -0.02140488 -1.97454486]
  [ 0.80033507  0.19916558 -2.5       ]
  [-2.29563832  2.36579759  2.5       ]]]
Experiment	16	-27.86767154195932	49.30937145804067	159185	8	[[[ 1.02306774e+00  1.16869022e+00 -2.25810743e+00]
  [-9.33965164e-02 -3.02124514e-01  1.70619811e+00]
  [ 2.47882539e+00  2.64236955e-01  1.21369038e-02]
  [-6.95066597e-01  1.19109423e+00 -1.51032572e+00]
  [-6.21846537e-01 -1.66000553e+00 -1.04652399e+00]
  [-2.08018818e-01  3.21696033e-01 -2.12738568e+00]
  [ 7.97759239e-01 -2.31713547e-04 -1.24959627e+00]
  [ 1.10773526e+00  1.15061373e+00 -1.77617352e-02]
  [ 5.22227726e-01  1.36936413e+00 -1.25694952e+00]
  [ 1.58039307e+00 -2.15178428e-01  4.74078566e-01]
  [-1.10863825e+00  1.91817605e+00  6.22146677e-01]
  [ 1.46342859e+00 -1.02778004e+00 -6.72810119e-01]
  [ 4.47081019e-01 -9.09048582e-01 -9.97030075e-01]
  [ 4.93383785e-01  2.53457645e-01 -3.47253580e-01]
  [ 2.04529493e+00 -1.98364953e+00  9.04041669e-03]
  [ 1.67420048e+00  3.13598117e-01 -2.10804252e+00]
  [-7.23245250e-01 -6.06889680e-01 -1.29186754e+00]
  [-4.53181431e-01  5.68603446e-01  7.85343500e-01]
  [ 1.57182191e+00  6.19058762e-01 -1.09476892e+00]
  [-4.68181554e-02  1.42648902e+00 -4.07252373e-01]]]
Experiment	17	-29.15827050250248	48.01877249749752	69020	7	[[[-0.81392606 -0.43012011  1.4909556 ]
  [ 0.34133748  0.63181629 -0.09595502]
  [ 2.5        -1.46819142 -1.78712481]
  [-0.51764634  0.47345169  2.22180686]
  [-1.89856125 -0.50842662  2.25149532]
  [-1.3874164  -0.35770954 -1.03879398]
  [-0.65410374  0.91941807  0.40358214]
  [-0.24546863 -0.4430042   0.11398995]
  [-1.4834408   0.11329659  0.13687366]
  [ 0.57793761 -1.16704402 -0.29043614]
  [ 0.22126012  1.15407236  1.32351551]
  [ 0.26487465 -0.82469298  1.53611915]
  [-2.5         0.83375625  1.14061301]
  [ 1.06674737 -0.0753522  -1.80860135]
  [ 0.78853336 -0.10939942  0.69837819]
  [-1.27631976  1.35035665 -0.58734659]
  [-0.35278811  0.94487128 -0.95954301]
  [-1.56976111  1.45844137  1.53842479]
  [-1.69137419  0.44940492  1.7257697 ]
  [-0.00558635 -0.17533457 -0.76889907]]]
Experiment	18	-28.42288572215445	48.75415727784555	176031	6	[[[ 1.39946638 -0.75862322  0.33377884]
  [ 1.31609814  0.88312279  0.41880954]
  [-0.91921786  0.48015043 -0.50809319]
  [-2.01885082 -0.40285744 -0.02722128]
  [-1.64146478  0.39242898 -1.6923973 ]
  [-0.06474001  0.23930665 -1.23745759]
  [ 0.0039304  -0.45100122 -0.41976426]
  [ 0.14690424  1.66292572  0.9442658 ]
  [-0.9620081   1.17741851 -1.45031193]
  [-0.69801846  0.14098583  1.70149838]
  [ 0.60864781 -1.35129339  1.62288066]
  [-1.6592377   1.88495081  2.05910204]
  [ 1.45933662 -0.45995928  1.37352833]
  [-1.57139806  0.76223578  1.836161  ]
  [ 0.3484769   0.57792379  2.5       ]
  [-0.97164803 -0.44236007  0.07132371]
  [ 0.32337175 -0.40913216  1.0493366 ]
  [-0.28377996 -1.34582157  0.1122533 ]
  [ 0.86380349  1.42210509  1.74318415]
  [-0.68606824  0.4090638   0.75047413]]]
Experiment	19	-27.373530340285946	49.80351265971405	16874	9	[[[-1.94016335 -0.96280873  0.47727179]
  [-0.70321646  1.46160555 -0.64816677]
  [-0.01763273  1.63325572 -1.43754545]
  [-0.18978846  1.23831905  0.27924028]
  [-0.27179702  2.37445088  0.41406861]
  [-0.58763499 -0.14164085  0.23560971]
  [-0.82664994 -1.11230205  0.45179465]
  [-1.24581572 -0.64154647 -0.44489853]
  [-0.17802121 -0.17630712  1.63781867]
  [ 0.66058498 -0.32919586  0.8388179 ]
  [-0.70414592  0.92723786  1.80410833]
  [-1.75069106 -1.89069773  0.0187937 ]
  [-1.47595711 -1.85162587 -1.78475735]
  [ 0.91365564  1.63986707  0.07131144]
  [-1.89000914 -2.13828161  1.356111  ]
  [-0.02005019 -2.5        -0.41446997]
  [ 1.11739655  0.60408943  0.17554338]
  [-0.25011497 -1.49470028  1.37695631]
  [-0.75598893 -2.2980677   0.42743447]
  [-0.38014889 -1.74112458  2.43033203]]]
Experiment	20	-26.345990239572085	50.83105276042791	91930	7	[[[ 2.04757571e+00 -2.28102595e+00 -5.07664223e-01]
  [ 1.41599471e+00  7.57660480e-01 -1.28162959e+00]
  [ 2.50000000e+00 -8.72881444e-01  1.02380880e+00]
  [ 1.63488740e+00 -2.75122787e-01  7.30304407e-01]
  [-2.53883584e-01  1.36152972e+00  4.43359173e-01]
  [-1.41466557e+00 -1.52944985e+00  1.21980836e+00]
  [ 1.63337236e-01  5.32826150e-02  8.71757348e-01]
  [ 4.82075339e-01  1.64358539e+00 -6.43902972e-01]
  [ 3.92529057e-01 -1.56612318e+00 -2.82487086e-01]
  [-1.56436388e+00  1.53238477e+00  8.65813882e-01]
  [ 1.65283079e+00 -3.78649222e-01 -1.14582509e+00]
  [-5.26892298e-01 -5.29258984e-01  1.59466385e+00]
  [-1.92208420e+00 -1.53076230e+00 -1.86597898e+00]
  [-7.07475401e-05  1.01946532e+00  1.47476584e+00]
  [ 1.93235976e+00  1.85092463e+00 -5.88148600e-02]
  [ 7.18854339e-01  8.72641009e-01  4.34167884e-01]
  [ 7.95462955e-01 -4.47018762e-01 -1.85402373e-01]
  [ 1.74755943e+00  2.12525541e-01 -2.49946184e-01]
  [ 8.58670206e-01 -8.90332725e-01  9.96875820e-01]
  [ 2.50000000e+00  1.08474579e+00  8.40689488e-01]]]
Experiment	21	-25.24045896798167	51.93658403201833	38297	8	[[[-0.60778711 -1.77011035  0.30664319]
  [ 1.18657479  0.96064689  0.88304756]
  [ 2.19212702  0.7911877   0.28325979]
  [-1.63806542 -2.14245937  0.55080389]
  [ 1.76694853  1.6963609   0.30906031]
  [-0.10360507 -1.83430949 -0.8153828 ]
  [ 0.22700996  0.2273481   0.58078129]
  [-1.05682961  0.07389975 -0.70965229]
  [ 0.74928441  0.04174072 -1.87579398]
  [ 2.00316352 -0.56070919 -0.12828196]
  [-2.42749755 -1.70792745  2.48269275]
  [-0.38163614 -0.79328234 -1.26599381]
  [ 1.23250926 -2.12442695 -0.89578806]
  [ 2.0831401   0.97069423 -0.76730456]
  [ 0.39980299  0.38875261 -0.58039711]
  [ 1.34243958  0.42472381 -0.06399677]
  [ 1.45076811 -1.92227934 -2.10266642]
  [ 0.61573147  1.49458965  2.0203848 ]
  [ 2.25364211 -0.02943826 -1.0225592 ]
  [ 1.34182116 -1.09942479 -0.81543982]]]
