Experiment	1	-21.754883887862793	55.42215911213721	62647	7	[[[ 1.18711257 -0.61781527 -0.73406357]
  [-0.93657978  1.64250033 -1.91618215]
  [ 1.3112     -0.31887235  1.10369511]
  [-1.89680172 -1.06764444 -0.39708823]
  [-0.56889326 -1.25455746 -0.23224921]
  [ 1.91606724 -1.54708967  1.62838572]
  [ 2.5        -2.16568686  0.70873628]
  [ 0.32442832  2.03808881 -1.07066163]
  [-0.88179547 -0.35438768  0.02544177]
  [-0.35603085  1.67647179  0.40399265]
  [-0.81649364  1.15229087  1.15663078]
  [ 0.12178643  0.82020133 -1.78926592]
  [-0.11740111 -0.57075585  0.6764642 ]
  [-0.4673112   0.85326589  2.28117528]
  [-2.36793902 -0.31751749  2.08824575]
  [ 0.05046401  0.5794191   0.59607135]
  [ 0.24264671  0.2044207  -0.81129918]
  [ 1.22494446  1.50920846 -1.83398286]
  [-1.7489545   0.29607495  0.4352285 ]
  [-1.16351134  0.02804383  1.39885387]]]
Experiment	2	-24.48309057293272	52.69395242706727	122078	8	[[[-0.71654985  0.42601651 -0.22052785]
  [ 0.09192051 -1.62770404 -0.40185055]
  [ 0.0323075   0.30826206 -1.07420181]
  [-1.10499018  1.59235694 -1.10484597]
  [ 1.79736082  0.45616665  1.65621398]
  [ 0.07180667  2.42521828  2.5       ]
  [-1.67453942  2.31701835  1.39973724]
  [ 1.41120525 -0.6742154   1.2562854 ]
  [-0.48404303 -0.24420585 -2.39730022]
  [-0.0981639   1.54947127 -2.5       ]
  [-1.553696    2.5         0.41895574]
  [ 0.59117262  0.23190229 -2.24022303]
  [-0.5141293  -0.45560724 -0.56003151]
  [-0.92282578 -1.25909359 -1.49751424]
  [ 0.92738303 -0.46494231 -0.2258119 ]
  [-1.04382048 -0.22973942 -1.44915184]
  [ 0.13962573 -0.90215625  1.2459906 ]
  [ 0.65841159  0.26712514  1.78503614]
  [-0.70824278  0.89262303 -1.88270566]
  [-0.35135768 -0.0579849   0.72335305]]]
Experiment	3	-22.133209310401686	55.043833689598316	191633	7	[[[-7.56380792e-02  5.19693541e-01  8.05266745e-02]
  [-1.17294388e+00  9.52851015e-01  4.39175678e-01]
  [-9.27400289e-01  1.71128651e+00  1.21346525e+00]
  [ 1.82704979e-01  1.56087082e+00  8.58555620e-01]
  [ 1.07574692e+00  1.40100724e+00 -9.90922954e-01]
  [ 2.50000000e+00  1.53460153e-04  1.57608914e+00]
  [ 2.23007329e-01  1.37461792e+00 -2.25526772e-01]
  [-1.05853784e+00 -8.40603288e-02  5.61814712e-01]
  [ 1.47099898e-01  7.64169960e-01  2.50000000e+00]
  [ 2.11386019e-02 -1.53934757e+00 -2.49834445e-02]
  [-2.12370187e+00  1.34018675e+00  1.50763757e+00]
  [-1.60078120e+00  1.48189213e-01 -4.36116753e-01]
  [-2.32091298e+00 -1.67949317e+00  2.88524417e-01]
  [-5.01553308e-01 -6.64601052e-01 -3.27002401e-01]
  [-5.39295956e-01  2.50000000e+00  5.89885856e-01]
  [-2.12000336e+00  1.26521932e+00  3.62985351e-02]
  [ 1.63258109e+00 -1.76841187e+00  2.07200492e+00]
  [ 9.13903746e-01 -1.93352596e+00  9.34195478e-01]
  [ 8.05510536e-01  2.14386039e+00 -1.81631814e+00]
  [ 1.35211574e+00 -8.65459219e-01  1.55919393e+00]]]
Experiment	4	-25.323313915839044	51.85372908416095	18839	9	[[[-0.95110497  1.160074   -0.21578992]
  [ 1.76014809 -1.23823743  2.04883355]
  [ 0.49492423 -0.53671227  2.18260987]
  [-0.18840417  1.44799028 -1.80564351]
  [-0.21971011  0.70158602 -0.97234465]
  [ 1.16529403 -2.08906843 -2.5       ]
  [-0.12109866  2.5         0.69992461]
  [-1.01129832  1.50146892  1.05518363]
  [ 0.06342674  1.15814662  1.14612218]
  [-1.30440688  2.5         1.73606229]
  [-0.62280412  0.91737581  2.1543824 ]
  [-2.00445828  1.00112629  0.70414846]
  [-1.67628997 -0.53643407 -0.8666493 ]
  [ 0.46317237  2.5        -0.80909426]
  [-1.13576727  0.41100099  0.47960279]
  [-1.60455026  0.12285641  1.6083773 ]
  [ 0.14568427  1.59707685 -0.27906351]
  [-2.17980595  2.21403725  1.06127461]
  [ 0.21946203  0.16019024  0.7968324 ]
  [ 1.28840744 -1.54045915  0.4720212 ]]]
Experiment	5	-23.119699336844086	54.05734366315591	97915	8	[[[-0.53013915  0.05474897  1.74766972]
  [ 1.01718846  2.34115517 -0.25199554]
  [-2.5         1.8586846  -0.45634705]
  [-0.77124641 -1.04369946  2.22919921]
  [-0.36489539  1.48808122 -0.31334355]
  [ 0.06105945  2.5         0.68262425]
  [-1.56678246  0.54728324 -0.35216856]
  [-0.10308888  1.23938034  1.27761247]
  [ 0.10939077 -0.55517426  0.8438815 ]
  [-0.11996318  0.36776983 -0.17629736]
  [-0.0872065  -1.40177113  1.51476516]
  [ 1.86535381  2.49255521 -1.01222829]
  [-2.5         1.21556543  0.69373306]
  [ 1.46379976 -0.77090553 -1.43583481]
  [ 0.75335044  0.71585196  0.73853598]
  [-0.97503828 -0.91731672  0.76795853]
  [-0.67073274  0.88541163 -2.41737379]
  [-1.58445858 -1.57374064  1.59243099]
  [-1.14009942  1.95680634  0.82500701]
  [-2.00051338  1.09631866 -1.15071622]]]
Experiment	6	-23.091262259744404	54.08578074025559	69137	7	[[[-0.14473423  0.40567662  0.3996292 ]
  [-0.44878605 -1.87864694  0.47044633]
  [ 0.57206885 -0.03836657 -0.24886722]
  [-1.32435405  2.10967758  1.08421555]
  [-0.54863736  1.14713188 -0.90113767]
  [ 0.47167581 -2.428358    0.25587568]
  [ 0.72857442  1.90001638 -1.64727443]
  [-2.15440108  1.01975425  0.47389706]
  [ 0.40458138 -2.0999412   1.30838849]
  [-0.48071211  2.01041318  1.99573922]
  [ 1.32463629 -0.34877826 -0.87167529]
  [-1.12070917  0.5818859   0.50269172]
  [ 0.73525629 -1.68003394 -1.15720918]
  [-2.5        -0.27599807  1.2445462 ]
  [-0.2375974   1.42604155  0.19132793]
  [-1.88766994  0.9148535  -0.63051229]
  [-1.51674087 -0.3895417   0.55188265]
  [ 0.86855919 -1.22945055  0.31732911]
  [-1.12491284 -0.04906056 -0.63133409]
  [ 1.82548955 -0.18249457 -2.49415076]]]
Experiment	7	-25.068371955514277	52.10867104448572	64440	6	[[[ 0.81812588  0.50804387  0.25124862]
  [-0.23074493  2.5         0.58123677]
  [ 0.14060932 -1.36049917 -0.82113976]
  [ 0.30913009  1.50508908  0.5185022 ]
  [ 1.31695197 -1.42445361 -0.8944376 ]
  [-0.28167817  0.13594023 -0.65961311]
  [ 1.07515718  1.11962939  1.37617529]
  [ 1.54452251 -0.22415743 -0.59913462]
  [-0.06772891 -2.0998412   0.81943014]
  [-2.4589044  -1.83670817  0.96681184]
  [ 1.26134249  0.4667839   2.16870592]
  [-0.21356077  0.27464704  2.19513052]
  [-0.17459619  1.51323001  1.61286743]
  [ 2.5         2.32401116  2.5       ]
  [ 0.48763784 -0.61051509 -0.07023225]
  [-1.58579209 -2.5         1.22973701]
  [ 0.63620281  1.32871291  2.5       ]
  [-2.5         0.36477818  0.85899558]
  [-0.71168947 -1.00597022  0.43294755]
  [ 0.53237906  2.32784398  1.69950194]]]
Experiment	8	-21.793270763921633	55.383772236078364	10697	9	[[[ 0.30180794  0.51940227 -0.97009583]
  [ 2.5         1.03178335  2.38892326]
  [ 1.07022918  0.72095138 -0.03322269]
  [ 0.49177354  0.20157306  0.83248413]
  [ 2.29095001  1.49037745  0.76219718]
  [ 0.70137101  0.52722363  1.93391653]
  [-1.17995032  0.45701505  1.7198183 ]
  [-1.2158113  -0.20665698  0.62059897]
  [ 1.52012662 -0.21637837  0.5076762 ]
  [-0.54864468 -1.47689272 -0.12771557]
  [ 1.02333974 -0.84035329  1.47366025]
  [-2.25536527 -2.14892618 -2.5       ]
  [ 2.5         2.5         0.67834449]
  [-0.83878923 -0.02879432 -0.84557583]
  [ 1.72626026  0.58021765  1.13615069]
  [-1.38579467 -0.78388692 -2.5       ]
  [ 0.42151285 -1.0672626  -0.77664989]
  [ 0.20722937 -0.78534937 -2.24397783]
  [-0.02361246 -0.3892421   0.16345328]
  [ 1.36147178  1.62245278  0.04579404]]]
Experiment	9	-22.147127251995876	55.02991574800412	149144	8	[[[-0.35052303 -2.02060217  0.42943892]
  [-0.37873902 -1.54867092  1.89580257]
  [-2.2018251  -1.58182881 -2.34629638]
  [ 1.3118724  -1.44788818  0.98377957]
  [ 0.43031193  0.68967632  0.85221752]
  [-0.94026067 -1.13797387  1.05642916]
  [ 0.19892981  1.62953781  2.38816076]
  [ 2.07966204  0.58942714  1.722366  ]
  [ 0.11454999 -0.81683022  2.5       ]
  [ 0.51628076  0.58193903 -0.94865129]
  [-0.34192063 -0.06013749 -1.16628733]
  [-1.96999256 -0.12553037  1.41274194]
  [ 1.00028169 -0.12123225  1.70601397]
  [ 0.72442081 -1.64878753  1.96878658]
  [ 1.6076528   0.9124273  -0.10301643]
  [ 1.92236823 -0.7328381   0.38976417]
  [-1.74013401  0.60788142  2.2095193 ]
  [ 2.11258612  1.39438129  0.90972801]
  [-0.14668708 -0.13625337  1.70739088]
  [ 0.44392758  0.0898088  -2.08091583]]]
