Experiment	1	-28.191419764099827	48.98562323590017	11378	9	[[[ 1.59108132  0.74147604 -2.5       ]
  [ 1.80260926  2.37409461  1.91702769]
  [-0.40951633  0.85686765 -1.69129904]
  [ 0.82516567  1.81764042  2.5       ]
  [ 0.66025424 -0.24493427 -1.01906143]
  [-0.78844353  0.17500304  1.2882382 ]
  [ 2.06843508  2.13556109  0.83929332]
  [-1.40748492 -2.5        -2.5       ]
  [-0.49001543  2.12148583 -1.81710352]
  [-0.86780157  0.83794359  0.23368   ]
  [ 0.12832035  1.03037157  1.70593372]
  [-0.09774079  0.41138907 -0.66571551]
  [-1.52713006  0.50467752 -1.39673657]
  [ 0.28673047  1.11319333  0.36597622]
  [ 0.56930481  1.87297713  1.24050821]
  [ 1.31524756  0.32662035 -1.51718216]
  [ 0.98513208  1.31565482 -1.79960392]
  [-1.28173955  1.45888871 -0.60956289]
  [-1.54911082  0.38218161 -0.41590369]
  [ 0.46750308  1.39387965 -0.75857175]]]
Experiment	2	-27.02689728415878	50.15014571584122	25566	8	[[[ 0.32181673  1.75598522 -1.42227871]
  [-0.5179899   1.74340912  1.01081753]
  [-1.43555795  1.88404605  1.72788668]
  [ 0.1224419   0.01246854 -0.24799032]
  [-0.7110051   0.6055171   0.53716019]
  [-0.79369859 -2.05521797  1.57287017]
  [-0.53134742 -0.66210225  1.62834604]
  [ 1.41899928 -0.223112   -0.40336103]
  [-1.52515958  0.54498499 -1.46399453]
  [ 0.4696296   0.4513174   2.24234922]
  [-0.94087121 -0.27598903 -1.01694415]
  [-1.70873059  1.45792228  0.06002825]
  [-2.23812829  1.49391559  1.18861575]
  [-0.57035187  1.64773035  0.01779464]
  [-1.6254944   0.35464473  1.53033768]
  [ 1.31876136  1.04063257 -0.95519041]
  [-1.44679287 -0.26161436  0.58263122]
  [-1.46711186  0.48816803 -0.19030931]
  [ 0.32219032 -1.21465729  1.03722915]
  [-2.37306107  0.14745216  0.75047108]]]
Experiment	3	-27.997144899690113	49.179898100309885	67092	8	[[[-1.32776171 -1.18698518  1.51599149]
  [-0.3973027   1.68855245  0.82932286]
  [ 0.58072231  1.04205109  1.05442829]
  [-0.50914581 -0.99342193 -0.49152672]
  [ 0.86819725 -0.12903464  0.83445371]
  [-1.83045215  0.63621781 -0.10296891]
  [-1.12565556  0.88472942 -1.16187035]
  [-0.30889087 -1.94864371 -1.31596746]
  [ 0.48188524 -1.1109694   1.07111675]
  [-1.27114283 -0.2281125   0.99977509]
  [ 1.03402101 -1.78889645  0.2623299 ]
  [-1.60995846 -0.36998137 -0.17620291]
  [-1.89516211 -1.94010631 -0.13197119]
  [ 1.17411373  0.69718272  1.99212399]
  [-0.25419548 -1.90405468  0.40165998]
  [-0.4155977  -0.22585073  0.36333794]
  [-0.08703542 -0.10789576  1.33415772]
  [-0.3230252   0.93518705  2.15453113]
  [ 1.49454365  1.65086683  2.5       ]
  [-1.0313663  -2.302728    1.46202093]]]
Experiment	4	-27.484668761103947	49.69237423889605	68045	8	[[[ 0.73167806  0.4677755  -1.03273903]
  [ 0.23491928  0.10034716 -1.80693388]
  [ 0.38492426  0.22582352  0.15561153]
  [-0.13714746  1.04226222  0.40691893]
  [-0.92759247  0.28804004  1.02487681]
  [-0.40098322 -0.11126832 -0.79978031]
  [-0.7754028   2.5         2.1037035 ]
  [-1.2437852  -1.16007745  1.11937626]
  [ 1.17694043  0.38231664  1.15384006]
  [ 0.46698193 -0.8415954  -1.29879473]
  [-0.36232609  1.59883487  1.42624613]
  [ 1.96182244 -0.08792029  0.64740214]
  [-0.71947446  0.86332393 -0.77234025]
  [-0.70384552 -1.0977863  -1.73622562]
  [-0.56179998 -1.08178439 -0.04835067]
  [ 1.29165424  0.06278322 -2.5       ]
  [-0.15168455 -1.28640986  1.38786471]
  [ 0.40061964  1.9037504  -0.75679303]
  [ 1.72302223 -0.42396396 -0.62346683]
  [ 0.97658098  1.07786907 -0.03381222]]]
Experiment	5	-27.401682368758507	49.77536063124149	67055	8	[[[ 0.22656189  1.08983933 -1.79670356]
  [-0.2130458   0.33149372  0.54003161]
  [-1.02613805  0.49919688  1.37534152]
  [-0.92945055  1.51118776 -1.84376262]
  [ 0.53354022 -0.5304071  -0.62852543]
  [ 0.19417865  1.21106355 -0.67538371]
  [ 0.24658096 -1.22833835 -2.35548172]
  [-2.44808889 -1.17021614  0.15612046]
  [-0.39361193  0.24304917 -0.54693095]
  [ 0.50674917  0.02174199 -2.32028391]
  [-0.18401005 -1.63532709 -0.15752166]
  [ 0.50135787  1.9595328   1.01728265]
  [-2.22430683  0.47988421 -2.42659834]
  [ 1.13817603  0.0776019   0.40910871]
  [-1.54258148 -0.25120995  0.15590249]
  [ 0.76150041  1.10780934  0.13437354]
  [ 0.41064725 -0.05669753  1.26980465]
  [-1.51551909  1.2473184  -0.78096082]
  [-0.34320381 -0.6764862   0.68109899]
  [ 0.11899484  0.98607615  1.63192201]]]
Experiment	6	-26.33745875484215	50.83958424515785	120475	7	[[[-0.75214303 -0.43829388 -0.53611218]
  [ 1.73847333  0.36749397  0.69121008]
  [-0.33349232 -1.26358919 -0.1329808 ]
  [ 0.73544189 -0.83252193 -0.9477124 ]
  [ 2.5        -0.98397418  1.75751669]
  [-1.11352512  0.42268141 -0.87794661]
  [-0.69693273 -1.73765911 -1.49516455]
  [ 0.04908858  0.86961055  0.1276627 ]
  [ 1.78761724 -1.8797222   1.22131005]
  [ 1.9333057   1.9873331   0.53304102]
  [-0.81016296  0.64286206  0.68441654]
  [-1.15437529 -0.33321475  0.50963703]
  [-0.85676807  1.45153818 -1.26741901]
  [ 1.30054555 -0.12079441 -2.29524171]
  [-0.35444881 -0.1974427  -1.48503955]
  [ 0.22915107  0.75289018 -1.06218098]
  [-1.7725411  -1.27810266  0.02765817]
  [-1.9988271  -0.56502689 -0.88199547]
  [-1.35178274 -1.93856449 -0.54971595]
  [-0.08354239 -0.21381219  0.50502916]]]
Experiment	7	-29.332983262511142	47.844059737488855	134679	7	[[[ 2.31483608 -2.5         2.49986991]
  [-0.993089   -0.23294219  0.21004771]
  [-1.32851209 -0.93832985  1.99089279]
  [ 0.05765023  0.67378822 -0.88406102]
  [-0.75873817 -1.40581546 -0.91513733]
  [-1.32385835  1.02644434  0.56514556]
  [ 0.23487761  1.64524153  0.1389721 ]
  [-1.28422743 -1.89314764  1.11390447]
  [ 2.10350584 -0.32151783  1.74252048]
  [-0.56658305 -0.67072316  1.13072081]
  [-1.78576621 -0.55734803  0.99607753]
  [-1.70689347 -1.93912154 -1.05723153]
  [-1.023406   -2.16659149  0.0138808 ]
  [-0.36244354 -1.008609    0.06210263]
  [-0.10457341  0.46623613  1.65965276]
  [-0.27602508 -1.76963085  1.37731754]
  [ 0.72196485 -0.24915368 -0.21571647]
  [ 2.18970202 -1.71652797  1.25451929]
  [ 0.39921257 -1.93127134  0.58651611]
  [-0.21023323  0.43402452  0.52225433]]]
Experiment	8	-26.252973439658682	50.924069560341316	87378	7	[[[ 1.19008569 -2.02059038 -0.1530406 ]
  [-2.43575618 -1.15823959 -0.50360563]
  [-1.06340005  1.83377707  1.77406061]
  [ 0.20028156 -0.08201104  0.81472498]
  [-0.22180996 -0.27814367 -0.05967383]
  [-1.89644986 -1.02316654  0.75535895]
  [-1.00462133  0.36598193  0.2470949 ]
  [ 0.65951694  0.20090435 -0.89971571]
  [-0.64891972  1.05565485 -1.0934082 ]
  [ 1.15758348 -1.14096402 -0.78867256]
  [ 0.49147517 -1.17499015  0.74034117]
  [ 0.63021046  1.53585738 -0.82895072]
  [ 1.2472283   0.88682526 -1.41962824]
  [-1.87148891 -1.85937351  0.0847478 ]
  [ 0.28635833  0.72306281 -0.13048878]
  [-1.83442476  0.76733795  1.90362907]
  [-1.20545    -0.51433909 -0.66983455]
  [ 2.30653388  0.63177727 -0.87459725]
  [-0.13748708 -1.36853035 -0.36046146]
  [ 0.47846004  0.18046725 -2.17425262]]]
Experiment	9	-26.263629585443887	50.91341341455611	70784	6	[[[ 0.94513464 -1.06068469 -0.95777965]
  [-1.75389142  1.27786827  1.34252101]
  [ 0.745975   -0.00561074 -0.6541169 ]
  [-1.70600506  0.48726759 -0.85803666]
  [ 1.08205796 -1.70790218 -1.97291077]
  [-0.56746172  0.54839714  0.62955404]
  [ 0.07708798  0.98820475 -0.13256776]
  [ 0.77385797  2.01599763  2.33775245]
  [ 0.31036221  0.14226773 -1.71611411]
  [-0.59410497  0.6620307  -1.01986335]
  [-0.17671834 -0.71654055 -0.79728005]
  [-1.85565722 -0.01248425  0.17142162]
  [-1.2025669   1.21355122 -0.04690699]
  [-2.18634665  1.85652499 -1.11784878]
  [ 0.7788857  -1.79261282 -0.2872649 ]
  [-2.07364838 -2.18152851 -0.41020242]
  [-0.10420579  1.64355509  0.88565726]
  [ 2.5        -1.09205782 -1.33771091]
  [ 0.07705961 -2.49301141  0.68893194]
  [-0.72001671 -0.28625929  0.09694033]]]
