Experiment	1	-24.50829285679346	52.66875014320654	183540	8	[[[ 2.26105037 -1.81986505 -1.43701112]
  [-1.28580413  2.04272298 -0.29226837]
  [-1.84153854 -0.17406043 -0.72549405]
  [ 0.86587133  1.14927228 -0.87664315]
  [-0.71045225  0.35221344 -1.23282452]
  [-0.32301678  1.53468418 -0.89442667]
  [-0.80040716 -1.49996301 -0.09810414]
  [ 1.68212172  0.2199595  -0.79624507]
  [-2.5         1.45324403 -1.43814148]
  [-1.75349831  0.92915288 -0.48204025]
  [ 0.29015381 -0.163955   -1.07820499]
  [-1.76248133  1.66292043 -2.34293315]
  [-1.3546891  -0.37199079  0.29865763]
  [ 2.22080686 -0.67627617 -1.84530869]
  [-1.66779025  0.20485825 -1.87314994]
  [ 1.18804423 -1.82746156 -0.54368406]
  [ 2.5        -0.75870599 -0.71721275]
  [ 0.3061929  -2.5        -0.43902544]
  [-1.8021382  -0.13661947  1.35758547]
  [-0.76307995  2.25231871 -1.7819493 ]]]
Experiment	2	-27.305429710398602	49.8716132896014	56107	7	[[[ 0.20662401  0.20324618 -1.51697787]
  [-1.31313389  1.77308332  2.2676627 ]
  [-1.14636275  1.03247312  1.20747458]
  [ 1.45585431  1.35935949  1.67990348]
  [ 2.16256542  0.44946603  0.87710507]
  [-0.32402857  1.0917037  -0.55434059]
  [ 1.31474577 -1.87283498  1.78500211]
  [ 0.48296699 -0.90882481 -0.76214282]
  [ 1.2074805  -0.39506454  1.14242235]
  [-1.53076789  0.82365031 -0.03438792]
  [-1.41347003 -0.56686517 -0.51139791]
  [ 0.2770677   0.83856467  0.4283743 ]
  [-1.03771586  0.07317236  0.54854417]
  [-0.71600314  0.65936817  2.23764959]
  [ 0.02342947  1.62067834  1.18283131]
  [ 0.63924419  0.69484113  1.53954245]
  [ 0.37527741  0.86644136  2.47730924]
  [-1.77989986  1.8120996   1.12415752]
  [ 0.54087153  2.49380993  0.39174158]
  [-0.29653511  1.85579875  0.16387352]]]
Experiment	3	-25.72928290757547	51.44776009242453	195735	7	[[[-0.59199348  0.436405   -0.67186636]
  [ 1.15393928  0.2104671   1.37645004]
  [ 0.48442658  1.07459644 -0.64606743]
  [-0.30939587  0.8323338  -2.06804403]
  [ 0.10993682 -0.41325876 -0.23933811]
  [-0.30989488  0.1226035   0.645225  ]
  [ 0.45557689 -0.18043415  2.09344852]
  [ 1.20299487 -1.02140866 -1.58821491]
  [ 0.8080041   1.04091435  0.90844361]
  [ 0.6250016  -0.77635251  1.19176345]
  [ 2.11165535  1.10079935 -0.40299406]
  [ 1.19982454 -0.15535632  0.38629543]
  [-1.21945494  1.78454787 -1.09712977]
  [ 0.66967904 -2.35316086  0.22669688]
  [ 1.7908288   0.74380188 -1.61357335]
  [-0.95762634 -0.72435017  0.81728274]
  [ 0.18317883 -0.44440078 -1.44983209]
  [ 1.05344467  1.04921082  1.99839212]
  [-2.05318423 -0.83302151  0.44232695]
  [ 2.00924086 -0.86461083  0.78124239]]]
Experiment	4	-29.058684181052033	48.11835881894797	91598	8	[[[-1.42838781  2.13139549 -0.78631493]
  [ 0.79130696 -0.0492974  -0.84740869]
  [-0.93653755  0.43179037 -2.12817053]
  [ 0.64659045 -0.38123559 -1.90377636]
  [ 2.23017642 -2.5         1.10503452]
  [-1.40644853 -0.05657819  0.18098427]
  [ 0.56282255  1.25008987 -0.11805673]
  [ 1.59190676 -1.38118655  0.91499554]
  [-1.91072212  1.14043849 -0.75719973]
  [ 1.06970305  1.04315589 -1.41637673]
  [-0.79175442  0.47411841 -0.59184071]
  [-1.31059109  1.75422043 -2.20854459]
  [ 1.60040472  0.53325639 -0.44242233]
  [ 1.05164755 -0.97335956 -0.29242655]
  [-0.73936032  1.31062118 -1.27603254]
  [-0.43801886 -0.99563738 -0.46915492]
  [ 1.5613586   1.58466754  1.31019177]
  [-1.42299887 -0.61134296 -0.91373691]
  [-0.18557712  0.28810398 -1.46714994]
  [ 2.2650694   0.37397893 -1.55327015]]]
Experiment	5	-25.694224880754412	51.482818119245586	8887	9	[[[ 0.42921675 -0.5784078  -1.37068463]
  [-0.36221559 -1.10413621  2.11607628]
  [-0.56456397 -0.24849244 -1.78763416]
  [ 1.01218545 -2.5         1.96220681]
  [-2.28924895 -1.07330054  0.38062999]
  [-0.13583421 -1.1308819   0.17102403]
  [ 0.68355748 -0.08615856 -2.24650981]
  [-1.01452368  0.47811436  1.90600169]
  [ 0.3200473   1.60536385 -2.13642089]
  [-1.34010838 -0.19541073  1.20012001]
  [ 0.27481666  0.46401308  0.96071221]
  [-1.73107534 -0.20305852  0.08135775]
  [-2.46677432 -0.88692499  1.51674197]
  [-2.34332007 -2.5         1.89644056]
  [-0.88449166  0.82254949  0.85618108]
  [-1.49486501 -2.02201545 -0.01237955]
  [ 0.5038765  -0.13778466  0.14031044]
  [-0.29901555 -1.27460102 -2.06221148]
  [-0.61848484 -0.22193469  0.29720913]
  [ 0.15661963 -1.69445258 -0.98217521]]]
Experiment	6	-30.16445413273673	47.01258886726327	126199	5	[[[ 1.03854595 -0.12331778  0.3607653 ]
  [ 2.03353646  0.92782109  0.48538791]
  [-1.03538977  1.75868252  1.84308516]
  [-1.75311412 -0.58812103 -0.16884181]
  [-1.5872387   0.46822494 -1.05839242]
  [ 0.07381024 -1.40256767 -1.00642028]
  [ 0.29882537  0.76274056 -0.84794357]
  [ 1.16215264  2.5        -0.5767561 ]
  [-0.26605186 -0.23734001 -0.84687425]
  [ 1.97262655  1.72375052 -2.48054241]
  [ 1.35852409  1.09598904 -0.50891728]
  [ 0.22145582 -0.17914092 -1.88912089]
  [ 0.11448711  1.00037014 -1.90224193]
  [-0.06671918 -0.2503139   0.51432752]
  [ 1.09502123  1.14450992 -1.68653518]
  [ 0.82117003 -0.0816169  -0.96881545]
  [ 0.15479694  1.89327866 -0.86223691]
  [-0.96885183  0.16231973 -1.881163  ]
  [-1.23823554 -0.81903418 -1.42835118]
  [-1.52487699 -2.5        -0.25429783]]]
Experiment	7	-25.191138665084626	51.985904334915375	5158	9	[[[-0.99834261  1.4084859  -0.86748456]
  [ 1.77760842 -0.17436442 -0.80986851]
  [ 1.09819211 -0.07765621  0.4824437 ]
  [-1.94881003  2.13315189 -2.21829297]
  [ 1.67529662  0.93570389 -0.17590235]
  [-2.08677575  0.41598245 -0.4194329 ]
  [ 1.87398823  0.78505475  1.22754219]
  [ 1.01105921 -1.07776915  1.09868842]
  [-0.54330223 -0.86106707 -0.12637482]
  [-0.45697843  2.16019684  1.94698113]
  [ 0.90202113  0.5815794   1.56967922]
  [ 0.89227958 -0.10782919 -1.83623577]
  [-1.62013991  1.35649826 -0.00470804]
  [-0.03351641  1.0436205   2.26382985]
  [-0.7191508   2.07231225  0.27110627]
  [ 0.03556712  0.10192076  0.70471594]
  [-0.20182159  1.00016444  0.93776443]
  [-0.65955899  0.65335403 -0.09818552]
  [ 0.73710924 -2.5        -0.45882516]
  [ 0.78004933  0.21824621 -0.59515917]]]
Experiment	8	-26.375147296799422	50.80189570320057	98726	8	[[[ 3.95938155e-01  1.75567385e-01 -3.92496859e-01]
  [-1.52197822e+00 -1.40173854e+00 -1.01365178e+00]
  [ 6.02168972e-01 -1.91627535e+00 -7.83895958e-01]
  [-2.89324462e-01  1.41491579e+00 -5.41399440e-01]
  [-2.97250468e-01 -2.37476246e+00 -2.96414823e-01]
  [ 2.15180442e+00 -5.92001634e-01  3.62624991e-01]
  [ 3.38387981e-01  6.39211893e-05 -1.55272601e+00]
  [-8.01019507e-01 -2.19207368e+00  6.09970436e-01]
  [ 1.37052718e-02 -1.19582388e-01  9.38719911e-01]
  [-1.09877259e+00 -1.03229042e+00 -1.26981266e-01]
  [-1.98645963e+00 -1.31111425e+00  1.15997459e+00]
  [ 3.04734990e-02 -1.45651392e+00  4.06735446e-01]
  [-1.72781601e+00 -2.50000000e+00 -3.72353515e-01]
  [ 1.35284430e+00  1.61550247e-01  4.12776486e-01]
  [-9.52390910e-01 -2.38556185e+00 -1.25254978e+00]
  [-8.54755196e-01 -6.22140503e-01 -1.39475873e+00]
  [-2.02418023e+00 -2.50000000e+00 -1.40920828e+00]
  [-1.09253825e+00  1.92335789e+00 -1.80823050e+00]
  [-1.19428658e+00  1.53174701e+00 -4.17083647e-02]
  [ 8.48962725e-01  1.42958348e+00 -3.71590221e-01]]]
Experiment	9	-27.381536487337367	49.79550651266263	115905	7	[[[ 1.47558446 -1.28386142  1.9083847 ]
  [-0.31553269  1.01530497  0.89158641]
  [ 0.3614483  -0.85893188  1.96748004]
  [ 1.41783371  0.19145153  0.22193511]
  [-0.46476329 -0.97394986  0.91756268]
  [ 1.66745925  0.21804768 -2.44964977]
  [ 0.10276263  0.08122682  0.29099244]
  [-2.03900987 -1.74471248 -0.55779485]
  [-0.30951853  0.22103348  1.55191719]
  [ 0.57331437 -1.7274451   1.02135086]
  [ 1.61836034 -1.49122925 -0.53467771]
  [ 0.773798    0.80914192  1.1221839 ]
  [-0.34130914 -0.79189029 -1.42524038]
  [ 0.73495054 -0.50846734  0.89963485]
  [ 1.49774675  0.06942976 -0.88945731]
  [-0.26380859  1.16318402 -0.51791692]
  [ 1.21079535  1.19365043  0.01356806]
  [ 0.05793616 -0.85267189 -0.04961036]
  [-1.37031621  0.72802068 -1.34055528]
  [-1.38123864 -2.02363226 -1.99697874]]]
