Experiment	1	-21.991345367439173	55.185697632560824	57204	8	[[[-0.41455959  1.10549204  0.32747327]
  [ 0.55057153 -1.98860759 -1.69065216]
  [-1.57904502 -1.90463214  1.88760633]
  [-0.02031873 -0.8375279  -0.96877186]
  [ 0.67672791 -1.09887281  1.37450277]
  [-1.22212507  0.24218741  0.36499883]
  [-0.8125413  -1.35266908  0.01252413]
  [-1.39780777  1.90524819  1.38666013]
  [-2.5         1.89217464  0.05557183]
  [ 1.03044848  0.55785203  1.91751552]
  [-1.04237052 -0.39406921 -0.45728417]
  [-1.289303   -0.35823592  1.31044211]
  [ 0.96529344  1.6883177   1.59764814]
  [-0.69190803  0.5168697   1.30585262]
  [ 0.58289879  0.07622499 -0.16731276]
  [-1.3183648  -1.40681271 -1.1620615 ]
  [ 2.48301591 -1.08285659  0.20468597]
  [-1.25535157  1.7709587   0.18175095]
  [-1.27044378 -2.3588884  -0.23333344]
  [ 0.53517538 -1.6080462   0.07619952]]]
Experiment	2	-25.132568108043223	52.044474891956774	107907	7	[[[-1.50976389  0.57162378 -0.71686485]
  [-0.59520536 -0.1460378  -0.93975366]
  [ 2.4627767   1.32010525  2.5       ]
  [-0.85504647  0.82346155  1.06820914]
  [-2.5        -0.15346098 -1.76812907]
  [ 1.63487595 -2.5        -1.13511312]
  [ 1.2790534  -1.61888568  2.5       ]
  [-0.39533159  0.87074344 -1.30203853]
  [-2.5         0.91132861 -1.29841973]
  [ 2.5        -2.5        -0.24860512]
  [-1.59714259 -0.590688   -1.08330164]
  [ 0.7456374  -1.9254677  -0.76242001]
  [ 1.07544804  0.67002313 -1.32903297]
  [ 1.84318558 -1.3948399  -1.31296234]
  [ 0.12224503  0.42102928 -2.5       ]
  [ 1.63263872  0.46163528 -2.28309833]
  [ 2.03120418 -1.49421955  0.44341952]
  [-1.66882788  0.66908647 -1.82208707]
  [ 0.21638522 -0.60114919 -2.27752561]
  [-0.82004267 -0.26421792 -2.08920379]]]
Experiment	3	-25.24449882812731	51.93254417187269	69734	8	[[[ 1.27101549 -1.6671779  -0.38950356]
  [ 0.53246682 -0.79541961  0.08582077]
  [-1.25261839  0.25673404  0.711587  ]
  [-0.34135807  0.83550729  0.22251205]
  [-0.63985498 -0.27091272 -0.15157456]
  [-1.54549505  0.48271358 -0.70011147]
  [ 1.20403397 -0.881675    1.05538357]
  [ 0.08782452 -2.5        -1.01800713]
  [ 2.11010082 -0.18487328  0.64052606]
  [ 1.36350338 -0.33702775 -0.60455477]
  [-0.55035034  1.28928346  1.28836445]
  [ 0.44498221  2.28773468 -0.64999168]
  [ 1.03779743 -2.04829305 -1.35945792]
  [-2.18340397  1.36823559  0.77767301]
  [ 0.31484719 -0.47271565  1.61400847]
  [ 0.10524244  2.5        -1.78599673]
  [-1.5400048  -2.03720706 -0.13247869]
  [-0.94232911  1.72811276 -2.5       ]
  [ 0.46652633  0.23137399  0.54849301]
  [ 0.29556173  0.40954897 -0.8124936 ]]]
Experiment	4	-22.105775335930478	55.071267664069524	195462	7	[[[-2.17598273  1.29210522  0.83422314]
  [ 1.12811363 -1.78654848 -1.77009748]
  [-1.08971999  1.11470649  0.5622396 ]
  [-0.59975994  0.13749648  0.19210492]
  [ 0.14195945  0.83438288  0.71241253]
  [-2.5        -2.17461383 -0.15306321]
  [ 0.9812287   1.70808842  0.90368166]
  [ 0.04563406 -0.80243398 -0.74454372]
  [ 1.60436399 -1.14028    -0.8212412 ]
  [ 0.732637   -1.66152089 -0.55882127]
  [ 0.00634423  1.34055223 -1.79744116]
  [-1.64910054  0.16971181  0.73773932]
  [-0.91762714 -0.12116621  2.31595035]
  [-0.46060025  1.05146653 -0.33807746]
  [-0.88142781 -0.48658473 -1.59433558]
  [-2.39609063 -0.32359778  2.5       ]
  [-2.5        -0.25974056  1.14826203]
  [ 1.67199782  0.33443153 -0.93307096]
  [ 1.44979572  0.38240657  0.9215445 ]
  [-0.01673738 -0.09141447  1.68145938]]]
Experiment	5	-23.81744971528431	53.359593284715686	179047	7	[[[ 0.42983471  0.15283515  1.21353222]
  [-0.65721837  0.68910713  0.73707888]
  [ 0.11783185 -0.373278   -0.19120181]
  [-0.81720062 -0.74322031 -0.81581833]
  [-1.05237526 -0.32054601  0.52663943]
  [ 1.96021725 -0.39532806  0.51127311]
  [-2.5        -1.08693401 -0.39236958]
  [ 1.47732033 -1.11676991 -0.13059642]
  [ 1.08978241 -0.83030769  0.98207169]
  [-1.12876215  1.8901247   1.40483673]
  [-2.24776861  0.48130246  0.05900516]
  [-1.19017552  0.23963074 -0.35163478]
  [ 1.05614591 -1.31389687 -1.46074585]
  [ 2.48541423 -1.29338456 -2.5       ]
  [-0.80984517  0.3989063   2.5       ]
  [-1.78528284 -2.08254758  0.80925479]
  [-0.5059091  -1.3278921  -0.07198393]
  [-0.65997262 -0.58036769  1.78916484]
  [-1.50846759 -0.24853621 -1.56921775]
  [-0.91428068 -2.48350544  0.29497392]]]
Experiment	6	-24.225199921849132	52.951843078150866	30770	8	[[[-0.58964307 -0.74147289  0.06004115]
  [-0.22285547  0.65348063 -0.86590825]
  [-0.86220083  0.58605563  0.20159035]
  [-2.5         0.37472143 -1.95131362]
  [-1.50377836 -1.17256211  0.64479211]
  [-2.5        -0.95588643  0.96735815]
  [-1.09206719 -0.12199345 -0.86275078]
  [-1.65180129 -1.19666765 -1.19094834]
  [-0.76984747 -1.91470105 -0.70560613]
  [-0.31970814  0.04239491  0.87151349]
  [-1.68507334 -0.41870075 -0.16466625]
  [ 0.17086722  2.30462279  0.14835636]
  [ 0.82962181 -1.33139236 -1.68470058]
  [ 1.11786867  1.40893757 -0.11095359]
  [ 1.70342962 -1.6110413   1.67733762]
  [-1.61999523 -2.5        -1.02698878]
  [ 0.14031457 -1.07734446 -2.5       ]
  [-0.32251767 -1.31658785  1.439383  ]
  [ 0.33208409 -1.48213506  2.37840817]
  [-1.64085084 -0.14339472  1.02850972]]]
Experiment	7	-23.576926690463456	53.600116309536546	19955	9	[[[-0.00279755 -1.36522704  2.00956879]
  [ 1.03678379 -1.22528767 -0.1682319 ]
  [-0.49225486 -0.32874252 -0.70490764]
  [-1.50707857  0.68571067  1.96563461]
  [ 0.46792558 -0.07973314  0.0599852 ]
  [-0.05974425  0.53714759  1.93540935]
  [ 1.28210683  1.28325025 -0.47226372]
  [ 1.37449309  0.93348047  1.0116397 ]
  [ 1.60833036 -0.35287003 -1.03279456]
  [ 0.81847988  2.5         0.26283972]
  [ 2.19398689 -1.14922638 -0.56228964]
  [ 0.38803942 -0.46916846  0.9278121 ]
  [ 0.42146875 -0.3398501   2.45275454]
  [-1.12715378 -0.39009044 -1.9753387 ]
  [ 1.53743139  0.40188006  0.09594553]
  [ 0.38562432  0.71329631 -1.68667783]
  [ 0.56320577  1.03060461  0.30733044]
  [-1.55307565 -2.18025959  1.91661194]
  [ 0.4173397  -0.73486951 -1.27694216]
  [-0.33333462  0.63814174  0.17980588]]]
Experiment	8	-23.21139105303589	53.96565194696411	110647	7	[[[-0.33708842  1.27323613  0.83074211]
  [ 2.5         1.99420736 -2.5       ]
  [ 1.16091871  0.72432813  1.49930325]
  [ 1.03823224  1.23566427  0.52984427]
  [-0.28399004 -1.16853228  1.5914865 ]
  [ 0.22277207  0.38879843  0.93472635]
  [ 0.2161487   0.954462   -2.27866614]
  [ 0.55549845 -2.40182964 -1.65517077]
  [-1.30751102  2.28797795 -2.28687539]
  [ 0.37986714  1.59188872  1.48480562]
  [ 2.20205944  0.11779821  0.41749527]
  [-0.51391072 -0.61832722  0.06132154]
  [ 0.93326678 -1.40389916 -0.49200689]
  [ 2.36188184  0.14528598 -0.96279771]
  [ 0.77754624 -1.72336934 -2.5       ]
  [ 0.67349038  0.41148422 -1.06131684]
  [ 1.3723889   0.85637809 -0.30744296]
  [ 0.14461529  0.90952989 -0.16743435]
  [-0.44199725  1.01246534  1.93948347]
  [ 1.94450525 -0.82062142 -1.03155848]]]
Experiment	9	-22.617574518400634	54.55946848159937	96107	8	[[[-0.1408503   1.43375869  0.11433838]
  [ 0.05906408 -1.85375072  0.77704015]
  [ 0.72096829 -0.57890854  0.83170975]
  [ 1.55942141  0.99633616 -1.74593046]
  [ 1.5326353  -0.38822932 -2.10609911]
  [ 1.06744432  0.72736168  1.43963863]
  [-0.10007917  0.12769067  2.32292404]
  [-2.10919312  2.5        -1.21900058]
  [ 0.61365544 -0.51131757 -0.22232142]
  [ 1.25451875  1.78660787 -0.55782154]
  [ 2.42418955 -1.53063526  2.5       ]
  [ 1.52786551 -1.04766629 -1.31599487]
  [ 2.14748732 -0.28336281  0.38964882]
  [-1.89036241 -0.67945169  0.82207735]
  [-0.03685312  0.31588022  1.00136711]
  [ 0.81732893  0.72483443 -1.06581003]
  [-0.42692416 -1.76602731 -1.0533905 ]
  [ 1.49536363 -0.17965874 -0.50938026]
  [ 1.15790872  0.70187805  0.25127693]
  [-0.14018047 -0.65857972  1.51544348]]]
